DE	Evi1
0	0.5185	0.0741	0.2222	0.1852	N
1	0.7407	0.0370	0.0741	0.1482	A
2	0.0000	0.0370	0.9259	0.0370	G
3	1.0000	0.0000	0.0000	0.0000	A
4	0.0370	0.3704	0.0000	0.5926	Y
5	1.0000	0.0000	0.0000	0.0000	A
6	0.9629	0.0000	0.0370	0.0000	A
7	0.0000	0.0000	1.0000	0.0000	G
8	1.0000	0.0000	0.0000	0.0000	A
9	0.0000	0.1111	0.0000	0.8889	T
10	0.8889	0.0370	0.0000	0.0741	A
11	0.8518	0.0000	0.1482	0.0000	A
12	0.2222	0.2593	0.2593	0.2593	N
13	0.5555	0.2222	0.1111	0.1111	N
XX
DE	GATA2
0	0.2453	0.2453	0.3396	0.1698	N
1	0.0000	0.0943	0.9056	0.0000	G
2	0.9811	0.0000	0.0189	0.0000	A
3	0.0000	0.0000	0.0000	1.0000	T
4	0.4717	0.1321	0.2830	0.1132	N
XX
DE	ID1
0	0.0417	0.0417	0.0833	0.8333	T
1	0.1250	0.1250	0.1667	0.5833	N
2	0.0417	0.0833	0.3750	0.5000	K
3	0.0000	0.3750	0.1250	0.5000	Y
4	0.0000	0.5417	0.1667	0.2917	Y
5	0.0833	0.4583	0.1667	0.2917	N
6	0.1250	0.3333	0.0833	0.4583	N
7	0.0417	0.0417	0.0417	0.8750	T
8	0.3333	0.2083	0.0417	0.4167	N
9	0.0000	0.2500	0.2917	0.4583	N
10	0.0000	0.7083	0.0000	0.2917	C
11	0.0833	0.0000	0.7500	0.1667	G
XX
DE	GATA3
0	0.3968	0.2222	0.0635	0.3175	N
1	0.0000	0.0159	0.9841	0.0000	G
2	0.9682	0.0000	0.0159	0.0159	A
3	0.0000	0.0000	0.0794	0.9206	T
4	0.6190	0.0159	0.0635	0.3016	A
5	0.2381	0.0476	0.5873	0.1270	R
XX
DE	Athb-1
0	0.1200	0.5200	0.1600	0.2000	N
1	0.8400	0.0400	0.0000	0.1200	A
2	1.0000	0.0000	0.0000	0.0000	A
3	0.0000	0.0000	0.0000	1.0000	T
4	0.0000	0.2000	0.0000	0.8000	T
5	0.9600	0.0000	0.0400	0.0000	A
6	0.0400	0.0000	0.0000	0.9600	T
7	0.0000	0.0000	0.0800	0.9200	T
XX
DE	RUSH1-alfa
0	0.2727	0.4545	0.0909	0.1818	N
1	0.2727	0.0909	0.2727	0.3636	N
2	0.0000	0.0909	0.0000	0.9090	T
3	0.6363	0.0000	0.0909	0.2727	A
4	0.0000	0.1818	0.0909	0.7272	T
5	0.1818	0.8181	0.0000	0.0000	C
6	0.0909	0.0000	0.1818	0.7272	T
7	0.0000	0.7272	0.1818	0.0909	C
XX
DE	Evi1
0	0.5185	0.0741	0.2222	0.1852	N
1	0.7407	0.0370	0.0741	0.1482	A
2	0.0000	0.0370	0.9259	0.0370	G
3	1.0000	0.0000	0.0000	0.0000	A
4	0.0370	0.3704	0.0000	0.5926	Y
5	1.0000	0.0000	0.0000	0.0000	A
6	0.9629	0.0000	0.0370	0.0000	A
7	0.0000	0.0000	1.0000	0.0000	G
8	1.0000	0.0000	0.0000	0.0000	A
9	0.0000	0.1111	0.0000	0.8889	T
10	0.8889	0.0370	0.0000	0.0741	A
11	0.8518	0.0000	0.1482	0.0000	A
12	0.2222	0.2593	0.2593	0.2593	N
13	0.5555	0.2222	0.1111	0.1111	N
XX
DE	GATA2
0	0.2453	0.2453	0.3396	0.1698	N
1	0.0000	0.0943	0.9056	0.0000	G
2	0.9811	0.0000	0.0189	0.0000	A
3	0.0000	0.0000	0.0000	1.0000	T
4	0.4717	0.1321	0.2830	0.1132	N
XX
DE	GATA3
0	0.3968	0.2222	0.0635	0.3175	N
1	0.0000	0.0159	0.9841	0.0000	G
2	0.9682	0.0000	0.0159	0.0159	A
3	0.0000	0.0000	0.0794	0.9206	T
4	0.6190	0.0159	0.0635	0.3016	A
5	0.2381	0.0476	0.5873	0.1270	R
XX
DE	ARR10
0	0.9333	0.0667	0.0000	0.0000	A
1	0.0000	0.0000	1.0000	0.0000	G
2	0.9333	0.0000	0.0667	0.0000	A
3	0.0000	0.0000	0.0000	1.0000	T
4	0.2667	0.4000	0.0000	0.3333	N
5	0.0667	0.5333	0.0000	0.4000	Y
6	0.0000	0.0000	0.6000	0.4000	K
7	0.2000	0.4000	0.2667	0.1333	N
XX
DE	Evi1
0	0.5185	0.0741	0.2222	0.1852	N
1	0.7407	0.0370	0.0741	0.1482	A
2	0.0000	0.0370	0.9259	0.0370	G
3	1.0000	0.0000	0.0000	0.0000	A
4	0.0370	0.3704	0.0000	0.5926	Y
5	1.0000	0.0000	0.0000	0.0000	A
6	0.9629	0.0000	0.0370	0.0000	A
7	0.0000	0.0000	1.0000	0.0000	G
8	1.0000	0.0000	0.0000	0.0000	A
9	0.0000	0.1111	0.0000	0.8889	T
10	0.8889	0.0370	0.0000	0.0741	A
11	0.8518	0.0000	0.1482	0.0000	A
12	0.2222	0.2593	0.2593	0.2593	N
13	0.5555	0.2222	0.1111	0.1111	N
XX
DE	GATA2
0	0.2453	0.2453	0.3396	0.1698	N
1	0.0000	0.0943	0.9056	0.0000	G
2	0.9811	0.0000	0.0189	0.0000	A
3	0.0000	0.0000	0.0000	1.0000	T
4	0.4717	0.1321	0.2830	0.1132	N
XX
DE	ID1
0	0.0417	0.0417	0.0833	0.8333	T
1	0.1250	0.1250	0.1667	0.5833	N
2	0.0417	0.0833	0.3750	0.5000	K
3	0.0000	0.3750	0.1250	0.5000	Y
4	0.0000	0.5417	0.1667	0.2917	Y
5	0.0833	0.4583	0.1667	0.2917	N
6	0.1250	0.3333	0.0833	0.4583	N
7	0.0417	0.0417	0.0417	0.8750	T
8	0.3333	0.2083	0.0417	0.4167	N
9	0.0000	0.2500	0.2917	0.4583	N
10	0.0000	0.7083	0.0000	0.2917	C
11	0.0833	0.0000	0.7500	0.1667	G
XX
DE	GATA3
0	0.3968	0.2222	0.0635	0.3175	N
1	0.0000	0.0159	0.9841	0.0000	G
2	0.9682	0.0000	0.0159	0.0159	A
3	0.0000	0.0000	0.0794	0.9206	T
4	0.6190	0.0159	0.0635	0.3016	A
5	0.2381	0.0476	0.5873	0.1270	R
XX
DE	Athb-1
0	0.1200	0.5200	0.1600	0.2000	N
1	0.8400	0.0400	0.0000	0.1200	A
2	1.0000	0.0000	0.0000	0.0000	A
3	0.0000	0.0000	0.0000	1.0000	T
4	0.0000	0.2000	0.0000	0.8000	T
5	0.9600	0.0000	0.0400	0.0000	A
6	0.0400	0.0000	0.0000	0.9600	T
7	0.0000	0.0000	0.0800	0.9200	T
XX
