DE	T01526
0	64	20	13	3	a
1	71	3	13	13	a
2	13	8	0	79	t
3	10	0	13	77	T
4	0	0	0	100	T
5	10	69	18	3	C
6	95	0	5	0	A
7	0	100	0	0	C
8	100	0	0	0	A
9	0	100	0	0	C
10	0	100	0	0	C
11	0	0	0	100	T
12	94	0	3	3	A
13	5	20	70	5	G
14	5	5	85	5	g
15	0	5	0	95	t
16	0	0	100	0	g
17	8	18	0	74	t
18	0	48	47	5	s
19	92	0	5	3	a
20	18	39	30	13	n
21	28	0	35	37	n
XX
DE	T01128
0	36	14	21	29	N
1	21	36	36	7	N
2	0	100	0	0	C
3	100	0	0	0	A
4	7	51	21	21	N
5	0	86	7	7	C
6	0	0	0	100	T
7	0	0	100	0	G
8	14	29	14	43	N
9	0	64	0	36	C
XX
DE	T00665
0	21	51	10	18	N
1	8	0	8	84	T
2	18	45	21	16	N
3	86	14	0	0	A
4	0	0	0	100	T
5	0	0	0	100	T
6	15	0	0	85	T
7	0	0	85	15	G
8	0	100	0	0	C
9	91	0	9	0	A
10	0	0	0	100	T
11	65	0	25	10	A
12	13	48	6	33	Y
XX
DE	T01614
0	100	0	0	0	A
1	0	0	0	100	T
2	0	0	100	0	G
3	100	0	0	0	A
4	0	50	0	50	Y
5	63	3	10	24	A
XX
DE	T01615
0	60	10	20	10	A
1	10	30	30	30	N
2	0	40	0	60	T
3	0	0	100	0	G
4	0	0	0	100	T
5	0	0	100	0	G
6	30	0	70	0	G
7	0	0	100	0	G
8	100	0	0	0	A
9	100	0	0	0	A
10	50	50	0	0	M
11	10	70	10	10	C
12	10	20	40	30	N
XX
DE	T02302
0	87	2	9	2	A
1	0	0	0	100	T
2	6	0	92	2	G
3	0	98	2	0	C
4	2	0	88	10	G
5	0	0	100	0	G
6	2	0	98	0	G
7	0	31	5	64	T
XX
DE	T00349
0	0	14	36	50	k
1	7	36	36	21	n
2	0	4	0	96	T
3	20	20	33	27	N
4	93	0	7	0	A
5	0	0	0	100	T
6	0	0	0	100	T
7	0	0	100	0	G
8	0	0	100	0	G
9	15	15	0	70	T
10	0	36	35	29	n
11	7	21	65	7	g
12	50	0	43	7	r
XX
DE	T02637
0	19	67	6	8	c
1	20	0	0	80	T
2	0	0	100	0	G
3	2	2	19	77	T
4	3	7	8	82	T
5	2	0	96	2	G
XX
DE	T02692
0	43	19	13	25	N
1	43	13	6	38	W
2	25	19	25	31	N
3	56	6	0	38	W
4	100	0	0	0	A
5	100	0	0	0	A
6	100	0	0	0	A
7	0	0	100	0	G
8	25	44	6	25	N
9	19	19	56	6	N
10	44	31	19	6	N
XX
DE	T04675
0	60	20	20	0	A
1	60	0	0	40	A
2	0	50	33	17	S
3	7	60	13	20	C
4	67	13	7	13	A
5	7	67	13	13	C
6	100	0	0	0	A
7	100	0	0	0	A
8	0	7	7	86	T
9	93	7	0	0	A
10	0	73	7	20	C
11	27	46	7	20	N
12	46	27	27	0	N
13	60	27	13	0	A
XX
DE	T04679
0	21	17	17	45	N
1	21	36	17	26	N
2	50	0	50	0	R
3	100	0	0	0	A
4	2	0	0	98	T
5	2	0	0	98	T
6	88	0	12	0	A
7	67	12	14	7	A
8	21	12	14	53	N
9	29	26	24	21	N
XX
DE	T02111
0	6	9	19	66	T
1	72	0	13	15	A
2	0	0	0	100	T
3	100	0	0	0	A
4	100	0	0	0	A
5	85	2	9	4	A
6	6	6	13	75	T
7	44	9	9	38	W
XX
DE	T04728
0	0	10	90	0	G
1	60	10	10	20	A
2	10	0	30	60	T
3	10	0	10	80	T
4	10	0	0	90	T
5	100	0	0	0	A
6	80	10	0	10	A
7	10	70	0	20	C
8	60	0	30	10	A
9	10	10	0	80	T
10	80	10	10	0	A
11	60	0	20	20	A
XX
DE	T04783
0	0	11	45	44	K
1	22	34	22	22	N
2	30	60	10	0	C
3	0	0	0	100	T
4	0	0	0	100	T
5	100	0	0	0	A
6	0	0	0	100	T
7	0	82	18	0	C
8	46	27	18	9	N
9	18	27	37	18	N
10	22	34	11	33	N
XX
DE	T02639
0	0	94	0	6	C
1	88	3	6	3	A
2	0	100	0	0	C
3	66	3	31	0	A
4	26	15	44	15	N
5	47	3	3	47	W
6	0	6	3	91	T
7	15	70	0	15	C
8	0	100	0	0	C
9	0	97	0	3	C
10	30	4	57	9	R
11	95	0	0	5	A
12	14	0	45	41	K
13	9	0	91	0	G
XX
DE	T00772
0	13	0	25	62	T
1	0	0	87	13	G
2	0	0	0	100	T
3	0	0	0	100	T
4	0	0	0	100	T
5	0	100	0	0	C
6	100	0	0	0	A
7	0	0	0	100	t
XX
DE	T03707
0	5	3	14	78	t
1	0	50	0	50	Y
2	0	50	0	50	Y
3	0	0	100	0	G
4	92	0	8	0	A
5	21	3	74	2	G
6	14	0	72	14	g
7	41	5	5	49	w
XX
DE	AAH36092
0	64	3	26	7	A
1	17	62	6	15	C
2	0	100	0	0	C
3	94	3	3	0	A
4	0	97	0	3	C
5	6	0	94	0	G
6	0	0	0	100	T
7	0	0	97	3	G
8	20	31	35	14	N
9	5	19	5	71	t
XX
DE	T00179
0	0	100	0	0	C
1	100	0	0	0	A
2	0	0	100	0	G
3	0	100	0	0	C
4	65	5	25	5	A
5	65	5	25	5	A
6	86	0	7	7	A
7	100	0	0	0	A
8	66	0	27	7	A
9	75	0	25	0	a
10	33	0	67	0	g
XX
DE	Q05958
0	0	0	0	100	T
1	0	100	0	0	C
2	0	0	100	0	G
3	0	0	0	100	T
4	100	0	0	0	A
5	0	0	0	100	T
6	100	0	0	0	A
XX
DE	P42950
0	0	100	0	0	C
1	0	100	0	0	C
2	0	0	100	0	G
3	25	25	25	25	N
4	25	25	25	25	N
5	25	25	25	25	N
6	25	25	25	25	N
7	25	25	25	25	N
8	25	25	25	25	N
9	25	25	25	25	N
10	25	25	25	25	N
11	13	61	13	13	C
12	0	100	0	0	C
13	0	50	50	0	S
14	0	0	100	0	g
XX
DE	T01265
0	0	50	0	50	Y
1	0	0	100	0	G
2	75	25	0	0	A
3	0	0	100	0	G
4	0	100	0	0	C
5	100	0	0	0	A
6	100	0	0	0	A
7	100	0	0	0	A
8	50	0	0	50	w
9	50	0	0	50	w
10	50	0	0	50	w
XX
DE	T03480
0	100	0	0	0	A
1	0	100	0	0	C
2	0	0	100	0	G
3	0	100	0	0	C
4	0	0	100	0	G
5	0	0	0	100	T
XX
DE	T03513
0	0	0	100	0	G
1	25	25	25	25	N
2	0	100	0	0	C
3	50	0	50	0	R
4	0	100	0	0	C
5	100	0	0	0	A
6	100	0	0	0	A
7	100	0	0	0	A
8	50	0	0	50	W
XX
DE	Q06149
0	0	0	0	100	T
1	0	100	0	0	C
2	0	100	0	0	C
3	0	0	100	0	G
4	34	33	0	33	N
5	0	0	100	0	G
6	0	0	100	0	G
7	100	0	0	0	A
XX
DE	P07272
0	0	100	0	0	C
1	0	0	100	0	G
2	0	0	100	0	G
3	25	25	25	25	N
4	25	25	25	25	N
5	25	25	25	25	N
6	25	25	25	25	N
7	25	25	25	25	N
8	25	25	25	25	N
9	0	100	0	0	C
10	0	100	0	0	C
11	0	0	100	0	G
XX
DE	T03590
0	100	0	0	0	A
1	0	0	100	0	G
2	100	0	0	0	A
3	100	0	0	0	A
4	25	25	25	25	N
5	0	0	0	100	T
6	0	0	0	100	T
7	0	100	0	0	C
8	0	100	0	0	C
XX
DE	T03600
0	0	100	0	0	C
1	0	0	100	0	G
2	0	0	100	0	G
3	42	25	8	25	N
4	0	44	11	45	Y
5	17	33	33	17	N
6	83	0	17	0	A
7	83	0	17	0	A
8	19	19	8	54	N
9	0	0	100	0	G
10	0	0	100	0	G
11	59	8	25	8	R
XX
DE	T03481
0	22	0	78	0	g
1	0	0	58	42	K
2	0	93	0	7	C
3	0	22	0	78	T
4	0	12	88	0	G
5	0	0	100	0	G
6	0	71	29	0	C
7	0	100	0	0	c
XX
DE	Q12151
0	0	100	0	0	c
1	0	0	0	100	T
2	75	0	25	0	A
3	50	0	0	50	W
4	100	0	0	0	A
5	0	100	0	0	C
6	0	0	100	0	G
7	100	0	0	0	A
XX
DE	Q12172
0	50	0	0	50	W
1	0	100	0	0	C
2	0	100	0	0	C
3	0	0	100	0	G
4	0	50	0	50	Y
5	0	0	50	50	K
6	0	0	50	50	K
7	50	0	0	50	W
8	50	0	0	50	W
XX
DE	Q24248
0	0	0	0	100	T
1	0	0	0	100	T
2	50	0	50	0	R
3	100	0	0	0	A
4	0	0	0	100	T
5	0	0	0	100	T
XX
DE	Q9W0K7
0	27	0	9	64	t
1	66	19	5	10	A
2	83	0	0	17	A
3	30	25	0	45	N
4	66	6	0	28	A
5	68	0	0	32	A
6	20	9	0	71	T
7	63	0	0	37	A
8	78	0	0	22	A
9	10	5	5	80	T
10	46	6	17	31	N
11	0	0	67	33	g
XX
DE	bin
0	0	20	0	80	t
1	0	100	0	0	c
2	0	20	40	40	n
3	0	40	0	60	y
4	0	0	0	100	T
5	50	0	50	0	R
6	0	0	10	90	T
7	10	0	0	90	T
8	10	0	0	90	T
9	100	0	0	0	A
10	0	50	0	50	y
XX
DE	P55965
0	50	0	50	0	r
1	50	0	0	50	w
2	50	0	0	50	w
3	25	25	25	25	n
4	11	0	0	89	T
5	24	34	13	29	N
6	31	0	63	6	G
7	0	100	0	0	C
8	94	0	6	0	A
9	6	94	0	0	C
10	17	36	0	47	Y
11	6	0	0	94	T
XX
DE	Espl
0	0	25	0	75	T
1	0	0	75	25	G
2	0	0	0	100	T
3	0	0	100	0	G
4	25	50	25	0	N
5	0	100	0	0	C
6	25	25	25	25	N
7	0	50	25	25	N
8	0	25	75	0	G
9	0	0	0	100	T
10	0	0	100	0	G
11	0	75	25	0	C
XX
DE	O18381
0	0	67	0	33	C
1	0	67	0	33	C
2	0	100	0	0	C
3	67	33	0	0	A
4	0	100	0	0	C
5	0	0	0	100	T
6	0	100	0	0	C
7	100	0	0	0	A
8	0	67	0	33	C
9	0	0	33	67	T
10	0	34	33	33	N
11	0	0	100	0	G
12	0	0	67	33	G
13	0	67	33	0	C
14	67	0	0	33	A
15	34	33	33	0	N
16	100	0	0	0	A
17	67	33	0	0	A
XX
DE	P39572
0	62	13	0	25	a
1	25	0	13	62	t
2	30	6	17	47	N
3	59	11	30	0	R
4	42	47	0	11	M
5	12	24	64	0	G
6	0	17	18	65	T
7	63	37	0	0	A
8	100	0	0	0	A
9	18	13	6	63	T
10	93	7	0	0	A
11	75	0	0	25	A
12	22	0	0	78	t
XX
DE	Q9U1H0
0	0	0	0	100	T
1	0	50	0	50	Y
2	0	100	0	0	C
3	50	0	50	0	R
4	0	0	50	50	K
5	0	0	100	0	G
6	0	0	100	0	G
7	0	0	100	0	G
8	0	100	0	0	C
9	0	0	100	0	G
10	0	0	0	100	T
11	0	0	0	100	T
12	50	0	50	0	R
13	0	100	0	0	C
XX
DE	Med
0	74	13	13	0	a
1	13	38	13	36	n
2	25	13	25	37	n
3	0	38	49	13	s
4	19	48	26	7	N
5	32	68	0	0	C
6	62	25	0	13	A
7	0	0	100	0	G
8	37	31	13	19	N
9	0	93	7	0	C
10	31	7	62	0	G
11	25	62	13	0	c
XX
DE	P52172
0	3	41	9	47	y
1	9	56	35	0	s
2	0	26	13	61	T
3	0	0	0	100	T
4	87	13	0	0	A
5	13	0	0	87	T
6	0	87	13	0	C
7	19	0	71	10	G
8	26	37	32	5	N
9	0	25	0	75	t
10	50	0	0	50	w
11	0	0	100	0	g
12	75	25	0	0	a
13	0	25	25	50	n
XX
DE	tin
0	0	100	0	0	C
1	97	3	0	0	A
2	10	90	0	0	C
3	0	5	0	95	T
4	0	0	0	100	T
5	37	13	50	0	R
6	87	5	8	0	A
XX
DE	Q95RW8
0	0	100	0	0	C
1	20	80	0	0	C
2	40	40	20	0	M
3	20	80	0	0	C
4	0	0	0	100	T
5	0	100	0	0	C
6	100	0	0	0	A
7	0	60	0	40	C
8	0	20	20	60	T
9	0	60	40	0	C
10	60	0	40	0	A
11	0	20	20	60	T
XX
DE	P29617
0	0	100	0	0	C
1	80	0	0	20	A
2	7	33	0	60	T
3	13	27	40	20	N
4	27	13	27	33	N
5	7	93	0	0	C
6	0	20	0	80	T
XX
DE	d-mtTFA
0	0	0	0	100	T
1	0	0	0	100	T
2	100	0	0	0	A
3	0	0	0	100	T
4	0	82	18	0	C
XX
DE	P98149
0	9	0	88	3	G
1	0	0	100	0	G
2	0	0	100	0	G
3	0	0	100	0	G
4	100	0	0	0	A
5	56	0	0	44	W
6	0	3	0	97	T
7	0	100	0	0	C
8	16	84	0	0	C
9	3	94	0	3	C
10	16	50	9	25	N
XX
DE	T00956
0	9	26	39	26	N
1	13	26	13	48	N
2	48	8	44	0	R
3	42	27	12	19	N
4	15	33	22	30	N
5	100	0	0	0	A
6	3	88	3	6	C
7	88	0	0	12	A
8	100	0	0	0	A
9	18	0	3	79	T
10	3	6	85	6	G
11	0	3	0	97	T
12	45	10	19	26	N
13	27	10	27	36	N
14	0	52	22	26	N
15	27	19	23	31	N
16	19	27	23	31	N
XX
DE	eyg
0	15	15	42	28	N
1	42	29	26	3	N
2	33	7	45	15	N
3	8	11	21	60	T
4	45	5	43	7	R
5	23	30	18	29	N
6	0	12	5	83	T
7	0	87	3	10	C
8	100	0	0	0	A
9	2	98	0	0	C
10	0	0	0	100	T
11	1	26	73	0	G
12	73	3	24	0	A
13	20	18	42	20	N
14	14	15	16	55	N
15	38	27	30	5	N
16	21	37	15	27	N
17	23	4	43	30	N
18	16	37	18	29	N
XX
DE	mirr
0	37	14	36	13	N
1	49	12	8	31	W
2	51	0	0	49	W
3	56	5	12	27	W
4	64	8	14	14	A
5	1	81	18	0	C
6	58	5	4	33	W
7	4	39	25	32	N
8	25	0	55	20	R
9	10	22	9	59	Y
10	13	30	57	0	S
11	14	8	17	61	T
12	31	17	18	34	N
13	43	34	13	10	N
14	51	14	12	23	N
XX
DE	P52168
0	100	0	0	0	A
1	20	20	20	40	N
2	34	25	8	33	N
3	20	13	34	33	N
4	20	13	27	40	N
5	11	34	33	22	N
6	26	32	0	42	N
7	0	0	100	0	G
8	100	0	0	0	A
9	0	0	0	100	T
10	100	0	0	0	A
11	70	10	10	10	A
12	0	21	63	16	G
13	13	31	50	6	S
14	33	7	40	20	N
15	23	23	31	23	N
16	25	25	33	17	N
17	8	25	25	42	N
XX
DE	Q94527
0	6	13	71	10	G
1	0	0	100	0	G
2	0	0	100	0	G
3	0	0	100	0	G
4	100	0	0	0	A
5	55	10	3	32	W
6	6	20	16	58	N
7	3	81	0	16	C
8	48	52	0	0	M
9	0	94	0	6	C
10	19	39	23	19	N
XX
DE	Q24533
0	25	0	25	50	N
1	75	0	0	25	A
2	0	75	0	25	C
3	100	0	0	0	A
4	75	25	0	0	A
5	25	0	0	75	T
XX
DE	ind
0	9	9	9	73	T
1	0	18	0	82	T
2	0	46	36	18	S
3	73	9	9	9	A
4	100	0	0	0	A
5	0	9	0	91	T
6	46	0	36	18	R
7	100	0	0	0	A
8	100	0	0	0	A
XX
DE	P51023
0	63	6	6	25	A
1	6	75	13	6	C
2	13	75	6	6	C
3	6	0	88	6	G
4	6	0	94	0	G
5	100	0	0	0	A
6	87	0	0	13	A
7	44	0	50	6	R
XX
DE	At2g47190
0	0	100	0	0	C
1	0	0	0	100	T
2	100	0	0	0	A
3	100	0	0	0	A
4	0	100	0	0	C
5	0	100	0	0	C
6	100	0	0	0	A
XX
DE	Q39204
0	0	100	0	0	C
1	100	0	0	0	A
2	0	100	0	0	C
3	100	0	0	0	A
4	0	0	0	100	T
5	0	0	100	0	G
XX
DE	T02636
0	0	0	0	100	T
1	0	0	100	0	G
2	0	0	100	0	G
3	0	100	0	0	C
4	0	100	0	0	C
5	0	0	100	0	G
6	100	0	0	0	A
7	0	100	0	0	C
XX
DE	At2g46830
0	0	0	0	100	T
1	100	0	0	0	A
2	0	0	100	0	G
3	100	0	0	0	A
4	0	0	0	100	T
5	0	0	0	100	T
6	0	0	50	50	K
7	0	0	0	100	T
8	0	0	0	100	T
9	0	0	0	100	T
XX
DE	T02652
0	0	0	0	100	T
1	0	0	0	100	T
2	0	100	0	0	C
3	100	0	0	0	A
4	100	0	0	0	A
5	0	0	100	0	G
6	0	0	100	0	G
7	0	0	100	0	G
8	0	0	100	0	G
9	0	0	100	0	G
10	0	100	0	0	C
11	100	0	0	0	A
12	0	0	0	100	T
13	0	0	100	0	G
14	0	0	0	100	T
15	100	0	0	0	A
16	0	0	0	100	T
17	0	100	0	0	C
18	0	0	0	100	T
19	0	0	0	100	T
20	0	0	100	0	G
21	100	0	0	0	A
22	100	0	0	0	A
XX
DE	T02649
0	0	0	100	0	G
1	0	100	0	0	C
2	0	100	0	0	C
3	0	0	100	0	G
4	0	100	0	0	C
5	0	100	0	0	C
XX
DE	Q9LV52
0	100	0	0	0	A
1	0	0	100	0	G
2	100	0	0	0	A
3	100	0	0	0	A
4	25	25	25	25	N
5	25	25	25	25	N
6	0	0	0	100	T
7	0	0	0	100	T
8	0	100	0	0	C
9	0	0	0	100	T
XX
DE	At3g09230
0	50	50	0	0	M
1	0	0	0	100	T
2	0	100	0	0	C
3	0	100	0	0	C
4	50	0	0	50	W
5	100	0	0	0	A
6	0	100	0	0	C
7	0	100	0	0	C
XX
DE	Q9FJA2
0	100	0	0	0	A
1	50	0	50	0	R
2	0	50	0	50	Y
3	0	25	25	50	N
4	100	0	0	0	A
5	0	0	100	0	G
6	0	0	0	100	T
7	0	0	0	100	T
8	100	0	0	0	A
XX
DE	At1g22640
0	0	0	0	100	T
1	100	0	0	0	A
2	100	0	0	0	A
3	0	100	0	0	C
4	0	0	0	100	T
5	100	0	0	0	A
6	100	0	0	0	A
7	0	100	0	0	C
XX
DE	Q9SZP1
0	100	0	0	0	A
1	50	50	0	0	M
2	0	100	0	0	C
3	50	0	0	50	W
4	100	0	0	0	A
5	50	50	0	0	M
6	0	100	0	0	C
XX
DE	P82280
0	0	100	0	0	C
1	100	0	0	0	A
2	0	100	0	0	C
3	0	100	0	0	C
4	0	0	0	100	T
5	0	0	100	0	G
XX
DE	Q9LZM8
0	67	0	0	33	A
1	0	67	0	33	C
2	0	0	0	100	T
3	100	0	0	0	A
4	100	0	0	0	A
5	0	0	0	100	T
6	0	0	0	100	T
7	0	0	0	100	T
XX
DE	T00207
0	64	10	18	8	A
1	50	41	8	1	M
2	0	100	0	0	C
3	100	0	0	0	A
4	1	44	10	45	Y
5	2	97	1	0	C
6	0	0	0	100	T
7	0	0	100	0	G
8	2	31	18	49	Y
XX
DE	T00036
0	0	84	16	0	C
1	84	11	0	5	A
2	0	0	100	0	G
3	0	100	0	0	C
4	0	0	7	93	T
5	0	7	93	0	G
XX
DE	T01430
0	43	8	21	28	N
1	30	18	21	31	N
2	49	18	15	18	N
3	13	15	3	69	T
4	5	0	92	3	G
5	23	74	0	3	C
6	5	5	0	90	T
7	3	5	84	8	G
8	95	0	5	0	A
9	0	87	0	13	C
10	13	13	15	59	N
11	21	53	18	8	N
12	58	3	18	21	N
13	3	0	92	5	G
14	10	75	10	5	C
15	61	13	18	8	A
16	18	46	15	21	N
17	31	28	23	18	N
18	30	26	23	21	N
XX
DE	T00893
0	25	33	21	21	N
1	8	46	13	33	N
2	25	0	62	13	G
3	83	0	17	0	A
4	0	0	0	100	T
5	0	0	100	0	G
6	100	0	0	0	A
7	0	100	0	0	C
8	0	0	100	0	G
9	0	0	0	100	T
10	0	100	0	0	C
11	100	0	0	0	A
12	0	8	4	88	T
13	21	33	17	29	N
14	13	53	17	17	N
15	21	41	0	38	N
XX
DE	T01440
0	22	22	0	56	N
1	22	0	78	0	G
2	11	89	0	0	C
3	0	0	0	100	T
4	0	0	100	0	G
5	100	0	0	0	A
6	0	33	67	0	G
7	0	0	11	89	T
8	0	89	0	11	C
9	89	11	0	0	A
10	11	45	0	44	Y
XX
DE	T00321
0	15	6	3	76	t
1	9	10	74	7	G
2	78	22	0	0	A
3	11	5	84	0	G
4	0	3	0	97	T
5	4	78	18	0	C
6	96	4	0	0	a
XX
DE	T00989
0	9	18	62	11	g
1	12	23	44	21	n
2	0	0	0	100	T
3	0	0	95	5	G
4	100	0	0	0	A
5	0	99	1	0	C
6	2	1	96	1	G
7	5	25	3	67	T
8	50	38	6	6	M
XX
DE	T00164
0	9	18	62	11	g
1	12	23	44	21	n
2	0	0	0	100	T
3	0	0	95	5	G
4	100	0	0	0	A
5	0	99	1	0	C
6	2	1	96	1	G
7	5	25	3	67	T
8	50	38	6	6	M
XX
DE	T00163
0	66	3	26	5	A
1	1	96	1	2	C
2	0	1	99	0	G
3	0	0	0	100	T
4	6	94	0	0	C
5	100	0	0	0	A
6	20	44	20	16	n
7	9	63	18	10	c
8	27	54	17	2	m
XX
DE	T00166
0	65	4	26	5	A
1	2	97	1	0	C
2	0	2	98	0	G
3	0	0	0	100	T
4	8	92	0	0	C
5	100	0	0	0	A
6	32	37	8	23	n
7	0	78	11	11	c
8	27	54	17	2	m
XX
DE	T00165
0	9	9	16	66	t
1	36	16	19	29	N
2	3	7	32	58	K
3	49	4	44	3	R
4	2	97	1	0	C
5	0	2	98	0	G
6	0	0	0	100	T
7	7	93	0	0	C
8	100	0	0	0	A
9	26	36	6	32	n
10	0	83	7	10	c
11	19	62	16	3	c
XX
DE	T01311
0	9	9	16	66	t
1	36	16	19	29	N
2	3	7	32	58	K
3	49	4	44	3	R
4	2	97	1	0	C
5	0	2	98	0	G
6	0	0	0	100	T
7	7	93	0	0	C
8	100	0	0	0	A
9	26	36	6	32	n
10	0	83	7	10	c
11	19	62	16	3	c
XX
DE	T00167
0	6	5	2	87	T
1	16	2	35	47	K
2	95	0	5	0	A
3	0	94	1	5	C
4	0	0	100	0	G
5	0	0	0	100	T
6	28	70	0	2	C
7	99	0	1	0	A
XX
DE	T00690
0	43	57	0	0	M
1	97	0	3	0	A
2	0	100	0	0	C
3	0	0	100	0	G
4	0	0	0	100	T
5	0	0	100	0	G
XX
DE	T01448
0	73	1	24	2	A
1	35	61	3	1	C
2	0	100	0	0	C
3	100	0	0	0	A
4	2	7	2	89	T
5	1	99	0	0	C
6	0	0	0	100	T
7	0	0	100	0	G
8	4	4	26	66	T
9	12	14	5	69	T
XX
DE	T00790
0	83	2	12	3	A
1	43	54	2	1	M
2	0	99	1	0	C
3	100	0	0	0	A
4	0	5	16	79	T
5	16	84	0	0	C
6	0	0	0	100	T
7	0	0	99	1	G
8	0	8	36	56	K
9	8	18	7	67	T
XX
DE	T00345
0	20	30	35	15	N
1	26	31	26	17	N
2	12	16	56	16	N
3	19	15	58	8	N
4	0	96	0	4	C
5	80	12	0	8	A
6	0	100	0	0	C
7	3	0	94	3	G
8	0	83	7	10	C
9	0	12	71	17	G
10	36	41	18	5	N
11	5	61	24	10	C
12	47	21	11	21	N
13	15	15	31	39	N
XX
DE	T00459
0	6	0	3	91	T
1	3	3	29	65	T
2	31	0	43	26	N
3	21	23	18	38	N
4	0	6	91	3	G
5	22	59	0	19	M
6	97	3	0	0	A
7	97	3	0	0	A
XX
DE	T00017
0	6	0	3	91	T
1	3	3	29	65	T
2	31	0	43	26	N
3	21	23	18	38	N
4	0	6	91	3	G
5	22	59	0	19	M
6	97	3	0	0	A
7	97	3	0	0	A
XX
DE	T01388
0	9	22	61	8	G
1	6	76	2	16	C
2	95	3	0	2	A
3	87	8	2	3	A
4	22	18	8	52	N
XX
DE	T00104
0	11	9	11	69	T
1	11	6	32	51	K
2	34	9	21	36	N
3	11	18	33	38	N
4	6	14	74	6	G
5	13	55	3	29	Y
6	91	2	3	4	A
7	93	1	2	4	A
XX
DE	T00108
0	5	15	75	5	G
1	8	73	1	18	C
2	97	2	0	1	A
3	90	6	2	2	A
4	13	15	14	58	N
XX
DE	T00140
0	2	98	0	0	C
1	93	0	5	2	A
2	0	89	0	11	C
3	2	0	98	0	G
4	0	0	0	100	T
5	0	0	100	0	G
6	17	21	46	16	N
7	10	20	10	60	T
XX
DE	T00141
0	2	98	0	0	C
1	93	0	5	2	A
2	0	89	0	11	C
3	2	0	98	0	G
4	0	0	0	100	T
5	0	0	100	0	G
6	17	21	46	16	N
7	10	20	10	60	T
XX
DE	T00489
0	2	98	0	0	C
1	93	0	5	2	A
2	0	90	0	10	C
3	2	0	98	0	G
4	0	0	0	100	T
5	0	0	100	0	G
6	15	22	46	17	N
7	8	18	5	69	T
XX
DE	T00019
0	0	100	0	0	C
1	100	0	0	0	A
2	0	100	0	0	C
3	1	0	99	0	G
4	1	99	0	0	C
5	43	7	36	14	N
6	82	13	2	3	A
XX
DE	T00125
0	8	5	23	64	T
1	17	8	54	21	N
2	63	14	8	15	A
3	6	14	78	2	G
4	0	0	0	100	T
5	2	97	0	1	C
6	100	0	0	0	A
XX
DE	T02205
0	35	12	47	6	R
1	18	29	53	0	S
2	0	0	0	100	T
3	0	0	100	0	G
4	100	0	0	0	A
5	0	94	0	6	C
6	18	12	18	52	N
7	24	40	12	24	N
8	53	35	6	6	M
9	24	18	40	18	N
10	35	18	6	41	N
XX
DE	T01976
0	35	12	47	6	R
1	18	29	53	0	S
2	0	0	0	100	T
3	0	0	100	0	G
4	100	0	0	0	A
5	0	94	0	6	C
6	18	12	18	52	N
7	24	40	12	24	N
8	53	35	6	6	M
9	24	18	40	18	N
10	35	18	6	41	N
XX
DE	T02830
0	35	12	47	6	R
1	18	29	53	0	S
2	0	0	0	100	T
3	0	0	100	0	G
4	100	0	0	0	A
5	0	94	0	6	C
6	18	12	18	52	N
7	24	40	12	24	N
8	53	35	6	6	M
9	24	18	40	18	N
10	35	18	6	41	N
XX
DE	T02056
0	29	29	42	0	N
1	0	29	57	14	S
2	0	0	0	100	T
3	0	0	100	0	G
4	100	0	0	0	A
5	0	100	0	0	C
6	0	0	100	0	G
7	0	14	0	86	T
8	57	43	0	0	M
9	72	0	14	14	A
10	14	57	29	0	S
11	14	29	14	43	N
XX
DE	T00028
0	0	0	0	100	T
1	0	0	68	32	G
2	100	0	0	0	A
3	0	90	8	2	C
4	21	0	0	79	T
5	64	36	0	0	A
6	100	0	0	0	A
XX
DE	T01556
0	19	9	68	4	G
1	4	2	6	88	T
2	0	50	50	0	S
3	50	0	50	0	R
4	0	37	59	4	S
5	4	2	94	0	G
6	0	0	0	100	T
7	0	0	100	0	G
8	96	0	2	2	A
9	2	23	2	73	T
XX
DE	T01569
0	17	7	62	14	g
1	14	31	31	24	N
2	34	0	54	12	R
3	7	7	2	84	T
4	2	94	2	2	C
5	0	0	0	100	T
6	0	0	100	0	G
7	0	10	87	3	G
8	33	47	3	17	N
9	54	2	10	34	W
XX
DE	T00881
0	22	11	61	6	G
1	0	0	0	100	T
2	0	0	0	100	T
3	83	6	11	0	A
4	0	77	6	17	C
5	44	0	56	0	R
6	0	0	0	100	T
7	64	36	0	0	A
8	91	0	0	9	A
9	9	9	27	55	K
XX
DE	T01346
0	8	17	70	5	g
1	22	23	52	3	n
2	26	28	35	11	n
3	29	34	14	23	n
4	21	23	29	27	N
5	24	14	46	16	N
6	16	7	38	39	N
7	0	100	0	0	C
8	100	0	0	0	A
9	0	100	0	0	C
10	1	0	99	0	G
11	1	51	0	48	Y
12	24	2	66	8	G
13	63	21	6	10	A
XX
DE	T01798
0	8	17	70	5	g
1	22	23	52	3	n
2	26	28	35	11	n
3	29	34	14	23	n
4	21	23	29	27	N
5	24	14	46	16	N
6	16	7	38	39	N
7	0	100	0	0	C
8	100	0	0	0	A
9	0	100	0	0	C
10	1	0	99	0	G
11	1	51	0	48	Y
12	24	2	66	8	G
13	63	21	6	10	A
XX
DE	T00299
0	36	18	31	15	N
1	28	18	36	18	N
2	46	8	38	8	R
3	0	3	0	97	T
4	0	0	97	3	G
5	10	85	0	5	C
6	97	3	0	0	A
7	92	5	3	0	A
8	0	15	0	85	T
9	36	43	13	8	N
10	10	59	23	8	S
11	0	67	15	18	C
12	3	69	10	18	C
XX
DE	T02248
0	30	30	30	10	N
1	60	0	10	30	A
2	40	10	0	50	W
3	0	100	0	0	C
4	0	0	100	0	G
5	0	100	0	0	C
6	0	0	100	0	G
7	40	20	0	40	W
8	30	40	30	0	N
9	40	40	0	20	M
XX
DE	T01599
0	78	2	17	3	A
1	0	0	0	100	T
2	1	0	98	1	G
3	100	0	0	0	A
4	0	82	8	10	C
XX
DE	T00080
0	0	100	0	0	C
1	100	0	0	0	A
2	0	75	0	25	C
3	0	0	100	0	G
4	0	0	0	100	T
5	0	0	100	0	G
6	100	0	0	0	A
7	0	50	0	50	Y
XX
DE	T02789
0	0	0	44	56	k
1	0	0	100	0	g
2	6	94	0	0	c
3	0	100	0	0	c
4	100	0	0	0	A
5	0	100	0	0	C
6	0	0	100	0	G
7	0	0	0	100	T
8	0	100	0	0	C
9	100	0	0	0	A
10	0	14	44	42	K
11	0	97	3	0	C
12	70	12	6	12	a
13	6	53	6	35	y
14	12	58	24	6	s
15	0	100	0	0	c
XX
DE	T02790
0	0	0	97	3	G
1	0	5	46	49	K
2	50	50	0	0	M
3	0	100	0	0	C
4	100	0	0	0	A
5	0	100	0	0	C
6	0	0	100	0	G
7	0	0	0	100	T
8	0	100	0	0	C
9	100	0	0	0	A
10	0	48	0	52	Y
11	0	97	0	3	C
XX
DE	T01098
0	69	0	0	31	A
1	8	53	31	8	S
2	100	0	0	0	A
3	0	92	0	8	C
4	0	0	100	0	G
5	0	0	0	100	T
6	0	8	92	0	G
7	0	8	92	0	G
XX
DE	T03583
0	54	7	35	4	R
1	4	2	0	94	T
2	2	2	5	91	T
3	86	0	14	0	A
4	0	98	0	2	C
5	2	0	98	0	G
6	0	26	0	74	T
7	95	5	0	0	A
8	100	0	0	0	A
9	4	48	9	39	Y
XX
DE	T04001
0	45	22	11	22	N
1	37	21	21	21	N
2	31	25	13	31	N
3	17	44	11	28	N
4	0	4	96	0	G
5	0	23	0	77	T
6	96	0	4	0	A
7	100	0	0	0	A
8	0	0	0	100	T
9	0	0	100	0	G
10	100	0	0	0	A
11	0	0	0	100	T
12	0	0	12	88	T
13	65	0	35	0	A
14	0	96	4	0	C
15	29	6	24	41	N
16	17	50	0	33	Y
17	0	30	40	30	N
18	0	62	38	0	C
XX
DE	T01078
0	0	100	0	0	C
1	0	100	0	0	C
2	100	0	0	0	A
3	0	100	0	0	C
4	0	0	100	0	G
5	0	0	0	100	T
6	0	0	100	0	G
7	0	0	100	0	G
XX
DE	T01079
0	0	100	0	0	C
1	0	100	0	0	C
2	100	0	0	0	A
3	0	100	0	0	C
4	0	0	100	0	G
5	0	0	0	100	T
6	0	0	100	0	G
7	0	0	100	0	G
XX
DE	T01080
0	0	100	0	0	C
1	0	100	0	0	C
2	100	0	0	0	A
3	0	100	0	0	C
4	0	0	100	0	G
5	0	0	0	100	T
6	0	0	100	0	G
7	0	0	100	0	G
XX
DE	T04668
0	29	0	42	29	N
1	17	33	29	21	N
2	36	30	15	19	N
3	0	13	87	0	G
4	0	7	93	0	G
5	39	7	37	17	N
6	0	13	87	0	G
7	0	17	83	0	G
8	7	10	66	17	G
9	33	10	0	57	W
10	44	10	13	33	N
11	20	17	20	43	N
12	21	4	50	25	N
13	14	27	41	18	N
14	18	41	32	9	N
XX
DE	T04791
0	48	19	26	7	N
1	22	34	22	22	N
2	11	33	45	11	N
3	74	4	22	0	A
4	0	0	0	100	T
5	0	0	100	0	G
6	100	0	0	0	A
7	0	0	100	0	G
8	0	0	0	100	T
9	0	100	0	0	C
10	100	0	0	0	A
11	4	11	4	81	T
12	15	22	52	11	N
13	26	33	26	15	N
14	7	26	15	52	N
XX
DE	T04066
0	9	91	0	0	c
1	99	1	0	0	A
2	99	1	0	0	A
3	2	0	0	98	T
4	45	24	19	12	N
5	99	0	0	1	A
6	2	0	0	98	T
7	3	0	10	87	T
8	5	7	86	2	G
XX
DE	T00291
0	13	32	40	15	N
1	29	26	28	17	N
2	41	6	34	19	N
3	9	4	11	76	T
4	9	4	70	17	G
5	76	9	4	11	A
6	6	28	62	4	G
7	0	0	0	100	T
8	4	94	0	2	C
9	100	0	0	0	A
10	4	17	51	28	N
11	21	51	11	17	N
12	32	26	23	19	N
XX
DE	T02196
0	13	32	40	15	N
1	29	26	28	17	N
2	41	6	34	19	N
3	9	4	11	76	T
4	9	4	70	17	G
5	76	9	4	11	A
6	6	28	62	4	G
7	0	0	0	100	T
8	4	94	0	2	C
9	100	0	0	0	A
10	4	17	51	28	N
11	21	51	11	17	N
12	32	26	23	19	N
XX
DE	T05026
0	42	29	24	5	N
1	25	8	25	42	N
2	36	16	8	40	N
3	46	15	8	31	N
4	54	0	8	38	W
5	50	4	19	27	N
6	26	19	19	36	N
7	15	7	59	19	N
8	48	41	7	4	M
9	7	90	0	3	C
10	87	0	13	0	A
11	0	100	0	0	C
12	0	0	100	0	G
13	0	0	0	100	T
14	12	72	0	16	C
15	80	4	4	12	A
16	0	21	26	53	N
17	11	50	6	33	Y
18	29	12	24	35	N
19	24	29	0	47	N
20	41	6	6	47	W
21	25	31	25	19	N
22	36	7	21	36	N
23	15	23	39	23	N
XX
DE	T03427
0	26	35	18	21	N
1	34	21	32	13	N
2	35	26	21	18	N
3	24	16	39	21	N
4	21	18	24	37	N
5	36	16	37	11	N
6	29	29	13	29	N
7	0	100	0	0	C
8	100	0	0	0	A
9	0	100	0	0	C
10	0	0	100	0	G
11	0	0	0	100	T
12	0	0	100	0	G
13	29	13	29	29	N
14	11	36	16	37	N
15	37	24	18	21	N
16	21	39	16	24	N
17	18	21	26	35	N
18	13	32	21	34	N
19	21	18	35	26	N
XX
DE	T03428
0	26	35	18	21	N
1	34	21	32	13	N
2	35	26	21	18	N
3	24	16	39	21	N
4	21	18	24	37	N
5	36	16	37	11	N
6	29	29	13	29	N
7	0	100	0	0	C
8	100	0	0	0	A
9	0	100	0	0	C
10	0	0	100	0	G
11	0	0	0	100	T
12	0	0	100	0	G
13	29	13	29	29	N
14	11	36	16	37	N
15	37	24	18	21	N
16	21	39	16	24	N
17	18	21	26	35	N
18	13	32	21	34	N
19	21	18	35	26	N
XX
DE	T03430
0	26	35	18	21	N
1	34	21	32	13	N
2	35	26	21	18	N
3	24	16	39	21	N
4	21	18	24	37	N
5	36	16	37	11	N
6	29	29	13	29	N
7	0	100	0	0	C
8	100	0	0	0	A
9	0	100	0	0	C
10	0	0	100	0	G
11	0	0	0	100	T
12	0	0	100	0	G
13	29	13	29	29	N
14	11	36	16	37	N
15	37	24	18	21	N
16	21	39	16	24	N
17	18	21	26	35	N
18	13	32	21	34	N
19	21	18	35	26	N
XX
DE	T03432
0	26	35	18	21	N
1	34	21	32	13	N
2	35	26	21	18	N
3	24	16	39	21	N
4	21	18	24	37	N
5	36	16	37	11	N
6	29	29	13	29	N
7	0	100	0	0	C
8	100	0	0	0	A
9	0	100	0	0	C
10	0	0	100	0	G
11	0	0	0	100	T
12	0	0	100	0	G
13	29	13	29	29	N
14	11	36	16	37	N
15	37	24	18	21	N
16	21	39	16	24	N
17	18	21	26	35	N
18	13	32	21	34	N
19	21	18	35	26	N
XX
DE	T03433
0	26	35	18	21	N
1	34	21	32	13	N
2	35	26	21	18	N
3	24	16	39	21	N
4	21	18	24	37	N
5	36	16	37	11	N
6	29	29	13	29	N
7	0	100	0	0	C
8	100	0	0	0	A
9	0	100	0	0	C
10	0	0	100	0	G
11	0	0	0	100	T
12	0	0	100	0	G
13	29	13	29	29	N
14	11	36	16	37	N
15	37	24	18	21	N
16	21	39	16	24	N
17	18	21	26	35	N
18	13	32	21	34	N
19	21	18	35	26	N
XX
DE	T03450
0	26	35	18	21	N
1	34	21	32	13	N
2	35	26	21	18	N
3	24	16	39	21	N
4	21	18	24	37	N
5	36	16	37	11	N
6	29	29	13	29	N
7	0	100	0	0	C
8	100	0	0	0	A
9	0	100	0	0	C
10	0	0	100	0	G
11	0	0	0	100	T
12	0	0	100	0	G
13	29	13	29	29	N
14	11	36	16	37	N
15	37	24	18	21	N
16	21	39	16	24	N
17	18	21	26	35	N
18	13	32	21	34	N
19	21	18	35	26	N
XX
DE	T03454
0	26	35	18	21	N
1	34	21	32	13	N
2	35	26	21	18	N
3	24	16	39	21	N
4	21	18	24	37	N
5	36	16	37	11	N
6	29	29	13	29	N
7	0	100	0	0	C
8	100	0	0	0	A
9	0	100	0	0	C
10	0	0	100	0	G
11	0	0	0	100	T
12	0	0	100	0	G
13	29	13	29	29	N
14	11	36	16	37	N
15	37	24	18	21	N
16	21	39	16	24	N
17	18	21	26	35	N
18	13	32	21	34	N
19	21	18	35	26	N
XX
DE	T03455
0	26	35	18	21	N
1	34	21	32	13	N
2	35	26	21	18	N
3	24	16	39	21	N
4	21	18	24	37	N
5	36	16	37	11	N
6	29	29	13	29	N
7	0	100	0	0	C
8	100	0	0	0	A
9	0	100	0	0	C
10	0	0	100	0	G
11	0	0	0	100	T
12	0	0	100	0	G
13	29	13	29	29	N
14	11	36	16	37	N
15	37	24	18	21	N
16	21	39	16	24	N
17	18	21	26	35	N
18	13	32	21	34	N
19	21	18	35	26	N
XX
DE	T03462
0	26	35	18	21	N
1	34	21	32	13	N
2	35	26	21	18	N
3	24	16	39	21	N
4	21	18	24	37	N
5	36	16	37	11	N
6	29	29	13	29	N
7	0	100	0	0	C
8	100	0	0	0	A
9	0	100	0	0	C
10	0	0	100	0	G
11	0	0	0	100	T
12	0	0	100	0	G
13	29	13	29	29	N
14	11	36	16	37	N
15	37	24	18	21	N
16	21	39	16	24	N
17	18	21	26	35	N
18	13	32	21	34	N
19	21	18	35	26	N
XX
DE	T03466
0	26	35	18	21	N
1	34	21	32	13	N
2	35	26	21	18	N
3	24	16	39	21	N
4	21	18	24	37	N
5	36	16	37	11	N
6	29	29	13	29	N
7	0	100	0	0	C
8	100	0	0	0	A
9	0	100	0	0	C
10	0	0	100	0	G
11	0	0	0	100	T
12	0	0	100	0	G
13	29	13	29	29	N
14	11	36	16	37	N
15	37	24	18	21	N
16	21	39	16	24	N
17	18	21	26	35	N
18	13	32	21	34	N
19	21	18	35	26	N
XX
DE	T03532
0	26	35	18	21	N
1	34	21	32	13	N
2	35	26	21	18	N
3	24	16	39	21	N
4	21	18	24	37	N
5	36	16	37	11	N
6	29	29	13	29	N
7	0	100	0	0	C
8	100	0	0	0	A
9	0	100	0	0	C
10	0	0	100	0	G
11	0	0	0	100	T
12	0	0	100	0	G
13	29	13	29	29	N
14	11	36	16	37	N
15	37	24	18	21	N
16	21	39	16	24	N
17	18	21	26	35	N
18	13	32	21	34	N
19	21	18	35	26	N
XX
DE	T00523
0	26	35	18	21	N
1	34	21	32	13	N
2	35	26	21	18	N
3	24	16	39	21	N
4	21	18	24	37	N
5	36	16	37	11	N
6	29	29	13	29	N
7	0	100	0	0	C
8	100	0	0	0	A
9	0	100	0	0	C
10	0	0	100	0	G
11	0	0	0	100	T
12	0	0	100	0	G
13	29	13	29	29	N
14	11	36	16	37	N
15	37	24	18	21	N
16	21	39	16	24	N
17	18	21	26	35	N
18	13	32	21	34	N
19	21	18	35	26	N
XX
DE	T03552
0	26	35	18	21	N
1	34	21	32	13	N
2	35	26	21	18	N
3	24	16	39	21	N
4	21	18	24	37	N
5	36	16	37	11	N
6	29	29	13	29	N
7	0	100	0	0	C
8	100	0	0	0	A
9	0	100	0	0	C
10	0	0	100	0	G
11	0	0	0	100	T
12	0	0	100	0	G
13	29	13	29	29	N
14	11	36	16	37	N
15	37	24	18	21	N
16	21	39	16	24	N
17	18	21	26	35	N
18	13	32	21	34	N
19	21	18	35	26	N
XX
DE	T03570
0	26	35	18	21	N
1	34	21	32	13	N
2	35	26	21	18	N
3	24	16	39	21	N
4	21	18	24	37	N
5	36	16	37	11	N
6	29	29	13	29	N
7	0	100	0	0	C
8	100	0	0	0	A
9	0	100	0	0	C
10	0	0	100	0	G
11	0	0	0	100	T
12	0	0	100	0	G
13	29	13	29	29	N
14	11	36	16	37	N
15	37	24	18	21	N
16	21	39	16	24	N
17	18	21	26	35	N
18	13	32	21	34	N
19	21	18	35	26	N
XX
DE	T03596
0	26	35	18	21	N
1	34	21	32	13	N
2	35	26	21	18	N
3	24	16	39	21	N
4	21	18	24	37	N
5	36	16	37	11	N
6	29	29	13	29	N
7	0	100	0	0	C
8	100	0	0	0	A
9	0	100	0	0	C
10	0	0	100	0	G
11	0	0	0	100	T
12	0	0	100	0	G
13	29	13	29	29	N
14	11	36	16	37	N
15	37	24	18	21	N
16	21	39	16	24	N
17	18	21	26	35	N
18	13	32	21	34	N
19	21	18	35	26	N
XX
DE	T00204
0	30	32	18	20	N
1	20	23	46	11	N
2	88	0	7	5	A
3	45	55	0	0	M
4	0	98	2	0	C
5	100	0	0	0	A
6	0	2	25	73	T
7	27	73	0	0	C
8	0	0	0	100	T
9	0	0	98	2	G
10	0	7	45	48	K
11	9	9	5	77	T
XX
DE	T02039
0	0	0	0	100	t
1	0	33	67	0	g
2	100	0	0	0	a
3	0	66	0	34	c
4	34	0	66	0	g
5	0	76	0	24	C
6	0	76	0	24	C
7	76	0	24	0	A
8	0	0	52	48	k
XX
DE	T01788
0	14	28	34	24	N
1	34	0	52	14	R
2	7	7	3	83	T
3	0	97	0	3	C
4	0	0	0	100	T
5	0	0	100	0	G
6	0	10	87	3	G
7	31	49	3	17	N
8	56	0	10	34	W
9	17	14	14	55	N
XX
DE	T01442
0	21	32	29	18	N
1	85	6	9	0	A
2	0	0	0	100	T
3	3	0	94	3	G
4	100	0	0	0	A
5	0	76	6	18	C
XX
DE	T01654
0	24	24	32	20	N
1	24	72	4	0	C
2	6	9	68	17	G
3	2	98	0	0	C
4	100	0	0	0	A
5	2	2	96	0	G
6	2	92	6	0	C
7	2	2	0	96	T
8	0	0	98	2	G
9	6	68	15	11	C
10	4	0	68	28	G
11	9	31	22	38	N
XX
DE	T00106
0	0	0	0	100	t
1	0	0	4	96	T
2	13	17	34	36	N
3	17	21	21	41	N
4	25	0	66	9	G
5	0	78	9	13	C
6	87	13	0	0	A
7	96	0	4	0	A
8	4	4	4	88	T
9	50	50	0	0	m
XX
DE	T01517
0	7	20	66	7	g
1	4	88	4	4	C
2	82	10	8	0	A
3	4	37	4	55	Y
4	41	8	40	11	R
5	4	0	0	96	T
6	0	0	86	14	G
7	11	4	14	71	T
8	7	13	13	67	t
XX
DE	T04565
0	0	0	0	100	T
1	0	0	50	50	K
2	100	0	0	0	A
3	0	100	0	0	C
4	0	0	100	0	G
5	0	0	0	100	T
6	50	50	0	0	M
7	100	0	0	0	A
XX
DE	T03199
0	0	0	0	100	T
1	0	0	0	100	T
2	100	0	0	0	A
3	100	0	0	0	A
4	0	0	0	100	T
5	100	0	0	0	A
6	100	0	0	0	A
XX
DE	T01239
0	0	0	0	100	T
1	0	0	0	100	T
2	100	0	0	0	A
3	0	100	0	0	C
4	0	0	0	100	T
5	100	0	0	0	A
6	100	0	0	0	A
XX
DE	T03232
0	0	0	0	100	T
1	0	0	0	100	T
2	100	0	0	0	A
3	0	100	0	0	C
4	0	0	0	100	T
5	100	0	0	0	A
6	100	0	0	0	A
XX
DE	T03704
0	0	0	0	100	T
1	0	0	50	50	K
2	100	0	0	0	A
3	0	100	0	0	C
4	0	0	100	0	G
5	0	0	0	100	T
6	50	50	0	0	M
7	100	0	0	0	A
XX
DE	T01241
0	83	0	0	17	A
1	0	17	0	83	T
2	0	0	0	100	T
3	0	0	0	100	T
4	0	100	0	0	C
5	100	0	0	0	A
6	0	83	0	17	C
7	83	0	17	0	A
8	0	0	0	100	T
9	0	0	100	0	g
XX
DE	T01639
0	62	0	0	38	A
1	0	25	0	75	T
2	0	0	0	100	T
3	0	0	0	100	T
4	0	100	0	0	C
5	100	0	0	0	A
6	0	87	0	13	C
7	87	0	13	0	A
8	0	0	0	100	T
9	0	0	100	0	g
10	0	50	25	25	n
XX
DE	T02310
0	0	0	0	100	T
1	0	100	0	0	C
2	100	0	0	0	A
3	0	100	0	0	C
4	0	0	100	0	G
5	0	0	0	100	T
6	0	0	100	0	G
XX
DE	T03577
0	0	0	100	0	G
1	0	0	0	100	T
2	50	0	50	0	R
3	50	50	0	0	M
4	0	100	0	0	C
XX
DE	T03579
0	0	0	100	0	G
1	0	0	0	100	T
2	50	0	50	0	R
3	50	50	0	0	M
4	0	100	0	0	C
XX
DE	T01306
0	33	0	0	67	T
1	34	0	33	33	N
2	100	0	0	0	A
3	0	100	0	0	C
4	0	0	100	0	G
5	0	0	0	100	T
6	33	67	0	0	C
7	100	0	0	0	A
XX
DE	T00775
0	0	0	0	100	t
1	0	0	0	100	T
2	0	0	0	100	T
3	0	0	0	100	T
4	0	100	0	0	C
5	0	0	100	0	G
6	0	50	0	50	Y
7	0	0	50	50	K
XX
DE	T03712
0	0	0	0	100	T
1	0	0	50	50	K
2	100	0	0	0	A
3	0	0	100	0	G
4	0	0	0	100	T
5	50	50	0	0	M
6	100	0	0	0	A
XX
DE	T01644
0	0	33	67	0	G
1	0	100	0	0	C
2	100	0	0	0	A
3	0	100	0	0	C
4	0	0	100	0	G
5	34	33	0	33	N
6	0	0	100	0	G
7	34	33	0	33	N
8	0	100	0	0	C
9	100	0	0	0	A
XX
DE	T00750
0	38	0	54	8	R
1	31	0	8	61	T
2	77	0	23	0	A
3	0	100	0	0	C
4	0	0	100	0	G
5	0	0	0	100	T
6	0	0	100	0	G
XX
DE	T02661
0	100	0	0	0	A
1	0	0	0	100	T
2	0	100	0	0	C
3	0	0	0	100	T
4	0	0	0	100	T
5	100	0	0	0	A
6	0	0	0	100	T
7	0	0	100	0	G
8	0	0	0	100	T
9	0	100	0	0	C
10	100	0	0	0	A
11	0	0	0	100	T
12	0	0	0	100	T
13	0	0	100	0	G
14	100	0	0	0	A
15	0	0	0	100	T
16	0	0	100	0	G
17	100	0	0	0	A
18	0	100	0	0	C
19	0	0	100	0	G
20	100	0	0	0	A
21	0	100	0	0	C
22	0	100	0	0	C
23	0	0	0	100	T
24	0	100	0	0	C
25	0	100	0	0	C
XX
DE	T02659
0	100	0	0	0	A
1	0	0	0	100	T
2	0	100	0	0	C
3	0	0	0	100	T
4	0	0	0	100	T
5	100	0	0	0	A
6	0	0	0	100	T
7	0	0	100	0	G
8	0	0	0	100	T
9	0	100	0	0	C
10	100	0	0	0	A
11	0	0	0	100	T
12	0	0	0	100	T
13	0	0	100	0	G
14	100	0	0	0	A
15	0	0	0	100	T
16	0	0	100	0	G
17	100	0	0	0	A
18	0	100	0	0	C
19	0	0	100	0	G
20	100	0	0	0	A
21	0	100	0	0	C
22	0	100	0	0	C
23	0	0	0	100	T
24	0	100	0	0	C
25	0	100	0	0	C
XX
DE	T04028
0	0	100	0	0	C
1	100	0	0	0	A
2	100	0	0	0	A
3	0	0	0	100	T
4	0	0	0	100	T
5	100	0	0	0	A
6	0	0	0	100	T
7	0	0	0	100	T
8	100	0	0	0	A
XX
DE	T02794
0	0	0	0	100	T
1	0	0	100	0	G
2	100	0	0	0	A
3	0	100	0	0	C
4	0	0	100	0	G
5	0	0	0	100	T
6	0	0	100	0	G
7	0	0	100	0	G
XX
DE	T00843
0	0	0	100	0	G
1	0	25	75	0	G
2	0	0	0	100	T
3	0	100	0	0	C
4	0	100	0	0	C
5	0	0	0	100	T
6	0	0	100	0	G
7	0	75	25	0	C
XX
DE	T00120
0	30	10	59	1	R
1	0	7	0	93	T
2	94	0	6	0	A
3	0	9	3	88	T
4	94	2	4	0	A
5	1	4	0	95	T
6	60	3	34	3	A
7	3	10	1	86	T
8	72	3	21	4	A
XX
DE	T00456
0	83	0	17	0	A
1	50	33	0	17	M
2	17	50	0	33	Y
3	0	0	100	0	G
4	0	0	100	0	G
5	17	0	83	0	G
6	17	0	0	83	T
7	0	0	0	100	T
8	66	0	17	17	A
9	50	17	0	33	W
XX
DE	T00395
0	6	31	50	13	S
1	38	49	13	0	M
2	56	19	25	0	R
3	25	19	6	50	N
4	81	6	0	13	A
5	100	0	0	0	A
6	100	0	0	0	A
7	87	0	13	0	A
8	94	6	0	0	A
9	55	13	13	19	N
XX
DE	T00751
0	22	0	11	67	t
1	11	22	56	11	n
2	22	29	27	22	N
3	40	21	14	25	N
4	71	4	23	2	A
5	63	0	22	15	A
6	0	98	2	0	C
7	98	0	0	2	A
8	15	11	74	0	G
9	8	11	75	6	G
10	0	6	0	94	T
11	6	6	73	15	G
XX
DE	T00709
0	23	54	0	23	N
1	15	46	8	31	N
2	0	8	92	0	G
3	0	0	100	0	G
4	31	23	31	15	N
5	8	0	8	84	T
6	77	8	15	0	A
7	92	0	0	8	A
8	38	0	31	31	N
9	8	39	15	38	N
10	39	15	38	8	N
11	15	47	0	38	Y
12	0	0	0	100	T
13	8	23	0	69	T
14	84	8	0	8	A
15	23	8	0	69	T
16	8	76	8	8	C
17	15	77	8	0	C
18	8	23	38	31	N
19	0	39	38	23	N
XX
DE	T00011
0	19	31	13	37	N
1	0	0	100	0	G
2	0	0	100	0	G
3	38	0	62	0	G
4	0	0	100	0	G
5	0	13	38	49	K
XX
DE	T00302
0	0	18	60	22	g
1	4	37	0	59	y
2	27	5	0	68	t
3	0	100	0	0	C
4	0	0	100	0	G
5	0	7	93	0	G
6	53	16	12	19	N
7	17	33	42	8	N
8	19	19	47	15	N
9	61	12	22	5	A
10	21	36	31	12	N
11	51	5	8	36	W
12	5	22	62	11	G
13	18	22	5	55	N
14	12	28	39	21	N
15	19	37	29	15	N
16	10	29	23	38	N
17	0	93	7	0	C
18	2	98	0	0	C
19	0	0	96	4	G
XX
DE	T00915
0	46	18	0	36	w
1	18	27	37	18	n
2	16	36	35	13	N
3	51	10	10	29	N
4	15	21	38	26	N
5	25	35	20	20	N
6	21	45	25	9	N
7	56	12	6	26	W
8	72	10	10	8	A
9	24	18	44	14	N
10	94	6	0	0	A
11	0	0	3	97	T
12	0	0	100	0	G
13	9	3	85	3	G
XX
DE	T00509
0	7	7	43	43	K
1	58	14	7	21	N
2	43	21	7	29	N
3	50	0	14	36	W
4	50	0	0	50	W
5	64	0	0	36	A
6	64	0	0	36	A
7	72	0	14	14	A
8	14	21	7	58	N
9	0	50	50	0	S
10	0	43	0	57	Y
11	0	0	100	0	G
12	0	0	100	0	G
13	0	0	100	0	G
14	0	0	100	0	G
15	36	7	14	43	N
16	51	14	21	14	N
XX
DE	T00311
0	19	7	2	72	T
1	93	4	2	1	A
2	1	1	0	98	T
3	0	99	1	0	C
4	29	15	15	41	N
XX
DE	T00529
0	6	13	19	62	t
1	10	9	3	78	T
2	7	70	13	10	C
3	9	88	0	3	C
4	3	88	3	6	C
5	3	97	0	0	C
6	32	49	8	11	M
7	8	37	5	50	Y
XX
DE	T01468
0	9	34	26	31	N
1	6	14	80	0	G
2	3	0	88	9	G
3	0	100	0	0	C
4	3	0	0	97	T
5	0	100	0	0	C
6	9	43	3	45	Y
7	91	3	3	3	A
8	0	9	23	68	T
9	3	66	20	11	C
10	66	0	20	14	A
11	0	43	0	57	Y
12	11	74	6	9	C
XX
DE	T01469
0	29	21	29	21	N
1	25	37	0	38	N
2	13	13	29	45	N
3	8	25	4	63	T
4	8	0	92	0	G
5	0	0	100	0	G
6	0	0	100	0	G
7	100	0	0	0	A
8	92	0	0	8	A
9	13	17	8	62	T
10	46	8	33	13	N
11	13	54	8	25	N
12	13	57	13	17	N
XX
DE	T01470
0	25	28	33	14	N
1	31	14	19	36	N
2	14	19	19	48	N
3	17	28	0	55	Y
4	17	0	83	0	G
5	0	0	100	0	G
6	0	0	100	0	G
7	100	0	0	0	A
8	50	14	3	33	W
9	28	19	17	36	N
10	34	22	25	19	N
11	25	50	14	11	N
XX
DE	T01477
0	56	0	0	44	W
1	34	11	22	33	N
2	33	11	45	11	N
3	11	11	11	67	T
4	56	22	11	11	N
5	78	0	11	11	A
6	33	0	0	67	T
7	67	0	0	33	A
8	45	11	44	0	R
9	78	0	11	11	A
10	11	89	0	0	C
11	100	0	0	0	A
12	89	0	11	0	A
13	56	0	33	11	R
14	44	0	0	56	W
15	22	34	22	22	N
16	33	22	0	45	N
17	34	33	22	11	N
XX
DE	T01478
0	25	8	25	42	N
1	17	25	17	41	N
2	0	42	25	33	N
3	17	8	17	58	N
4	17	8	25	50	N
5	25	8	8	59	W
6	42	17	8	33	N
7	0	83	0	17	C
8	0	8	0	92	T
9	100	0	0	0	A
10	8	8	17	67	T
11	17	0	8	75	T
12	8	17	8	67	T
13	17	17	25	41	N
14	8	0	25	67	T
15	8	25	8	59	Y
XX
DE	T01479
0	25	17	25	33	N
1	50	8	25	17	N
2	33	25	25	17	N
3	25	8	8	59	W
4	75	17	8	0	A
5	83	0	0	17	A
6	100	0	0	0	A
7	0	84	8	8	C
8	33	0	0	67	T
9	83	0	0	17	A
10	50	0	33	17	R
11	50	8	17	25	N
12	33	25	17	25	N
13	17	25	41	17	N
14	42	25	8	25	N
XX
DE	T01480
0	50	0	0	50	W
1	33	17	0	50	W
2	50	0	17	33	W
3	50	0	33	17	R
4	0	0	33	67	T
5	100	0	0	0	A
6	100	0	0	0	A
7	100	0	0	0	A
8	0	50	33	17	S
9	66	0	17	17	A
10	50	17	0	33	W
11	83	0	0	17	A
12	67	0	0	33	A
XX
DE	T00117
0	7	3	90	0	G
1	12	2	85	1	G
2	0	1	98	1	G
3	1	1	97	1	G
4	0	0	2	98	T
5	0	91	5	4	C
6	90	2	8	0	A
7	11	60	8	21	Y
XX
DE	T00304
0	5	23	7	65	T
1	0	0	0	100	T
2	99	0	1	0	A
3	0	0	0	100	T
4	0	100	0	0	C
XX
DE	T00372
0	6	3	87	4	G
1	12	5	56	27	K
2	10	21	31	38	N
3	1	86	1	12	C
4	92	1	3	4	A
5	92	0	8	0	A
6	86	0	13	1	A
7	3	0	96	1	G
8	3	3	55	39	K
9	4	16	10	70	T
10	2	83	1	14	C
11	74	9	15	2	A
XX
DE	T00373
0	6	4	83	7	G
1	14	7	47	32	N
2	5	28	31	36	N
3	2	78	3	17	C
4	89	1	4	6	A
5	85	1	13	1	A
6	81	0	17	2	A
7	5	2	92	1	G
8	6	2	51	41	K
9	3	20	12	65	T
10	2	81	3	14	C
11	72	13	9	6	A
XX
DE	T00627
0	0	0	0	100	T
1	100	0	0	0	A
2	0	0	0	100	T
3	0	100	0	0	C
4	25	0	19	56	W
5	43	38	0	19	M
XX
DE	T01527
0	40	8	28	24	N
1	36	12	12	40	N
2	60	4	8	28	A
3	36	4	0	60	T
4	24	48	16	12	N
5	44	8	20	28	N
6	84	0	16	0	A
7	0	0	100	0	G
8	0	0	100	0	G
9	0	0	0	100	T
10	0	100	0	0	C
11	100	0	0	0	A
12	29	21	8	42	N
XX
DE	T01528
0	47	6	19	28	N
1	42	0	11	47	W
2	100	0	0	0	A
3	61	0	0	39	A
4	6	33	36	25	N
5	0	0	0	100	T
6	78	0	22	0	A
7	0	0	100	0	G
8	0	0	100	0	G
9	0	0	0	100	T
10	0	100	0	0	C
11	100	0	0	0	A
12	39	19	28	14	N
XX
DE	T00258
0	30	20	20	30	N
1	20	45	15	20	N
2	60	20	15	5	A
3	30	5	55	10	R
4	15	10	55	20	N
5	15	15	20	50	N
6	15	50	15	20	N
7	55	10	20	15	N
8	20	45	15	20	N
9	15	30	15	40	N
10	10	15	45	30	N
11	0	5	0	95	T
12	5	0	95	0	G
13	100	0	0	0	A
14	0	90	10	0	C
15	5	90	5	0	C
16	10	35	10	45	N
17	35	5	40	20	N
18	40	25	15	20	N
XX
DE	T00264
0	30	20	20	30	N
1	20	45	15	20	N
2	60	20	15	5	A
3	30	5	55	10	R
4	15	10	55	20	N
5	15	15	20	50	N
6	15	50	15	20	N
7	55	10	20	15	N
8	20	45	15	20	N
9	15	30	15	40	N
10	10	15	45	30	N
11	0	5	0	95	T
12	5	0	95	0	G
13	100	0	0	0	A
14	0	90	10	0	C
15	5	90	5	0	C
16	10	35	10	45	N
17	35	5	40	20	N
18	40	25	15	20	N
XX
DE	T00337
0	75	3	11	11	A
1	1	7	90	2	G
2	47	9	34	10	R
3	92	0	1	7	A
4	3	97	0	0	C
5	79	0	10	11	A
6	7	25	32	36	N
7	47	10	13	30	N
8	29	18	15	38	N
9	7	8	18	67	T
10	12	12	69	7	G
11	17	7	11	65	T
12	39	13	16	32	N
13	14	62	6	18	C
XX
DE	T01920
0	58	6	18	18	N
1	2	12	83	3	G
2	40	8	35	17	N
3	87	0	2	11	A
4	6	94	0	0	C
5	77	0	17	6	A
6	12	20	29	39	N
7	52	4	15	29	W
8	39	17	17	27	N
9	12	14	11	63	T
10	7	19	62	12	G
11	20	11	18	51	N
12	23	15	12	50	N
13	6	54	11	29	Y
14	11	50	6	33	Y
XX
DE	T00309
0	43	0	27	30	N
1	0	0	100	0	G
2	100	0	0	0	A
3	0	5	0	95	T
4	100	0	0	0	A
5	68	9	17	6	A
6	26	5	64	5	G
7	25	18	31	26	N
8	35	42	14	9	N
9	27	44	4	25	N
10	29	25	10	36	N
XX
DE	T00312
0	43	0	27	30	N
1	0	0	100	0	G
2	100	0	0	0	A
3	0	5	0	95	T
4	100	0	0	0	A
5	68	9	17	6	A
6	26	5	64	5	G
7	25	18	31	26	N
8	35	42	14	9	N
9	27	44	4	25	N
10	29	25	10	36	N
XX
DE	T00458
0	14	27	30	29	N
1	0	0	0	100	T
2	50	50	0	0	M
3	13	0	30	57	K
4	0	100	0	0	C
5	0	0	100	0	G
6	0	0	100	0	G
7	72	14	14	0	A
8	58	14	0	28	W
9	15	28	15	42	N
10	56	0	0	44	W
11	0	70	0	30	C
12	16	0	0	84	T
13	0	13	45	42	K
14	0	41	14	45	Y
15	41	14	30	15	N
16	27	43	30	0	N
17	15	0	0	85	T
18	0	100	0	0	C
19	0	100	0	0	C
20	0	14	86	0	G
21	30	15	28	27	N
XX
DE	T00886
0	18	41	41	0	S
1	46	18	12	24	N
2	18	24	29	29	N
3	0	0	6	94	T
4	41	6	53	0	R
5	94	0	6	0	A
6	0	0	100	0	G
7	0	0	100	0	G
8	0	0	0	100	T
9	0	100	0	0	C
10	100	0	0	0	A
11	12	70	0	18	C
12	12	18	58	12	N
13	12	47	41	0	S
14	18	35	18	29	N
15	35	29	18	18	N
XX
DE	T01352
0	14	72	14	0	C
1	57	14	0	29	W
2	57	0	43	0	R
3	72	14	14	0	A
4	57	0	14	29	W
5	14	72	14	0	C
6	0	29	0	71	T
7	86	0	14	0	A
8	0	0	100	0	G
9	0	0	100	0	G
10	14	29	14	43	N
11	14	86	0	0	C
12	100	0	0	0	A
13	71	0	0	29	A
14	100	0	0	0	A
15	0	0	100	0	G
16	0	0	71	29	G
17	0	0	0	100	T
18	0	86	14	0	C
19	86	0	0	14	A
XX
DE	T00244
0	46	6	6	42	W
1	5	3	5	87	T
2	7	0	93	0	G
3	0	98	0	2	C
4	2	0	98	0	G
5	0	2	15	83	T
6	31	0	69	0	G
7	0	0	100	0	G
8	0	0	100	0	G
9	13	76	0	11	C
10	0	0	100	0	G
11	0	0	42	58	K
XX
DE	T00455
0	46	6	6	42	W
1	5	3	5	87	T
2	7	0	93	0	G
3	0	98	0	2	C
4	2	0	98	0	G
5	0	2	15	83	T
6	31	0	69	0	G
7	0	0	100	0	G
8	0	0	100	0	G
9	13	76	0	11	C
10	0	0	100	0	G
11	0	0	42	58	K
XX
DE	T01679
0	40	40	20	0	M
1	40	40	0	20	M
2	0	80	20	0	C
3	20	20	40	20	N
4	0	0	100	0	G
5	0	100	0	0	C
6	0	100	0	0	C
7	100	0	0	0	A
8	60	0	40	0	A
9	0	0	100	0	G
10	40	60	0	0	C
11	20	20	60	0	G
12	20	20	40	20	N
13	40	40	0	20	M
14	20	40	40	0	S
15	20	40	0	40	Y
16	20	20	20	40	N
XX
DE	T01974
0	7	7	11	75	T
1	0	14	11	75	T
2	0	96	0	4	C
3	100	0	0	0	A
4	0	0	100	0	G
5	0	96	0	4	C
6	100	0	0	0	A
7	0	100	0	0	C
8	0	100	0	0	C
9	61	0	25	14	A
10	14	72	7	7	C
11	4	0	96	0	G
12	0	0	100	0	G
13	82	4	0	14	A
14	0	93	7	0	C
15	100	0	0	0	A
16	0	0	100	0	G
17	36	60	0	4	C
18	25	14	57	4	R
19	7	57	29	7	S
20	14	79	0	7	C
XX
DE	T01973
0	7	7	11	75	T
1	0	14	11	75	T
2	0	96	0	4	C
3	100	0	0	0	A
4	0	0	100	0	G
5	0	96	0	4	C
6	100	0	0	0	A
7	0	100	0	0	C
8	0	100	0	0	C
9	61	0	25	14	A
10	14	72	7	7	C
11	4	0	96	0	G
12	0	0	100	0	G
13	82	4	0	14	A
14	0	93	7	0	C
15	100	0	0	0	A
16	0	0	100	0	G
17	36	60	0	4	C
18	25	14	57	4	R
19	7	57	29	7	S
20	14	79	0	7	C
XX
DE	T02247
0	5	5	73	17	G
1	10	64	6	20	C
2	49	7	33	11	R
3	47	5	22	26	N
4	9	2	33	56	K
5	0	1	98	1	G
6	18	62	20	0	C
7	88	11	0	1	A
8	5	14	6	75	T
9	0	15	43	42	K
10	37	31	25	7	N
11	1	13	0	86	T
12	0	0	100	0	G
13	0	0	100	0	G
14	7	0	87	6	G
15	50	5	7	38	W
16	61	14	21	4	A
XX
DE	T00465
0	0	100	0	0	C
1	0	100	0	0	C
2	0	0	100	0	G
3	8	8	42	42	K
4	17	17	17	49	N
5	49	17	17	17	N
6	42	42	8	8	M
7	0	100	0	0	C
8	0	0	100	0	G
9	0	0	100	0	G
XX
DE	T01059
0	54	20	13	13	N
1	47	20	20	13	N
2	13	41	13	33	N
3	40	0	0	60	T
4	100	0	0	0	A
5	100	0	0	0	A
6	100	0	0	0	A
7	0	0	100	0	G
8	33	40	7	20	N
9	26	27	20	27	N
10	29	43	14	14	N
XX
DE	T02690
0	33	33	10	24	N
1	33	29	19	19	N
2	34	14	19	33	N
3	33	10	10	47	W
4	100	0	0	0	A
5	100	0	0	0	A
6	100	0	0	0	A
7	0	0	100	0	G
8	14	57	10	19	N
9	33	19	29	19	N
10	33	29	24	14	N
XX
DE	T02691
0	24	14	48	14	N
1	47	29	14	10	N
2	24	28	29	19	N
3	39	14	14	33	N
4	100	0	0	0	A
5	100	0	0	0	A
6	100	0	0	0	A
7	0	0	100	0	G
8	14	48	14	24	N
9	29	29	32	10	N
10	38	29	19	14	N
XX
DE	T04669
0	3	20	33	44	N
1	20	10	67	3	G
2	7	7	79	7	G
3	7	13	63	17	G
4	7	7	20	66	T
5	13	17	57	13	N
6	10	10	80	0	G
7	3	17	13	67	T
8	17	66	10	7	C
XX
DE	T04237
0	20	3	44	33	N
1	10	10	67	13	G
2	10	10	73	7	G
3	10	7	73	10	G
4	10	10	17	63	T
5	13	7	70	10	G
6	10	13	70	7	G
7	3	7	10	80	T
8	10	57	20	13	N
XX
DE	T04670
0	20	3	44	33	N
1	10	10	67	13	G
2	10	10	73	7	G
3	10	7	73	10	G
4	10	10	17	63	T
5	13	7	70	10	G
6	10	13	70	7	G
7	3	7	10	80	T
8	10	57	20	13	N
XX
DE	T04671
0	17	26	14	43	N
1	9	3	88	0	G
2	3	3	83	11	G
3	6	6	82	6	G
4	14	3	29	54	K
5	14	11	66	9	G
6	17	17	55	11	N
7	9	20	9	62	T
8	9	63	14	14	C
XX
DE	T00669
0	29	19	19	33	N
1	43	19	14	24	N
2	24	29	10	37	N
3	52	19	0	29	W
4	5	24	61	10	G
5	19	10	10	61	T
6	100	0	0	0	A
7	100	0	0	0	A
8	0	100	0	0	C
9	38	24	14	24	N
10	0	0	100	0	G
11	24	24	5	47	N
12	19	43	24	14	N
13	28	29	24	19	N
14	24	28	29	19	N
XX
DE	T02684
0	36	22	25	17	N
1	33	25	16	26	N
2	33	28	9	30	N
3	0	0	100	0	G
4	100	0	0	0	A
5	0	0	0	100	T
6	53	4	10	33	W
7	50	12	22	16	N
8	20	25	35	20	N
9	25	27	26	22	N
XX
DE	T02714
0	36	22	25	17	N
1	33	25	16	26	N
2	33	28	9	30	N
3	0	0	100	0	G
4	100	0	0	0	A
5	0	0	0	100	T
6	53	4	10	33	W
7	50	12	22	16	N
8	20	25	35	20	N
9	25	27	26	22	N
XX
DE	T02715
0	36	22	25	17	N
1	33	25	16	26	N
2	33	28	9	30	N
3	0	0	100	0	G
4	100	0	0	0	A
5	0	0	0	100	T
6	53	4	10	33	W
7	50	12	22	16	N
8	20	25	35	20	N
9	25	27	26	22	N
XX
DE	T04686
0	18	73	0	9	C
1	64	18	0	18	A
2	9	9	82	0	G
3	0	18	0	82	T
4	18	9	64	9	G
5	9	9	64	18	G
6	18	9	55	18	N
XX
DE	T04796
0	29	12	33	26	N
1	13	32	55	0	S
2	15	10	72	3	G
3	5	0	90	5	G
4	8	0	92	0	G
5	15	0	75	10	G
6	0	0	100	0	G
7	3	0	97	0	G
8	0	0	100	0	G
9	0	0	100	0	G
10	31	51	0	18	M
11	23	52	10	15	N
12	44	28	15	13	N
XX
DE	T04797
