DE	T00043
0	0	100	0	0	C
1	0	100	0	0	C
2	0	0	0	100	T
3	0	100	0	0	C
4	0	0	0	100	T
5	100	0	0	0	A
6	100	0	0	0	A
7	100	0	0	0	A
8	0	0	100	0	G
9	0	0	100	0	G
XX
DE	T00350
0	0	14	36	50	k
1	7	36	36	21	n
2	0	4	0	96	T
3	20	20	33	27	N
4	93	0	7	0	A
5	0	0	0	100	T
6	0	0	0	100	T
7	0	0	100	0	G
8	0	0	100	0	G
9	15	15	0	70	T
10	0	36	35	29	n
11	7	21	65	7	g
12	50	0	43	7	r
XX
DE	T00500
0	1	98	0	1	C
1	0	83	0	17	C
2	17	19	17	47	N
3	50	13	19	18	N
4	68	0	0	32	A
5	18	1	1	80	T
6	20	3	2	75	T
7	50	6	39	5	R
8	0	0	100	0	G
9	0	0	98	2	G
10	34	14	0	52	w
XX
DE	T00505
0	6	5	49	40	K
1	1	70	0	29	C
2	1	0	0	99	T
3	99	0	1	0	A
4	2	0	0	98	T
5	2	1	0	97	T
6	4	0	0	96	T
7	30	0	0	70	T
8	10	0	1	89	T
9	96	0	3	1	A
10	8	1	90	1	G
XX
DE	T00535
0	38	0	25	37	n
1	25	20	34	21	N
2	17	33	8	42	N
3	19	13	12	56	N
4	8	8	70	14	G
5	17	6	70	7	G
6	14	61	18	7	C
7	29	19	11	41	N
8	19	35	32	14	N
9	20	46	23	11	N
10	15	20	43	22	N
11	20	18	10	52	N
12	8	2	79	11	G
13	0	99	0	1	C
14	7	93	0	0	C
15	93	7	0	0	A
16	75	1	20	4	A
17	44	16	16	24	N
18	29	22	19	30	N
19	38	13	13	36	n
20	38	25	37	0	n
21	50	25	25	0	n
22	87	0	13	0	a
23	13	62	25	0	c
24	61	13	13	13	a
25	13	0	74	13	g
26	13	38	49	0	s
27	0	38	0	62	t
28	25	0	62	13	g
XX
DE	T00538
0	38	0	25	37	n
1	25	20	34	21	N
2	17	33	8	42	N
3	19	13	12	56	N
4	8	8	70	14	G
5	17	6	70	7	G
6	14	61	18	7	C
7	29	19	11	41	N
8	19	35	32	14	N
9	20	46	23	11	N
10	15	20	43	22	N
11	20	18	10	52	N
12	8	2	79	11	G
13	0	99	0	1	C
14	7	93	0	0	C
15	93	7	0	0	A
16	75	1	20	4	A
17	44	16	16	24	N
18	29	22	19	30	N
19	38	13	13	36	n
20	38	25	37	0	n
21	50	25	25	0	n
22	87	0	13	0	a
23	13	62	25	0	c
24	61	13	13	13	a
25	13	0	74	13	g
26	13	38	49	0	s
27	0	38	0	62	t
28	25	0	62	13	g
XX
DE	T00539
0	38	0	25	37	n
1	25	20	34	21	N
2	17	33	8	42	N
3	19	13	12	56	N
4	8	8	70	14	G
5	17	6	70	7	G
6	14	61	18	7	C
7	29	19	11	41	N
8	19	35	32	14	N
9	20	46	23	11	N
10	15	20	43	22	N
11	20	18	10	52	N
12	8	2	79	11	G
13	0	99	0	1	C
14	7	93	0	0	C
15	93	7	0	0	A
16	75	1	20	4	A
17	44	16	16	24	N
18	29	22	19	30	N
19	38	13	13	36	n
20	38	25	37	0	n
21	50	25	25	0	n
22	87	0	13	0	a
23	13	62	25	0	c
24	61	13	13	13	a
25	13	0	74	13	g
26	13	38	49	0	s
27	0	38	0	62	t
28	25	0	62	13	g
XX
DE	T00544
0	13	62	0	25	C
1	62	0	38	0	A
2	0	49	38	13	S
3	13	74	0	13	C
4	13	13	13	61	T
5	0	25	62	13	G
6	0	13	0	87	T
7	0	25	25	50	N
8	0	37	25	38	N
9	36	13	13	38	N
10	37	13	25	25	N
11	25	0	13	62	T
12	0	25	0	75	T
13	0	0	13	87	T
14	0	0	87	13	G
15	0	0	100	0	G
16	14	72	0	14	C
17	62	0	25	13	A
18	13	61	13	13	C
19	0	25	50	25	N
20	0	38	49	13	S
21	36	13	13	38	N
22	0	13	87	0	G
23	0	87	0	13	C
24	13	87	0	0	C
25	74	0	13	13	A
26	49	0	38	13	R
27	13	49	13	25	N
28	37	25	0	38	N
XX
DE	T00551
0	13	62	0	25	C
1	62	0	38	0	A
2	0	49	38	13	S
3	13	74	0	13	C
4	13	13	13	61	T
5	0	25	62	13	G
6	0	13	0	87	T
7	0	25	25	50	N
8	0	37	25	38	N
9	36	13	13	38	N
10	37	13	25	25	N
11	25	0	13	62	T
12	0	25	0	75	T
13	0	0	13	87	T
14	0	0	87	13	G
15	0	0	100	0	G
16	14	72	0	14	C
17	62	0	25	13	A
18	13	61	13	13	C
19	0	25	50	25	N
20	0	38	49	13	S
21	36	13	13	38	N
22	0	13	87	0	G
23	0	87	0	13	C
24	13	87	0	0	C
25	74	0	13	13	A
26	49	0	38	13	R
27	13	49	13	25	N
28	37	25	0	38	N
XX
DE	T00552
0	13	62	0	25	C
1	62	0	38	0	A
2	0	49	38	13	S
3	13	74	0	13	C
4	13	13	13	61	T
5	0	25	62	13	G
6	0	13	0	87	T
7	0	25	25	50	N
8	0	37	25	38	N
9	36	13	13	38	N
10	37	13	25	25	N
11	25	0	13	62	T
12	0	25	0	75	T
13	0	0	13	87	T
14	0	0	87	13	G
15	0	0	100	0	G
16	14	72	0	14	C
17	62	0	25	13	A
18	13	61	13	13	C
19	0	25	50	25	N
20	0	38	49	13	S
21	36	13	13	38	N
22	0	13	87	0	G
23	0	87	0	13	C
24	13	87	0	0	C
25	74	0	13	13	A
26	49	0	38	13	R
27	13	49	13	25	N
28	37	25	0	38	N
XX
DE	T00554
0	13	62	0	25	C
1	62	0	38	0	A
2	0	49	38	13	S
3	13	74	0	13	C
4	13	13	13	61	T
5	0	25	62	13	G
6	0	13	0	87	T
7	0	25	25	50	N
8	0	37	25	38	N
9	36	13	13	38	N
10	37	13	25	25	N
11	25	0	13	62	T
12	0	25	0	75	T
13	0	0	13	87	T
14	0	0	87	13	G
15	0	0	100	0	G
16	14	72	0	14	C
17	62	0	25	13	A
18	13	61	13	13	C
19	0	25	50	25	N
20	0	38	49	13	S
21	36	13	13	38	N
22	0	13	87	0	G
23	0	87	0	13	C
24	13	87	0	0	C
25	74	0	13	13	A
26	49	0	38	13	R
27	13	49	13	25	N
28	37	25	0	38	N
XX
DE	T00594
0	2	0	98	0	G
1	1	0	96	3	G
2	74	0	24	2	A
3	95	2	2	1	A
4	82	3	1	14	A
5	10	14	22	54	N
6	0	37	0	63	T
7	0	99	0	1	C
8	2	98	0	0	C
9	13	72	15	0	C
XX
DE	T00599
0	13	62	0	25	C
1	62	0	38	0	A
2	0	49	38	13	S
3	13	74	0	13	C
4	13	13	13	61	T
5	0	25	62	13	G
6	0	13	0	87	T
7	0	25	25	50	N
8	0	37	25	38	N
9	36	13	13	38	N
10	37	13	25	25	N
11	25	0	13	62	T
12	0	25	0	75	T
13	0	0	13	87	T
14	0	0	87	13	G
15	0	0	100	0	G
16	14	72	0	14	C
17	62	0	25	13	A
18	13	61	13	13	C
19	0	25	50	25	N
20	0	38	49	13	S
21	36	13	13	38	N
22	0	13	87	0	G
23	0	87	0	13	C
24	13	87	0	0	C
25	74	0	13	13	A
26	49	0	38	13	R
27	13	49	13	25	N
28	37	25	0	38	N
XX
DE	T00604
0	13	62	0	25	C
1	62	0	38	0	A
2	0	49	38	13	S
3	13	74	0	13	C
4	13	13	13	61	T
5	0	25	62	13	G
6	0	13	0	87	T
7	0	25	25	50	N
8	0	37	25	38	N
9	36	13	13	38	N
10	37	13	25	25	N
11	25	0	13	62	T
12	0	25	0	75	T
13	0	0	13	87	T
14	0	0	87	13	G
15	0	0	100	0	G
16	14	72	0	14	C
17	62	0	25	13	A
18	13	61	13	13	C
19	0	25	50	25	N
20	0	38	49	13	S
21	36	13	13	38	N
22	0	13	87	0	G
23	0	87	0	13	C
24	13	87	0	0	C
25	74	0	13	13	A
26	49	0	38	13	R
27	13	49	13	25	N
28	37	25	0	38	N
XX
DE	T00610
0	13	62	0	25	C
1	62	0	38	0	A
2	0	49	38	13	S
3	13	74	0	13	C
4	13	13	13	61	T
5	0	25	62	13	G
6	0	13	0	87	T
7	0	25	25	50	N
8	0	37	25	38	N
9	36	13	13	38	N
10	37	13	25	25	N
11	25	0	13	62	T
12	0	25	0	75	T
13	0	0	13	87	T
14	0	0	87	13	G
15	0	0	100	0	G
16	14	72	0	14	C
17	62	0	25	13	A
18	13	61	13	13	C
19	0	25	50	25	N
20	0	38	49	13	S
21	36	13	13	38	N
22	0	13	87	0	G
23	0	87	0	13	C
24	13	87	0	0	C
25	74	0	13	13	A
26	49	0	38	13	R
27	13	49	13	25	N
28	37	25	0	38	N
XX
DE	T00615
0	50	0	26	24	n
1	0	39	37	24	n
2	5	16	10	69	T
3	64	8	22	6	A
4	51	3	43	3	R
5	0	100	0	0	C
6	0	100	0	0	C
7	100	0	0	0	A
8	92	5	3	0	A
9	0	0	0	100	T
10	8	74	15	3	C
11	77	0	15	8	A
XX
DE	T00761
0	2	98	0	0	C
1	0	100	0	0	C
2	54	6	3	37	W
3	14	2	0	84	T
4	84	2	6	8	A
5	4	5	0	91	T
6	76	0	2	22	A
7	22	0	0	78	T
8	0	0	100	0	G
9	0	0	100	0	G
10	20	27	38	15	N
11	12	68	13	7	C
12	74	10	0	16	a
13	9	13	20	58	n
XX
DE	T00763
0	27	0	47	26	N
1	0	100	0	0	C
2	0	100	0	0	C
3	56	9	0	35	W
4	21	0	0	79	T
5	74	0	7	19	A
6	7	9	0	84	T
7	84	0	0	16	A
8	27	0	0	73	T
9	0	0	100	0	G
10	0	0	100	0	G
11	25	47	17	11	N
12	13	61	19	7	C
13	52	20	0	28	W
14	11	19	37	33	N
XX
DE	T00765
0	2	98	0	0	C
1	0	100	0	0	C
2	54	6	3	37	W
3	14	2	0	84	T
4	84	2	6	8	A
5	4	5	0	91	T
6	76	0	2	22	A
7	22	0	0	78	T
8	0	0	100	0	G
9	0	0	100	0	G
10	20	27	38	15	N
11	12	68	13	7	C
12	74	10	0	16	a
13	9	13	20	58	n
XX
DE	T00797
0	16	37	39	8	N
1	4	12	5	79	T
2	90	0	1	9	A
3	1	3	1	95	T
4	91	0	1	8	A
5	69	0	0	31	A
6	92	1	5	2	A
7	57	1	11	31	W
8	41	11	40	8	R
9	14	35	39	12	N
10	21	38	33	8	N
11	21	33	33	13	N
12	21	30	33	16	N
13	17	28	36	19	N
14	20	26	36	18	N
XX
DE	T01005
0	6	5	49	40	k
1	1	73	0	26	C
2	0	0	0	100	T
3	100	0	0	0	A
4	2	1	0	97	T
5	5	0	0	95	T
6	5	0	0	95	T
7	37	0	0	63	T
8	9	0	0	91	T
9	96	0	3	1	A
10	8	1	90	1	G
XX
DE	T01006
0	2	86	0	12	C
1	0	0	0	100	T
2	98	2	0	0	A
3	3	2	0	95	T
4	16	0	0	84	T
5	10	0	0	90	T
6	64	0	0	36	A
7	3	0	0	97	T
8	97	0	3	0	A
9	10	0	87	3	G
XX
DE	T01009
0	8	8	32	52	k
1	1	89	0	10	C
2	0	0	0	100	T
3	99	1	0	0	A
4	3	1	0	96	T
5	15	0	0	85	T
6	16	0	0	84	T
7	62	0	0	38	A
8	2	0	0	98	T
9	98	0	2	0	A
10	11	2	85	2	G
11	37	52	0	11	m
XX
DE	T01036
0	38	0	25	37	n
1	25	20	34	21	N
2	17	33	8	42	N
3	19	13	12	56	N
4	8	8	70	14	G
5	17	6	70	7	G
6	14	61	18	7	C
7	29	19	11	41	N
8	19	35	32	14	N
9	20	46	23	11	N
10	15	20	43	22	N
11	20	18	10	52	N
12	8	2	79	11	G
13	0	99	0	1	C
14	7	93	0	0	C
15	93	7	0	0	A
16	75	1	20	4	A
17	44	16	16	24	N
18	29	22	19	30	N
19	38	13	13	36	n
20	38	25	37	0	n
21	50	25	25	0	n
22	87	0	13	0	a
23	13	62	25	0	c
24	61	13	13	13	a
25	13	0	74	13	g
26	13	38	49	0	s
27	0	38	0	62	t
28	25	0	62	13	g
XX
DE	T01154
0	0	29	47	24	N
1	0	0	94	6	G
2	6	0	88	6	G
3	29	6	53	12	R
4	35	29	18	18	N
5	29	6	6	59	W
6	6	0	0	94	T
7	12	0	0	88	T
8	0	88	0	12	C
9	6	94	0	0	C
XX
DE	T01275
0	50	0	33	17	r
1	50	33	17	0	m
2	17	33	17	33	n
3	34	33	9	24	N
4	80	0	15	5	A
5	100	0	0	0	A
6	0	100	0	0	C
7	100	0	0	0	A
8	95	0	0	5	A
9	55	0	0	45	W
10	15	5	70	10	G
11	56	0	44	0	R
12	46	17	37	0	R
13	33	17	50	0	r
14	17	33	0	50	y
15	33	67	0	0	c
16	17	17	0	66	t
XX
DE	T01286
0	0	33	0	67	T
1	0	75	0	25	C
2	8	33	0	59	Y
3	96	4	0	0	A
4	0	0	0	100	T
5	0	0	4	96	T
6	0	0	100	0	G
7	0	0	0	100	T
8	0	0	0	100	T
9	0	54	4	42	Y
10	4	33	4	59	Y
11	0	88	8	4	C
XX
DE	T01422
0	35	12	24	29	N
1	53	6	12	29	W
2	29	24	29	18	N
3	12	12	0	76	T
4	0	0	0	100	T
5	0	6	0	94	T
6	0	100	0	0	C
7	0	0	0	100	T
8	0	0	0	100	T
9	0	0	0	100	T
10	0	0	100	0	G
11	0	0	0	100	T
12	0	0	0	100	T
13	24	29	6	41	N
14	29	18	24	29	N
15	29	29	6	36	N
16	35	12	12	41	N
17	41	0	6	53	W
XX
DE	T01595
0	10	15	20	55	N
1	55	15	30	0	R
2	55	5	35	5	R
3	0	100	0	0	C
4	0	100	0	0	C
5	100	0	0	0	A
6	85	10	5	0	A
7	0	0	0	100	T
8	15	50	30	5	S
9	55	0	30	15	R
10	5	40	35	20	N
XX
DE	T01783
0	1	0	42	57	k
1	0	100	0	0	C
2	0	0	0	100	T
3	100	0	0	0	A
4	41	0	0	59	W
5	48	0	0	52	W
6	49	0	0	51	W
7	54	0	0	46	W
8	0	0	0	100	T
9	100	0	0	0	A
10	0	0	100	0	g
XX
DE	T01944
0	23	42	8	27	N
1	51	15	19	15	N
2	19	19	31	31	N
3	46	4	8	42	W
4	8	0	88	4	G
5	0	0	100	0	G
6	100	0	0	0	A
7	96	0	4	0	A
8	96	4	0	0	A
9	58	19	8	15	N
10	34	23	8	35	N
11	19	23	23	35	N
XX
DE	T02478
0	10	15	20	55	N
1	55	15	30	0	R
2	55	5	35	5	R
3	0	100	0	0	C
4	0	100	0	0	C
5	100	0	0	0	A
6	85	10	5	0	A
7	0	0	0	100	T
8	15	50	30	5	S
9	55	0	30	15	R
10	5	40	35	20	N
XX
DE	T02922
0	100	0	0	0	a
1	100	0	0	0	a
2	5	4	82	9	G
3	89	0	0	11	A
4	4	7	0	89	T
5	4	93	3	0	C
6	97	0	0	3	A
7	96	1	0	3	A
8	93	0	4	3	A
9	11	4	80	5	G
10	0	0	100	0	g
XX
DE	T03022
0	25	25	25	25	N
1	0	0	0	100	T
2	0	0	0	100	T
3	34	0	33	33	N
4	0	100	0	0	C
5	0	100	0	0	C
6	50	0	0	50	W
7	50	0	0	50	W
8	50	0	0	50	W
9	50	0	0	50	W
10	25	25	25	25	N
11	25	25	25	25	N
12	0	0	100	0	G
13	0	0	100	0	G
14	50	0	0	50	W
15	100	0	0	0	A
16	100	0	0	0	A
17	25	25	25	25	N
XX
DE	T03024
0	25	25	25	25	N
1	25	25	25	25	N
2	50	0	0	50	W
3	25	25	25	25	N
4	0	100	0	0	C
5	0	100	0	0	C
6	100	0	0	0	A
7	50	0	0	50	W
8	50	0	0	50	W
9	50	0	0	50	W
10	50	0	0	50	W
11	0	0	0	100	T
12	50	0	50	0	R
13	0	0	100	0	G
14	50	0	0	50	W
15	50	0	0	50	W
16	100	0	0	0	A
17	25	25	25	25	N
XX
DE	T03025
0	10	10	13	67	t
1	18	7	3	72	t
2	43	7	12	38	w
3	4	95	1	0	C
4	2	34	1	63	T
5	84	2	3	11	A
6	32	3	2	63	T
7	53	0	1	46	W
8	38	1	0	61	T
9	49	4	3	44	W
10	10	1	2	87	T
11	25	0	74	1	G
12	1	0	98	1	G
13	41	9	13	37	n
14	76	4	7	13	a
15	64	17	7	12	a
XX
DE	T03178
0	37	47	3	13	M
1	0	73	0	27	C
2	80	0	13	7	A
3	53	7	3	37	W
4	77	0	0	23	A
5	57	0	0	43	W
6	80	3	0	17	A
7	27	0	3	70	T
8	47	3	50	0	R
9	3	3	94	0	G
10	47	17	3	33	N
11	83	17	0	0	A
12	70	7	10	13	A
13	23	17	27	33	N
XX
DE	T03601
0	4	0	0	96	t
1	24	0	48	28	n
2	0	96	0	4	C
3	0	0	0	100	T
4	100	0	0	0	A
5	40	0	0	60	W
6	51	0	0	49	W
7	52	0	0	48	W
8	65	0	0	35	A
9	0	0	0	100	T
10	100	0	0	0	A
11	2	0	98	0	G
12	19	18	0	63	T
13	100	0	0	0	A
14	15	0	85	0	G
15	0	32	0	68	T
XX
DE	T04378
0	20	0	75	5	g
1	9	66	12	13	C
2	10	13	77	0	G
3	31	32	19	18	N
4	3	94	0	3	C
5	12	3	85	0	G
6	7	41	44	8	S
7	5	82	5	8	C
8	46	18	33	3	N
9	10	25	60	5	s
XX
