DE	T00008
0	0	36	27	37	n
1	27	55	18	0	m
2	9	18	55	18	n
3	0	0	82	18	g
4	7	93	0	0	C
5	9	9	73	9	G
6	53	0	42	5	R
7	0	93	0	7	C
8	23	33	18	26	N
9	14	0	81	5	G
10	0	100	0	0	C
11	33	9	58	0	R
12	18	0	73	9	g
13	0	100	0	0	c
14	9	9	64	18	g
15	18	27	55	0	s
XX
DE	T00026
0	67	0	0	33	A
1	0	0	0	100	T
2	92	0	8	0	A
3	100	0	0	0	A
4	0	0	25	75	T
5	25	0	0	75	T
XX
DE	T00063
0	9	4	0	87	T
1	99	0	1	0	A
2	100	0	0	0	A
3	4	1	14	81	T
4	2	92	2	4	C
5	5	73	6	16	C
XX
DE	T00079
0	5	0	8	87	T
1	0	0	0	100	T
2	3	0	6	91	T
3	76	5	3	16	A
4	0	10	14	76	T
5	8	3	89	0	G
6	36	12	39	13	n
7	5	43	5	47	y
XX
DE	T00139
0	22	34	33	11	N
1	17	28	17	38	N
2	17	38	17	28	N
3	94	6	0	0	A
4	100	0	0	0	A
5	0	100	0	0	C
6	6	11	28	55	K
7	17	6	55	22	N
8	11	33	39	17	N
9	6	55	17	22	N
XX
DE	T00193
0	84	2	11	3	A
1	4	4	16	76	T
2	0	0	2	98	T
3	98	0	0	2	A
4	90	4	4	2	A
5	0	0	0	100	t
XX
DE	T00208
0	73	7	13	7	a
1	6	59	6	29	Y
2	0	0	0	100	T
3	0	0	0	100	T
4	0	100	0	0	C
5	0	100	0	0	C
6	0	0	71	29	G
7	6	12	70	12	G
8	35	12	41	12	n
9	19	13	0	68	t
10	7	13	7	73	t
XX
DE	T00210
0	73	7	13	7	a
1	65	7	6	22	A
2	31	33	6	30	N
3	25	66	6	3	C
4	52	48	0	0	M
5	7	0	93	0	G
6	0	7	93	0	G
7	100	0	0	0	A
8	100	0	0	0	A
9	21	3	60	16	G
10	10	13	4	73	T
XX
DE	T00253
0	10	31	0	59	Y
1	57	38	4	1	M
2	91	1	1	7	A
3	1	0	7	92	T
4	14	3	7	76	T
5	89	0	5	6	A
XX
DE	T00272
0	59	9	31	1	r
1	58	36	1	5	m
2	35	5	3	57	W
3	15	68	0	17	C
4	69	13	10	8	A
5	63	1	12	24	A
6	1	1	0	98	T
7	3	6	1	90	T
8	92	0	0	8	a
9	74	8	13	5	a
10	41	51	8	0	m
11	13	0	21	66	t
XX
DE	T00295
0	3	1	4	92	T
1	88	2	3	7	A
2	97	0	0	3	A
3	2	2	6	90	T
4	4	5	54	37	K
XX
DE	T00368
0	25	0	64	11	G
1	4	0	85	11	G
2	8	4	0	88	T
3	13	4	6	77	T
4	97	0	0	3	A
5	67	9	3	21	A
6	7	0	3	90	T
7	37	20	23	20	N
8	72	0	3	25	A
9	10	4	1	85	T
10	1	14	0	85	T
11	68	3	19	10	A
12	46	32	15	7	N
13	17	72	0	11	C
XX
DE	T00377
0	10	20	10	60	T
1	0	20	70	10	G
2	10	70	10	10	C
3	30	40	10	20	N
4	40	30	0	30	N
5	40	20	10	30	N
6	10	50	20	20	N
7	30	20	0	50	W
8	10	40	10	40	Y
9	10	90	0	0	C
10	10	60	10	20	C
11	10	50	0	40	Y
12	20	70	0	10	C
13	100	0	0	0	A
14	0	0	0	100	T
15	0	0	0	100	T
16	100	0	0	0	A
17	0	20	50	30	K
18	0	20	0	80	T
19	20	20	50	10	N
20	20	30	30	20	N
21	30	0	30	40	N
22	20	50	10	20	N
23	30	20	40	10	N
24	40	40	10	10	M
25	20	40	30	10	N
26	30	30	0	40	N
27	10	50	0	40	Y
28	10	70	10	10	C
29	40	20	20	20	N
XX
DE	T00385
0	1	1	82	16	g
1	81	1	2	16	a
2	82	14	2	2	a
3	22	31	19	28	n
4	28	19	31	22	N
5	3	3	14	80	T
6	15	3	2	80	T
7	15	81	2	2	C
8	17	26	18	39	N
9	40	17	26	17	n
10	1	1	82	16	g
11	81	1	2	16	a
12	82	14	2	2	a
XX
DE	T00386
0	2	8	27	63	t
1	19	1	2	78	t
2	17	81	2	0	c
3	10	5	30	55	k
4	55	30	5	10	m
5	0	2	81	17	g
6	74	2	1	23	a
7	68	21	6	5	a
8	32	7	30	31	n
9	33	27	3	37	N
10	1	7	18	74	T
11	16	1	3	80	T
12	14	84	2	0	C
13	9	6	33	52	K
XX
DE	T00424
0	0	38	57	5	S
1	100	0	0	0	A
2	100	0	0	0	A
3	95	0	0	5	A
4	100	0	0	0	A
5	6	22	66	6	G
6	0	48	0	52	Y
7	5	0	95	0	G
8	100	0	0	0	A
9	95	5	0	0	A
10	100	0	0	0	A
11	5	66	29	0	C
12	5	61	5	29	C
XX
DE	T00487
0	63	4	11	22	A
1	53	0	4	43	W
2	15	7	12	66	T
3	19	7	11	63	T
4	96	0	4	0	A
5	4	96	0	0	C
6	92	0	4	4	A
7	4	24	4	68	T
8	8	4	81	7	G
XX
DE	T00488
0	0	7	7	86	T
1	0	0	100	0	G
2	100	0	0	0	A
3	0	0	0	100	T
4	0	0	100	0	G
5	7	14	0	79	T
6	72	0	21	7	A
7	43	14	29	14	N
8	35	29	7	29	N
9	14	7	7	72	T
XX
DE	T00625
0	7	85	4	4	C
1	100	0	0	0	A
2	0	3	97	0	G
3	3	0	97	0	G
4	0	0	0	100	T
5	19	0	78	3	G
XX
DE	T00630
0	98	0	0	2	A
1	2	0	0	98	T
2	9	8	34	49	K
3	76	13	8	3	A
4	66	0	26	8	A
5	18	36	0	46	Y
6	82	0	0	18	A
7	50	0	0	50	W
8	75	0	0	25	A
9	40	5	11	44	W
10	22	14	33	31	n
11	17	51	18	14	n
12	61	18	7	14	a
XX
DE	T00632
0	100	0	0	0	A
1	0	0	0	100	T
2	9	0	35	56	K
3	100	0	0	0	A
4	75	0	22	3	A
5	6	50	0	44	Y
6	75	0	0	25	A
7	32	0	0	68	T
8	100	0	0	0	A
9	43	0	0	57	W
10	0	0	53	47	k
11	0	88	0	12	c
12	94	0	6	0	a
13	6	0	12	82	t
XX
DE	T00633
0	100	0	0	0	A
1	0	0	0	100	T
2	9	0	35	56	K
3	100	0	0	0	A
4	75	0	22	3	A
5	6	50	0	44	Y
6	75	0	0	25	A
7	32	0	0	68	T
8	100	0	0	0	A
9	43	0	0	57	W
10	0	0	53	47	k
11	0	88	0	12	c
12	94	0	6	0	a
13	6	0	12	82	t
XX
DE	T00641
0	14	17	2	67	T
1	96	1	2	1	A
2	0	3	1	96	T
3	2	5	83	10	G
4	10	67	8	15	C
5	68	8	2	22	A
6	88	2	3	7	A
7	83	2	6	9	A
8	8	4	11	77	T
XX
DE	T00642
0	14	17	2	67	T
1	96	1	2	1	A
2	0	3	1	96	T
3	2	5	83	10	G
4	10	67	8	15	C
5	68	8	2	22	A
6	88	2	3	7	A
7	83	2	6	9	A
8	8	4	11	77	T
XX
DE	T00644
0	14	17	2	67	T
1	96	1	2	1	A
2	0	3	1	96	T
3	2	5	83	10	G
4	10	67	8	15	C
5	68	8	2	22	A
6	88	2	3	7	A
7	83	2	6	9	A
8	8	4	11	77	T
XX
DE	T00646
0	21	51	10	18	N
1	8	0	8	84	T
2	18	45	21	16	N
3	86	14	0	0	A
4	0	0	0	100	T
5	0	0	0	100	T
6	15	0	0	85	T
7	0	0	85	15	G
8	0	100	0	0	C
9	91	0	9	0	A
10	0	0	0	100	T
11	65	0	25	10	A
12	13	48	6	33	Y
XX
DE	T00648
0	21	51	10	18	N
1	8	0	8	84	T
2	18	45	21	16	N
3	86	14	0	0	A
4	0	0	0	100	T
5	0	0	0	100	T
6	15	0	0	85	T
7	0	0	85	15	G
8	0	100	0	0	C
9	91	0	9	0	A
10	0	0	0	100	T
11	65	0	25	10	A
12	13	48	6	33	Y
XX
DE	T00655
0	17	17	49	17	N
1	33	17	33	17	N
2	0	17	50	33	K
3	17	17	66	0	G
4	83	0	0	17	A
5	67	0	0	33	A
6	0	0	0	100	T
7	33	0	0	67	T
8	66	17	0	17	A
9	34	33	33	0	N
10	66	17	17	0	A
11	34	33	33	0	N
12	0	17	17	66	T
13	34	0	33	33	N
14	17	33	33	17	N
XX
DE	T00656
0	17	17	49	17	N
1	33	17	33	17	N
2	0	17	50	33	K
3	17	17	66	0	G
4	83	0	0	17	A
5	67	0	0	33	A
6	0	0	0	100	T
7	33	0	0	67	T
8	66	17	0	17	A
9	34	33	33	0	N
10	66	17	17	0	A
11	34	33	33	0	N
12	0	17	17	66	T
13	34	0	33	33	N
14	17	33	33	17	N
XX
DE	T00678
0	24	4	63	9	G
1	13	6	0	81	T
2	1	76	6	17	C
3	74	6	9	11	A
4	13	48	6	33	Y
5	8	5	61	26	G
XX
DE	T00689
0	0	33	17	50	Y
1	0	0	0	100	T
2	100	0	0	0	A
3	100	0	0	0	A
4	83	0	0	17	A
5	0	0	0	100	T
6	0	0	50	50	K
XX
DE	T00699
0	10	4	4	82	T
1	76	17	2	5	A
2	99	0	0	1	A
3	0	18	0	82	T
4	0	18	28	54	K
5	1	14	61	24	G
6	51	23	9	17	n
7	12	5	7	76	t
XX
DE	T00715
0	40	6	48	6	r
1	48	2	48	2	R
2	3	0	11	86	T
3	3	0	96	1	G
4	6	6	1	87	T
5	48	13	31	8	N
6	2	14	2	82	T
7	2	0	98	0	G
8	0	0	100	0	G
9	0	0	100	0	G
10	0	0	0	100	T
11	0	1	80	19	G
12	4	19	0	77	T
XX
DE	T00725
0	33	67	0	0	c
1	3	97	0	0	C
2	0	0	100	0	G
3	0	0	100	0	G
4	0	0	100	0	G
5	0	0	0	100	T
6	68	0	30	2	A
7	72	0	28	0	A
8	50	50	0	0	m
9	50	0	0	50	w
XX
DE	T00737
0	80	5	10	5	A
1	0	100	0	0	C
2	0	100	0	0	C
3	0	0	100	0	G
4	0	0	100	0	G
5	100	0	0	0	A
6	80	0	0	20	A
7	20	5	75	0	G
8	5	30	0	65	T
XX
DE	T00863
0	10	62	6	22	c
1	38	48	3	11	m
2	93	3	3	1	A
3	1	3	0	96	T
4	7	4	3	86	T
5	94	0	0	6	A
XX
DE	T00895
0	4	37	2	57	Y
1	98	0	0	2	A
2	100	0	0	0	A
3	2	98	0	0	C
4	0	4	76	20	G
5	2	2	94	2	G
XX
DE	T00917
0	87	0	4	9	a
1	17	6	37	40	N
2	24	3	0	73	T
3	6	0	0	94	T
4	81	0	0	19	A
5	100	0	0	0	A
6	41	0	4	55	W
7	0	5	13	82	T
8	3	8	76	13	G
XX
DE	T00918
0	15	19	31	35	N
1	31	27	19	23	N
2	42	8	15	35	N
3	31	8	27	34	N
4	15	12	4	69	T
5	0	19	4	77	T
6	0	0	100	0	G
7	100	0	0	0	A
8	0	0	100	0	G
9	4	15	0	81	T
10	0	4	92	4	G
11	39	15	31	15	N
12	35	19	23	23	N
13	34	19	12	35	N
14	31	12	23	34	N
15	27	15	23	35	N
XX
DE	T00964
0	21	51	10	18	N
1	8	0	8	84	T
2	18	45	21	16	N
3	86	14	0	0	A
4	0	0	0	100	T
5	0	0	0	100	T
6	15	0	0	85	T
7	0	0	85	15	G
8	0	100	0	0	C
9	91	0	9	0	A
10	0	0	0	100	T
11	65	0	25	10	A
12	13	48	6	33	Y
XX
DE	T00969
0	17	17	49	17	N
1	33	17	33	17	N
2	0	17	50	33	K
3	17	17	66	0	G
4	83	0	0	17	A
5	67	0	0	33	A
6	0	0	0	100	T
7	33	0	0	67	T
8	66	17	0	17	A
9	34	33	33	0	N
10	66	17	17	0	A
11	34	33	33	0	N
12	0	17	17	66	T
13	34	0	33	33	N
14	17	33	33	17	N
XX
DE	T01027
0	0	0	0	100	T
1	0	0	100	0	G
2	100	0	0	0	A
3	0	100	0	0	C
4	0	0	0	100	T
5	0	100	0	0	C
XX
DE	T01031
0	14	17	2	67	T
1	96	1	2	1	A
2	0	3	1	96	T
3	2	5	83	10	G
4	10	67	8	15	C
5	68	8	2	22	A
6	88	2	3	7	A
7	83	2	6	9	A
8	8	4	11	77	T
XX
DE	T01042
0	53	9	27	11	N
1	0	0	100	0	G
2	85	2	4	9	A
3	81	2	4	13	A
4	16	31	20	33	N
5	30	5	47	18	N
6	13	9	13	65	T
7	11	9	11	69	T
8	0	100	0	0	C
9	13	16	47	24	N
XX
DE	T01044
0	53	9	27	11	N
1	0	0	100	0	G
2	85	2	4	9	A
3	81	2	4	13	A
4	16	31	20	33	N
5	30	5	47	18	N
6	13	9	13	65	T
7	11	9	11	69	T
8	0	100	0	0	C
9	13	16	47	24	N
XX
DE	T01045
0	34	23	31	12	N
1	0	0	100	0	G
2	89	4	7	0	A
3	74	4	7	15	A
4	15	22	26	37	N
5	29	26	30	15	N
6	30	7	7	56	W
7	15	0	8	77	T
8	0	100	0	0	C
9	7	15	45	33	N
XX
DE	T01051
0	17	50	0	33	Y
1	66	0	17	17	A
2	33	17	0	50	W
3	33	0	67	0	G
4	0	0	0	100	T
5	100	0	0	0	A
6	100	0	0	0	A
7	100	0	0	0	A
8	0	33	0	67	T
9	100	0	0	0	A
10	50	17	0	33	W
11	33	0	17	50	W
12	33	0	50	17	R
13	0	50	17	33	Y
XX
DE	T01053
0	33	0	0	67	T
1	17	17	49	17	N
2	50	0	17	33	W
3	0	0	100	0	G
4	0	0	0	100	T
5	67	33	0	0	A
6	100	0	0	0	A
7	100	0	0	0	A
8	0	83	0	17	C
9	100	0	0	0	A
10	67	0	0	33	A
11	50	17	0	33	W
12	50	33	0	17	M
13	50	0	17	33	W
XX
DE	T01074
0	4	17	9	70	T
1	100	0	0	0	A
2	100	0	0	0	A
3	0	4	4	92	T
4	29	25	17	29	N
XX
DE	T01084
0	67	0	33	0	A
1	0	0	100	0	G
2	100	0	0	0	A
3	100	0	0	0	A
4	0	0	0	100	T
5	0	0	100	0	G
XX
DE	T01085
0	14	45	9	32	N
1	23	41	27	9	N
2	9	27	23	41	N
3	0	27	27	46	N
4	0	46	9	45	Y
5	5	36	5	54	Y
6	32	9	32	27	N
7	0	100	0	0	C
8	100	0	0	0	A
9	0	0	0	100	T
10	0	0	0	100	T
11	0	100	0	0	C
12	0	68	0	32	C
13	32	23	9	36	N
14	23	18	32	27	N
15	18	32	14	36	N
16	14	27	36	23	N
17	27	41	18	14	N
18	5	32	23	40	N
XX
DE	T01122
0	6	7	9	78	T
1	5	3	1	91	T
2	8	61	2	29	C
3	88	8	2	2	A
4	7	80	1	12	C
5	2	0	95	3	G
6	2	83	12	3	C
7	47	5	4	44	W
8	2	9	1	88	T
9	5	32	57	6	S
10	84	1	14	1	A
11	28	25	30	17	N
12	3	11	7	79	T
13	2	0	42	56	K
XX
DE	T01256
0	50	0	0	50	W
1	100	0	0	0	A
2	100	0	0	0	A
3	0	50	0	50	Y
4	100	0	0	0	A
5	100	0	0	0	A
6	100	0	0	0	A
7	0	100	0	0	C
8	100	0	0	0	A
9	100	0	0	0	A
10	50	0	0	50	W
XX
DE	T01467
0	99	0	1	0	A
1	0	5	95	0	G
2	0	1	99	0	G
3	3	3	0	94	T
4	13	3	83	1	G
XX
DE	T01474
0	0	87	3	10	c
1	97	3	0	0	A
2	99	0	0	1	A
3	0	1	0	99	T
4	70	0	13	17	A
5	100	0	0	0	A
6	0	0	0	100	T
7	5	0	3	92	T
8	11	11	70	8	G
XX
DE	T01475
0	0	100	0	0	C
1	100	0	0	0	A
2	100	0	0	0	A
3	0	0	0	100	T
4	0	50	50	0	S
5	100	0	0	0	A
6	0	0	0	100	T
7	0	0	0	100	T
8	0	0	100	0	G
XX
DE	T01476
0	3	15	79	3	g
1	11	47	7	35	Y
2	19	70	8	3	C
3	75	1	15	9	A
4	11	0	3	86	T
5	69	12	3	16	A
6	83	7	3	7	A
7	80	13	2	5	A
XX
DE	T01481
0	84	5	5	6	A
1	8	11	2	79	T
2	2	86	4	8	C
3	89	7	0	4	A
4	94	0	0	6	A
5	4	0	2	94	T
6	8	88	0	4	C
7	88	4	3	5	A
8	71	1	3	25	A
XX
DE	T01482
0	0	0	17	83	T
1	17	0	0	83	T
2	0	0	0	100	T
3	17	33	17	33	N
4	33	0	50	17	R
5	50	0	0	50	W
6	17	17	17	49	N
7	0	33	17	50	Y
8	33	0	0	67	T
9	49	17	17	17	N
XX
DE	T01484
0	7	45	8	40	Y
1	58	10	18	14	N
2	3	11	28	58	K
3	57	9	0	34	W
4	85	0	0	15	A
5	61	6	0	33	A
XX
DE	T01485
0	27	11	21	41	N
1	45	16	12	27	N
2	17	6	24	53	N
3	100	0	0	0	A
4	0	0	0	100	T
5	1	73	0	26	C
6	0	0	100	0	G
7	100	0	0	0	A
8	0	0	0	100	T
9	8	20	2	70	T
10	86	2	4	8	A
11	18	11	23	48	N
12	11	32	6	51	Y
13	21	10	27	42	N
14	37	10	12	41	N
XX
DE	T01525
0	53	9	27	11	N
1	0	0	100	0	G
2	85	2	4	9	A
3	81	2	4	13	A
4	16	31	20	33	N
5	30	5	47	18	N
6	13	9	13	65	T
7	11	9	11	69	T
8	0	100	0	0	C
9	13	16	47	24	N
XX
DE	T01545
0	0	0	0	100	T
1	0	0	0	100	T
2	0	0	0	100	T
3	0	50	50	0	S
4	0	17	83	0	G
5	0	100	0	0	C
6	0	0	100	0	G
7	0	92	8	0	C
XX
DE	T01568
0	73	0	2	25	a
1	66	1	22	11	A
2	64	2	18	16	A
3	15	65	10	10	C
4	38	20	34	8	N
5	0	2	96	2	G
6	3	1	3	93	T
7	2	1	0	97	T
8	82	1	2	15	A
9	2	31	51	16	s
XX
DE	T01590
0	70	8	11	11	A
1	6	78	8	8	C
2	0	86	0	14	C
3	47	0	0	53	W
4	100	0	0	0	A
5	0	100	0	0	C
6	3	94	0	3	C
7	31	36	11	22	N
8	17	22	42	19	N
XX
DE	T01591
0	70	8	11	11	A
1	6	78	8	8	C
2	0	86	0	14	C
3	47	0	0	53	W
4	100	0	0	0	A
5	0	100	0	0	C
6	3	94	0	3	C
7	31	36	11	22	N
8	17	22	42	19	N
XX
DE	T01607
0	0	0	0	100	T
1	0	0	0	100	T
2	0	0	0	100	T
3	0	50	50	0	S
4	0	17	83	0	G
5	0	100	0	0	C
6	0	0	100	0	G
7	0	92	8	0	C
XX
DE	T01666
0	0	0	100	0	G
1	0	0	0	100	T
2	3	3	0	94	T
3	31	9	51	9	R
4	0	100	0	0	C
5	3	54	9	34	Y
6	56	0	15	29	W
7	18	18	31	33	N
8	16	13	60	11	G
XX
DE	T01673
0	0	0	100	0	G
1	0	0	0	100	T
2	3	3	0	94	T
3	31	9	51	9	R
4	0	100	0	0	C
5	3	54	9	34	Y
6	56	0	15	29	W
7	18	18	31	33	N
8	16	13	60	11	G
XX
DE	T01675
0	6	70	9	15	C
1	81	0	4	15	A
2	53	47	0	0	M
3	0	0	0	100	T
4	0	0	0	100	T
5	73	0	27	0	A
6	61	7	0	32	A
XX
DE	T01708
0	0	0	0	100	T
1	4	0	96	0	G
2	96	0	4	0	A
3	0	96	4	0	C
4	88	8	4	0	A
5	0	15	78	7	G
6	8	11	26	55	K
7	4	0	0	96	T
8	4	4	4	88	T
9	30	4	8	58	W
10	84	4	4	8	A
11	4	45	4	47	Y
12	22	0	67	11	G
13	56	7	37	0	R
XX
DE	T01709
0	0	0	0	100	T
1	4	0	96	0	G
2	96	0	4	0	A
3	0	96	4	0	C
4	88	8	4	0	A
5	0	15	78	7	G
6	8	11	26	55	K
7	4	0	0	96	T
8	4	4	4	88	T
9	30	4	8	58	W
10	84	4	4	8	A
11	4	45	4	47	Y
12	22	0	67	11	G
13	56	7	37	0	R
XX
DE	T01710
0	0	0	0	100	T
1	4	0	96	0	G
2	96	0	4	0	A
3	0	96	4	0	C
4	88	8	4	0	A
5	0	15	78	7	G
6	8	11	26	55	K
7	4	0	0	96	T
8	4	4	4	88	T
9	30	4	8	58	W
10	84	4	4	8	A
11	4	45	4	47	Y
12	22	0	67	11	G
13	56	7	37	0	R
XX
DE	T01814
0	5	9	9	77	T
1	5	5	0	90	T
2	9	61	2	28	C
3	91	5	2	2	A
4	7	79	2	12	C
5	2	0	96	2	G
6	2	87	9	2	C
7	48	5	5	42	W
8	2	9	2	87	T
9	5	33	57	5	S
10	84	0	14	2	A
11	26	26	29	19	N
12	2	12	7	79	T
13	2	0	40	58	K
XX
DE	T01820
0	0	0	0	100	T
1	100	0	0	0	A
2	100	0	0	0	A
3	0	0	0	100	T
4	0	0	0	100	T
5	0	0	0	100	T
6	50	0	50	0	R
7	0	50	0	50	Y
8	0	0	0	100	T
9	50	0	0	50	W
10	100	0	0	0	A
11	100	0	0	0	A
XX
DE	T01821
0	0	0	0	100	T
1	100	0	0	0	A
2	100	0	0	0	A
3	0	0	0	100	T
4	0	0	0	100	T
5	0	0	0	100	T
6	50	0	50	0	R
7	0	50	0	50	Y
8	0	0	0	100	T
9	50	0	0	50	W
10	100	0	0	0	A
11	100	0	0	0	A
XX
DE	T01822
0	33	32	19	16	N
1	33	24	16	27	N
2	14	27	24	35	N
3	92	0	5	3	A
4	100	0	0	0	A
5	97	0	0	3	A
6	0	54	32	14	S
7	22	32	11	35	N
8	22	45	19	14	N
XX
DE	T01823
0	10	3	0	87	T
1	2	32	5	61	T
2	35	7	5	53	W
3	27	32	18	23	N
4	18	13	43	26	N
5	13	31	28	28	N
6	47	3	37	13	r
7	13	17	10	60	n
8	14	10	48	28	n
9	62	17	7	14	a
XX
DE	T01862
0	23	6	12	59	W
1	22	28	28	22	N
2	6	6	0	88	T
3	100	0	0	0	A
4	0	0	0	100	T
5	0	0	95	5	G
6	0	40	32	28	N
7	24	0	0	76	T
8	100	0	0	0	A
9	100	0	0	0	A
10	0	0	0	100	T
11	0	0	0	100	T
XX
DE	T01863
0	23	6	12	59	W
1	22	28	28	22	N
2	6	6	0	88	T
3	100	0	0	0	A
4	0	0	0	100	T
5	0	0	95	5	G
6	0	40	32	28	N
7	24	0	0	76	T
8	100	0	0	0	A
9	100	0	0	0	A
10	0	0	0	100	T
11	0	0	0	100	T
XX
DE	T01888
0	19	6	75	0	G
1	13	81	0	6	C
2	87	0	0	13	A
3	13	0	0	87	T
4	81	6	0	13	A
5	81	6	13	0	A
6	44	0	0	56	W
7	0	0	0	100	T
8	19	0	0	81	T
9	100	0	0	0	A
10	0	0	6	94	T
XX
DE	T01897
0	0	18	0	82	T
1	100	0	0	0	A
2	18	18	0	64	T
3	0	0	55	45	K
4	27	73	0	0	C
5	100	0	0	0	A
XX
DE	T01900
0	25	0	0	75	T
1	0	0	0	100	T
2	75	0	0	25	A
3	0	0	0	100	T
4	25	25	50	0	N
5	0	75	0	25	C
6	100	0	0	0	A
7	50	0	25	25	N
8	0	0	100	0	G
9	0	50	25	25	N
XX
DE	T01950
0	24	0	66	10	G
1	5	0	95	0	G
2	5	0	0	95	T
3	5	0	0	95	T
4	95	0	0	5	A
5	75	10	5	10	A
6	5	0	0	95	T
7	38	10	19	33	N
8	66	0	5	29	A
9	10	0	0	90	T
10	0	19	0	81	T
11	62	5	14	19	A
12	38	38	14	10	N
13	24	62	0	14	C
XX
DE	T01951
0	24	0	66	10	G
1	5	0	95	0	G
2	5	0	0	95	T
3	5	0	0	95	T
4	95	0	0	5	A
5	75	10	5	10	A
6	5	0	0	95	T
7	38	10	19	33	N
8	66	0	5	29	A
9	10	0	0	90	T
10	0	19	0	81	T
11	62	5	14	19	A
12	38	38	14	10	N
13	24	62	0	14	C
XX
DE	T01964
0	50	0	40	10	r
1	29	15	5	51	N
2	14	0	4	82	T
3	91	2	5	2	A
4	88	0	7	5	A
5	0	0	0	100	T
6	3	0	0	97	T
7	100	0	0	0	A
8	95	5	0	0	A
9	17	7	3	73	T
10	2	8	12	78	T
11	40	15	0	45	w
XX
DE	T01992
0	14	5	35	46	K
1	27	41	8	24	N
2	59	41	0	0	M
3	97	0	0	3	A
4	0	0	0	100	T
5	30	5	0	65	T
6	89	3	0	8	A
7	49	5	11	35	W
XX
DE	T02008
0	0	0	0	100	T
1	0	17	83	0	G
2	0	0	0	100	T
3	17	83	0	0	C
4	100	0	0	0	A
5	0	0	0	100	T
6	17	17	0	66	T
7	83	17	0	0	A
8	25	25	25	25	n
9	100	0	0	0	a
10	25	25	25	25	n
11	0	0	0	100	t
12	0	0	0	100	t
XX
DE	T02030
0	39	4	57	0	R
1	58	19	8	15	N
2	96	0	2	2	A
3	0	0	0	100	T
4	7	7	47	39	K
5	14	11	7	68	T
6	15	53	8	24	N
7	19	19	0	62	t
XX
DE	T02054
0	0	0	0	100	T
1	0	0	100	0	G
2	0	0	100	0	G
3	0	100	0	0	C
4	88	6	0	6	A
5	13	50	31	6	S
6	13	49	25	13	N
7	44	6	31	19	N
8	25	19	13	43	N
9	0	0	100	0	G
10	0	100	0	0	C
11	0	100	0	0	C
12	100	0	0	0	A
13	88	0	6	6	A
XX
DE	T02068
0	25	37	33	5	N
1	7	4	84	5	G
2	5	0	91	4	G
3	98	2	0	0	A
4	98	0	0	2	A
5	5	32	59	4	S
XX
DE	T02078
0	0	3	92	5	G
1	0	0	100	0	G
2	87	13	0	0	A
3	0	0	0	100	T
4	0	0	0	100	T
5	100	0	0	0	A
6	18	9	60	13	N
XX
DE	T02087
0	28	33	11	28	N
1	17	49	17	17	N
2	88	6	6	0	A
3	6	6	0	88	T
4	0	100	0	0	C
5	94	6	0	0	A
6	94	0	0	6	A
7	0	0	6	94	T
8	0	100	0	0	C
9	88	6	0	6	A
10	66	0	6	28	A
11	45	11	11	33	N
XX
DE	T02101
0	15	15	44	26	N
1	29	17	27	27	N
2	26	21	41	12	N
3	17	17	49	17	N
4	27	20	40	13	N
5	16	33	29	22	N
6	15	21	13	51	N
7	4	0	0	96	T
8	87	3	3	7	A
9	97	0	2	1	A
10	0	3	3	94	T
11	11	5	56	28	K
12	22	5	70	3	G
13	16	40	30	14	N
14	11	31	20	38	N
15	23	23	8	46	N
16	22	34	17	27	N
17	20	17	50	13	N
18	17	13	29	41	N
XX
DE	T02104
0	53	9	27	11	N
1	0	0	100	0	G
2	85	2	4	9	A
3	81	2	4	13	A
4	16	31	20	33	N
5	30	5	47	18	N
6	13	9	13	65	T
7	11	9	11	69	T
8	0	100	0	0	C
9	13	16	47	24	N
XX
DE	T02128
0	80	5	10	5	A
1	0	100	0	0	C
2	0	100	0	0	C
3	0	0	100	0	G
4	0	0	100	0	G
5	100	0	0	0	A
6	80	0	0	20	A
7	20	5	75	0	G
8	5	30	0	65	T
XX
DE	T02288
0	79	0	14	7	a
1	49	16	0	35	W
2	71	22	7	0	A
3	0	7	0	93	T
4	100	0	0	0	A
5	100	0	0	0	A
6	100	0	0	0	A
7	0	100	0	0	C
8	84	0	0	16	A
9	58	0	13	29	W
10	7	16	7	70	T
XX
DE	T02290
0	69	0	29	2	A
1	81	11	5	3	A
2	67	2	16	15	A
3	24	44	0	32	N
4	67	19	0	14	A
5	97	0	0	3	A
6	100	0	0	0	A
7	3	68	0	29	C
8	89	0	8	3	A
9	48	0	3	49	W
10	30	0	5	65	T
XX
DE	T02291
0	59	27	7	7	m
1	0	0	0	100	t
2	40	0	10	50	W
3	0	0	10	90	T
4	0	0	0	100	T
5	0	0	0	100	T
6	100	0	0	0	A
7	0	33	0	67	T
8	8	17	8	67	t
9	18	18	18	46	n
10	27	0	9	64	t
11	33	0	22	45	n
XX
DE	T02294
0	50	17	0	33	W
1	33	17	17	33	N
2	33	0	0	67	T
3	83	0	17	0	A
4	0	0	0	100	T
5	100	0	0	0	A
6	100	0	0	0	A
7	100	0	0	0	A
8	0	83	0	17	C
9	100	0	0	0	A
10	33	0	17	50	W
11	33	17	17	33	N
12	17	33	33	17	N
13	50	0	33	17	R
XX
DE	T02461
0	27	37	23	13	N
1	33	17	23	27	N
2	27	8	21	44	N
3	0	0	0	100	T
4	15	0	85	0	G
5	0	0	0	100	T
6	0	0	0	100	T
7	0	0	0	100	T
8	81	0	19	0	A
9	0	13	0	87	T
10	42	2	23	33	N
11	10	29	2	59	Y
12	38	8	46	8	R
XX
DE	T02465
0	19	7	15	59	N
1	0	0	0	100	T
2	7	0	93	0	G
3	0	0	0	100	T
4	0	0	0	100	T
5	0	0	0	100	T
6	100	0	0	0	A
7	0	74	0	26	C
8	10	33	44	13	N
9	17	19	19	45	N
10	15	7	15	63	T
XX
DE	T02472
0	0	0	0	100	T
1	3	0	94	3	G
2	0	3	3	94	T
3	0	0	0	100	T
4	0	0	5	95	T
5	100	0	0	0	A
6	3	89	3	5	C
7	30	15	0	55	w
8	0	25	0	75	t
9	60	0	0	40	w
10	60	0	30	10	r
11	0	30	70	0	g
XX
DE	T02474
0	77	13	3	7	A
1	58	13	3	26	W
2	76	12	12	0	A
3	0	52	0	48	Y
4	100	0	0	0	A
5	100	0	0	0	A
6	100	0	0	0	A
7	0	58	0	42	Y
8	100	0	0	0	A
XX
DE	T02475
0	67	9	9	15	A
1	13	11	13	63	T
2	75	11	9	5	A
3	58	22	5	15	M
4	95	0	5	0	A
5	0	35	0	65	T
6	94	4	2	0	A
XX
DE	T02667
0	17	29	17	37	N
1	4	17	21	58	N
2	54	4	29	13	R
3	100	0	0	0	A
4	0	0	100	0	G
5	0	0	0	100	T
6	25	0	75	0	G
7	17	25	50	8	N
8	37	29	21	13	N
XX
DE	T02855
0	28	24	33	15	N
1	17	26	55	2	S
2	0	92	4	4	C
3	2	2	0	96	T
4	6	86	0	8	C
5	92	2	2	4	A
6	2	0	94	4	G
7	2	93	5	0	C
8	4	4	92	0	G
9	2	55	27	16	S
10	18	23	45	14	N
XX
DE	T02936
0	53	21	26	0	n
1	55	15	15	15	n
2	29	35	10	26	N
3	27	9	62	2	G
4	22	2	0	76	T
5	84	8	0	8	A
6	97	0	0	3	A
7	97	0	0	3	A
8	0	100	0	0	C
9	100	0	0	0	A
10	69	12	8	11	A
XX
DE	T02983
0	14	3	17	66	T
1	23	16	54	7	N
2	49	3	33	15	R
3	19	3	35	43	N
4	22	13	33	32	N
XX
DE	T03031
0	33	32	19	16	N
1	33	24	16	27	N
2	14	27	24	35	N
3	92	0	5	3	A
4	100	0	0	0	A
5	97	0	0	3	A
6	0	54	32	14	S
7	22	32	11	35	N
8	22	45	19	14	N
XX
DE	T03219
0	33	32	19	16	N
1	33	24	16	27	N
2	14	27	24	35	N
3	92	0	5	3	A
4	100	0	0	0	A
5	97	0	0	3	A
6	0	54	32	14	S
7	22	32	11	35	N
8	22	45	19	14	N
XX
DE	T03303
0	17	0	0	83	t
1	0	0	0	100	T
2	25	0	75	0	G
3	0	0	0	100	T
4	0	0	0	100	T
5	0	0	25	75	T
6	75	0	25	0	A
7	0	62	0	38	C
XX
DE	T03304
0	17	0	0	83	t
1	0	0	0	100	T
2	25	0	75	0	G
3	0	0	0	100	T
4	0	0	0	100	T
5	0	0	25	75	T
6	75	0	25	0	A
7	0	62	0	38	C
XX
DE	T03308
0	0	3	0	97	T
1	95	0	0	5	A
2	100	0	0	0	A
3	3	3	5	89	T
4	5	0	11	84	T
5	39	0	58	3	R
6	11	32	46	11	N
7	5	34	16	45	N
XX
DE	T03388
0	2	0	2	96	T
1	4	0	96	0	G
2	89	0	6	5	A
3	0	96	4	0	C
4	92	8	0	0	A
5	2	7	89	2	G
6	19	11	36	34	N
7	13	7	13	67	T
8	7	26	19	48	N
9	31	0	8	61	t
10	77	8	0	15	a
11	8	54	0	38	y
12	15	0	77	8	g
13	77	0	23	0	a
XX
DE	T03389
0	0	50	14	36	y
1	14	57	0	29	y
2	57	7	36	0	r
3	0	7	0	93	t
4	57	7	7	29	w
5	52	15	22	11	N
6	64	13	7	16	A
7	36	32	14	18	N
8	9	68	21	2	C
9	0	4	0	96	T
10	0	0	100	0	G
11	5	2	0	93	T
12	0	100	0	0	C
13	96	2	0	2	A
XX
DE	T03390
0	21	36	14	29	N
1	35	29	7	29	N
2	29	21	36	14	N
3	3	0	3	94	T
4	0	0	100	0	G
5	88	0	3	9	A
6	0	100	0	0	C
7	100	0	0	0	A
8	3	13	81	3	G
9	29	14	43	14	N
10	25	13	25	37	N
11	14	43	29	14	N
XX
DE	T03391
0	21	36	14	29	N
1	35	29	7	29	N
2	29	21	36	14	N
3	3	0	3	94	T
4	0	0	100	0	G
5	88	0	3	9	A
6	0	100	0	0	C
7	100	0	0	0	A
8	3	13	81	3	G
9	29	14	43	14	N
10	25	13	25	37	N
11	14	43	29	14	N
XX
DE	T03398
0	17	13	40	30	N
1	17	13	29	41	N
2	16	16	48	20	N
3	4	0	4	92	T
4	0	0	0	100	T
5	4	0	96	0	G
6	0	0	0	100	T
7	0	4	0	96	T
8	0	0	0	100	T
9	88	0	8	4	A
10	0	84	0	16	C
11	41	13	25	21	N
12	35	22	13	30	N
13	14	45	5	36	Y
XX
DE	T03399
0	17	13	40	30	N
1	17	13	29	41	N
2	16	16	48	20	N
3	4	0	4	92	T
4	0	0	0	100	T
5	4	0	96	0	G
6	0	0	0	100	T
7	0	4	0	96	T
8	0	0	0	100	T
9	88	0	8	4	A
10	0	84	0	16	C
11	41	13	25	21	N
12	35	22	13	30	N
13	14	45	5	36	Y
XX
DE	T03400
0	17	13	40	30	N
1	17	13	29	41	N
2	16	16	48	20	N
3	4	0	4	92	T
4	0	0	0	100	T
5	4	0	96	0	G
6	0	0	0	100	T
7	0	4	0	96	T
8	0	0	0	100	T
9	88	0	8	4	A
10	0	84	0	16	C
11	41	13	25	21	N
12	35	22	13	30	N
13	14	45	5	36	Y
XX
DE	T03411
0	21	36	14	29	N
1	35	29	7	29	N
2	29	21	36	14	N
3	3	0	3	94	T
4	0	0	100	0	G
5	88	0	3	9	A
6	0	100	0	0	C
7	100	0	0	0	A
8	3	13	81	3	G
9	29	14	43	14	N
10	25	13	25	37	N
11	14	43	29	14	N
XX
DE	T03446
0	79	13	5	3	A
1	54	5	13	28	W
2	0	0	10	90	T
3	0	0	0	100	T
4	100	0	0	0	A
5	100	0	0	0	A
6	0	3	0	97	T
7	3	5	3	89	T
8	84	3	0	13	A
9	57	10	15	18	N
XX
DE	T03447
0	16	3	2	79	T
1	91	2	5	2	A
2	98	0	2	0	A
3	0	0	0	100	T
4	0	0	0	100	T
5	100	0	0	0	A
6	73	12	15	0	A
7	26	7	3	64	T
8	3	5	13	79	t
XX
DE	T03623
0	0	0	0	100	T
1	4	0	96	0	G
2	96	0	4	0	A
3	0	96	4	0	C
4	88	8	4	0	A
5	0	15	78	7	G
6	8	11	26	55	K
7	4	0	0	96	T
8	4	4	4	88	T
9	30	4	8	58	W
10	84	4	4	8	A
11	4	45	4	47	Y
12	22	0	67	11	G
13	56	7	37	0	R
XX
DE	T03624
0	0	0	0	100	T
1	4	0	96	0	G
2	96	0	4	0	A
3	0	96	4	0	C
4	88	8	4	0	A
5	0	15	78	7	G
6	8	11	26	55	K
7	4	0	0	96	T
8	4	4	4	88	T
9	30	4	8	58	W
10	84	4	4	8	A
11	4	45	4	47	Y
12	22	0	67	11	G
13	56	7	37	0	R
XX
DE	T03772
0	0	0	0	100	T
1	4	0	96	0	G
2	96	0	4	0	A
3	0	96	4	0	C
4	88	8	4	0	A
5	0	15	78	7	G
6	8	11	26	55	K
7	4	0	0	96	T
8	4	4	4	88	T
9	30	4	8	58	W
10	84	4	4	8	A
11	4	45	4	47	Y
12	22	0	67	11	G
13	56	7	37	0	R
XX
DE	T03848
0	15	15	44	26	N
1	29	17	27	27	N
2	26	21	41	12	N
3	17	17	49	17	N
4	27	20	40	13	N
5	16	33	29	22	N
6	15	21	13	51	N
7	4	0	0	96	T
8	87	3	3	7	A
9	97	0	2	1	A
10	0	3	3	94	T
11	11	5	56	28	K
12	22	5	70	3	G
13	16	40	30	14	N
14	11	31	20	38	N
15	23	23	8	46	N
16	22	34	17	27	N
17	20	17	50	13	N
18	17	13	29	41	N
XX
DE	T03978
0	41	33	13	13	N
1	34	33	29	4	N
2	24	44	12	20	N
3	0	0	0	100	T
4	88	0	4	8	A
5	100	0	0	0	A
6	0	4	0	96	T
7	0	8	24	68	T
8	40	28	16	16	N
9	28	32	20	20	N
10	25	50	0	25	N
11	88	4	8	0	A
12	0	4	0	96	T
13	8	4	0	88	T
14	80	4	12	4	A
15	8	25	29	38	N
16	9	52	13	26	N
17	25	15	30	30	N
XX
DE	T03980
0	41	33	13	13	N
1	34	33	29	4	N
2	24	44	12	20	N
3	0	0	0	100	T
4	88	0	4	8	A
5	100	0	0	0	A
6	0	4	0	96	T
7	0	8	24	68	T
8	40	28	16	16	N
9	28	32	20	20	N
10	25	50	0	25	N
11	88	4	8	0	A
12	0	4	0	96	T
13	8	4	0	88	T
14	80	4	12	4	A
15	8	25	29	38	N
16	9	52	13	26	N
17	25	15	30	30	N
XX
DE	T03981
0	41	33	13	13	N
1	34	33	29	4	N
2	24	44	12	20	N
3	0	0	0	100	T
4	88	0	4	8	A
5	100	0	0	0	A
6	0	4	0	96	T
7	0	8	24	68	T
8	40	28	16	16	N
9	28	32	20	20	N
10	25	50	0	25	N
11	88	4	8	0	A
12	0	4	0	96	T
13	8	4	0	88	T
14	80	4	12	4	A
15	8	25	29	38	N
16	9	52	13	26	N
17	25	15	30	30	N
XX
DE	T04139
0	25	19	31	25	N
1	22	22	45	11	N
2	15	40	25	20	N
3	0	5	0	95	T
4	100	0	0	0	A
5	100	0	0	0	A
6	5	0	0	95	T
7	0	0	0	100	T
8	90	5	0	5	A
9	5	10	85	0	G
10	16	79	5	0	C
11	16	26	32	26	N
12	31	32	16	21	N
13	39	11	22	28	N
XX
DE	T04142
0	25	19	31	25	N
1	22	22	45	11	N
2	15	40	25	20	N
3	0	5	0	95	T
4	100	0	0	0	A
5	100	0	0	0	A
6	5	0	0	95	T
7	0	0	0	100	T
8	90	5	0	5	A
9	5	10	85	0	G
10	16	79	5	0	C
11	16	26	32	26	N
12	31	32	16	21	N
13	39	11	22	28	N
XX
DE	T04166
0	28	9	44	19	N
1	66	6	0	28	A
2	47	3	0	50	W
3	3	6	0	91	T
4	31	0	66	3	G
5	0	0	0	100	T
6	3	0	0	97	T
7	16	0	16	68	T
8	34	0	44	22	N
9	16	16	3	65	T
10	3	6	13	78	T
11	3	31	0	66	T
XX
DE	T04167
0	28	9	44	19	N
1	66	6	0	28	A
2	47	3	0	50	W
3	3	6	0	91	T
4	31	0	66	3	G
5	0	0	0	100	T
6	3	0	0	97	T
7	16	0	16	68	T
8	34	0	44	22	N
9	16	16	3	65	T
10	3	6	13	78	T
11	3	31	0	66	T
XX
DE	T04169
0	75	21	4	0	A
1	73	4	17	6	A
2	71	9	20	0	A
3	0	27	0	73	T
4	91	0	9	0	A
5	50	0	0	50	W
6	50	0	0	50	W
7	33	33	17	17	N
8	57	0	1	42	W
XX
DE	T04170
0	75	21	4	0	A
1	73	4	17	6	A
2	71	9	20	0	A
3	0	27	0	73	T
4	91	0	9	0	A
5	50	0	0	50	W
6	50	0	0	50	W
7	33	33	17	17	N
8	57	0	1	42	W
XX
DE	T04176
0	61	5	10	24	a
1	14	36	27	23	n
2	28	10	60	2	G
3	24	2	0	74	T
4	78	9	3	10	A
5	100	0	0	0	A
6	100	0	0	0	A
7	0	100	0	0	C
8	100	0	0	0	A
9	76	12	5	7	A
XX
DE	T04255
0	44	6	6	44	w
1	60	6	6	28	w
2	3	5	0	92	T
3	95	0	0	5	A
4	94	3	0	3	A
5	3	0	94	3	G
6	0	0	0	100	T
7	92	0	8	0	A
8	16	16	3	65	T
9	52	0	16	32	w
XX
DE	T04256
0	28	22	22	28	N
1	44	6	6	44	W
2	60	6	6	28	A
3	5	5	0	90	T
4	95	0	0	5	A
5	95	5	0	0	A
6	0	0	95	5	G
7	0	0	0	100	T
8	89	0	11	0	A
9	16	16	0	68	T
10	52	0	16	32	W
11	21	16	11	52	N
XX
DE	T04258
0	7	1	5	87	T
1	3	58	21	18	N
2	94	1	4	1	A
3	100	0	0	0	A
4	4	1	94	1	G
5	14	1	1	84	T
6	8	1	88	3	G
7	0	46	30	24	n
XX
DE	T04261
0	18	24	6	52	N
1	35	6	0	59	W
2	6	18	0	76	T
3	0	0	6	94	T
4	0	0	0	100	T
5	100	0	0	0	A
6	100	0	0	0	A
7	0	0	0	100	T
8	6	0	24	70	T
9	6	0	82	12	G
10	18	12	58	12	N
11	29	6	0	65	T
12	12	6	6	76	T
XX
DE	T04265
0	32	0	0	68	T
1	0	22	4	74	T
2	100	0	0	0	A
3	100	0	0	0	A
4	0	0	100	0	G
5	4	0	0	96	T
6	43	4	53	0	R
7	0	35	48	17	S
8	4	4	0	92	T
9	4	0	0	96	T
XX
DE	T04268
0	18	24	6	52	N
1	35	6	0	59	W
2	6	18	0	76	T
3	0	0	6	94	T
4	0	0	0	100	T
5	100	0	0	0	A
6	100	0	0	0	A
7	0	0	0	100	T
8	6	0	24	70	T
9	6	0	82	12	G
10	18	12	58	12	N
11	29	6	0	65	T
12	12	6	6	76	T
XX
DE	T04269
0	18	24	6	52	N
1	35	6	0	59	W
2	6	18	0	76	T
3	0	0	6	94	T
4	0	0	0	100	T
5	100	0	0	0	A
6	100	0	0	0	A
7	0	0	0	100	T
8	6	0	24	70	T
9	6	0	82	12	G
10	18	12	58	12	N
11	29	6	0	65	T
12	12	6	6	76	T
XX
DE	T04270
0	18	24	6	52	N
1	35	6	0	59	W
2	6	18	0	76	T
3	0	0	6	94	T
4	0	0	0	100	T
5	100	0	0	0	A
6	100	0	0	0	A
7	0	0	0	100	T
8	6	0	24	70	T
9	6	0	82	12	G
10	18	12	58	12	N
11	29	6	0	65	T
12	12	6	6	76	T
XX
DE	T04272
0	32	0	0	68	T
1	0	22	4	74	T
2	100	0	0	0	A
3	100	0	0	0	A
4	0	0	100	0	G
5	4	0	0	96	T
6	43	4	53	0	R
7	0	35	48	17	S
8	4	4	0	92	T
9	4	0	0	96	T
XX
DE	T04287
0	44	6	6	44	w
1	60	6	6	28	w
2	3	5	0	92	T
3	95	0	0	5	A
4	94	3	0	3	A
5	3	0	94	3	G
6	0	0	0	100	T
7	92	0	8	0	A
8	16	16	3	65	T
9	52	0	16	32	w
XX
DE	T04288
0	28	22	22	28	N
1	44	6	6	44	W
2	60	6	6	28	A
3	5	5	0	90	T
4	95	0	0	5	A
5	95	5	0	0	A
6	0	0	95	5	G
7	0	0	0	100	T
8	89	0	11	0	A
9	16	16	0	68	T
10	52	0	16	32	W
11	21	16	11	52	N
XX
DE	T04289
0	28	22	22	28	N
1	44	6	6	44	W
2	60	6	6	28	A
3	5	5	0	90	T
4	95	0	0	5	A
5	95	5	0	0	A
6	0	0	95	5	G
7	0	0	0	100	T
8	89	0	11	0	A
9	16	16	0	68	T
10	52	0	16	32	W
11	21	16	11	52	N
XX
DE	T04290
0	28	22	22	28	N
1	44	6	6	44	W
2	60	6	6	28	A
3	5	5	0	90	T
4	95	0	0	5	A
5	95	5	0	0	A
6	0	0	95	5	G
7	0	0	0	100	T
8	89	0	11	0	A
9	16	16	0	68	T
10	52	0	16	32	W
11	21	16	11	52	N
XX
DE	T04297
0	18	24	6	52	N
1	35	6	0	59	W
2	6	18	0	76	T
3	0	0	6	94	T
4	0	0	0	100	T
5	100	0	0	0	A
6	100	0	0	0	A
7	0	0	0	100	T
8	6	0	24	70	T
9	6	0	82	12	G
10	18	12	58	12	N
11	29	6	0	65	T
12	12	6	6	76	T
XX
DE	T04337
0	32	0	0	68	T
1	0	22	4	74	T
2	100	0	0	0	A
3	100	0	0	0	A
4	0	0	100	0	G
5	4	0	0	96	T
6	43	4	53	0	R
7	0	35	48	17	S
8	4	4	0	92	T
9	4	0	0	96	T
XX
DE	T04367
0	13	42	20	25	N
1	15	20	47	18	N
2	10	5	67	18	G
3	8	13	10	69	T
4	80	15	5	0	A
5	80	10	5	5	A
6	10	13	35	42	N
7	15	8	20	57	N
8	15	15	45	25	N
9	13	18	51	18	N
XX
DE	T04368
0	13	42	20	25	N
1	15	20	47	18	N
2	10	5	67	18	G
3	8	13	10	69	T
4	80	15	5	0	A
5	80	10	5	5	A
6	10	13	35	42	N
7	15	8	20	57	N
8	15	15	45	25	N
9	13	18	51	18	N
XX
DE	T04446
0	0	100	0	0	C
1	100	0	0	0	A
2	100	0	0	0	A
3	0	0	100	0	G
4	0	0	0	100	T
5	0	9	91	0	G
6	0	91	9	0	C
7	0	0	100	0	G
8	9	0	0	91	T
9	9	0	91	0	G
XX
DE	T04665
0	13	38	49	0	S
1	0	37	38	25	N
2	13	36	38	13	N
3	13	61	13	13	C
4	25	0	13	62	T
5	87	0	13	0	A
6	0	0	0	100	T
7	0	13	0	87	T
8	0	13	0	87	T
9	0	0	75	25	G
10	0	38	13	49	Y
11	0	50	33	17	S
12	0	50	17	33	Y
XX
DE	T04674
0	14	14	14	58	N
1	43	14	29	14	N
2	9	36	55	0	S
3	11	7	78	4	G
4	93	0	7	0	A
5	100	0	0	0	A
6	61	0	0	39	A
7	14	18	21	47	N
8	0	57	14	29	Y
9	7	4	85	4	G
10	96	0	0	4	A
11	93	7	0	0	A
12	67	4	11	18	A
13	18	21	36	25	N
14	11	26	4	59	Y
15	12	20	32	36	N
16	28	12	40	20	N
17	20	32	36	12	N
XX
DE	T04840
0	50	0	40	10	r
1	29	15	5	51	N
2	14	0	4	82	T
3	91	2	5	2	A
4	88	0	7	5	A
5	0	0	0	100	T
6	3	0	0	97	T
7	100	0	0	0	A
8	95	5	0	0	A
9	17	7	3	73	T
10	2	8	12	78	T
11	40	15	0	45	w
XX
