DE	Prrx2
0	0.8813	0.0339	0.0678	0.0170	A
1	1.0000	0.0000	0.0000	0.0000	A
2	0.0000	0.0000	0.0170	0.9830	T
3	0.0000	0.0000	0.0000	1.0000	T
4	0.9830	0.0000	0.0170	0.0000	A
XX
DE	Nkx2-5
0	0.4118	0.0000	0.0588	0.5294	W
1	0.0000	0.2353	0.0000	0.7647	T
2	1.0000	0.0000	0.0000	0.0000	A
3	1.0000	0.0000	0.0000	0.0000	A
4	0.0000	0.0000	0.4118	0.5882	K
5	0.2353	0.1177	0.0000	0.6470	T
6	0.1177	0.0588	0.6470	0.1765	G
XX
DE	Athb-1
0	0.1200	0.5200	0.1600	0.2000	N
1	0.8400	0.0400	0.0000	0.1200	A
2	1.0000	0.0000	0.0000	0.0000	A
3	0.0000	0.0000	0.0000	1.0000	T
4	0.0000	0.2000	0.0000	0.8000	T
5	0.9600	0.0000	0.0400	0.0000	A
6	0.0400	0.0000	0.0000	0.9600	T
7	0.0000	0.0000	0.0800	0.9200	T
XX
DE	TCF1
0	0.2381	0.0000	0.6666	0.0952	G
1	0.0476	0.0000	0.9523	0.0000	G
2	0.0476	0.0000	0.0000	0.9523	T
3	0.0476	0.0000	0.0000	0.9523	T
4	0.9523	0.0000	0.0000	0.0476	A
5	0.7619	0.0952	0.0476	0.0952	A
6	0.0476	0.0000	0.0000	0.9523	T
7	0.3809	0.0952	0.1905	0.3333	N
8	0.6666	0.0000	0.0476	0.2857	A
9	0.0952	0.0000	0.0000	0.9047	T
10	0.0000	0.1905	0.0000	0.8095	T
11	0.6190	0.0476	0.1429	0.1905	A
12	0.3809	0.3809	0.1429	0.0952	N
13	0.2381	0.6190	0.0000	0.1429	C
XX
DE	ATHB5
0	0.0270	0.8108	0.1081	0.0541	C
1	0.8108	0.1622	0.0000	0.0270	A
2	1.0000	0.0000	0.0000	0.0000	A
3	0.0000	0.0000	0.0000	1.0000	T
4	0.0270	0.0000	0.4054	0.5676	K
5	1.0000	0.0000	0.0000	0.0000	A
6	0.0000	0.0000	0.0000	1.0000	T
7	0.0000	0.0000	0.0000	1.0000	T
8	0.0811	0.0000	0.9189	0.0000	G
XX
DE	Prrx2
0	0.8813	0.0339	0.0678	0.0170	A
1	1.0000	0.0000	0.0000	0.0000	A
2	0.0000	0.0000	0.0170	0.9830	T
3	0.0000	0.0000	0.0000	1.0000	T
4	0.9830	0.0000	0.0170	0.0000	A
XX
DE	Athb-1
0	0.1200	0.5200	0.1600	0.2000	N
1	0.8400	0.0400	0.0000	0.1200	A
2	1.0000	0.0000	0.0000	0.0000	A
3	0.0000	0.0000	0.0000	1.0000	T
4	0.0000	0.2000	0.0000	0.8000	T
5	0.9600	0.0000	0.0400	0.0000	A
6	0.0400	0.0000	0.0000	0.9600	T
7	0.0000	0.0000	0.0800	0.9200	T
XX
DE	TCF1
0	0.2381	0.0000	0.6666	0.0952	G
1	0.0476	0.0000	0.9523	0.0000	G
2	0.0476	0.0000	0.0000	0.9523	T
3	0.0476	0.0000	0.0000	0.9523	T
4	0.9523	0.0000	0.0000	0.0476	A
5	0.7619	0.0952	0.0476	0.0952	A
6	0.0476	0.0000	0.0000	0.9523	T
7	0.3809	0.0952	0.1905	0.3333	N
8	0.6666	0.0000	0.0476	0.2857	A
9	0.0952	0.0000	0.0000	0.9047	T
10	0.0000	0.1905	0.0000	0.8095	T
11	0.6190	0.0476	0.1429	0.1905	A
12	0.3809	0.3809	0.1429	0.0952	N
13	0.2381	0.6190	0.0000	0.1429	C
XX
DE	Nkx2-5
0	0.4118	0.0000	0.0588	0.5294	W
1	0.0000	0.2353	0.0000	0.7647	T
2	1.0000	0.0000	0.0000	0.0000	A
3	1.0000	0.0000	0.0000	0.0000	A
4	0.0000	0.0000	0.4118	0.5882	K
5	0.2353	0.1177	0.0000	0.6470	T
6	0.1177	0.0588	0.6470	0.1765	G
XX
DE	ATHB5
0	0.0270	0.8108	0.1081	0.0541	C
1	0.8108	0.1622	0.0000	0.0270	A
2	1.0000	0.0000	0.0000	0.0000	A
3	0.0000	0.0000	0.0000	1.0000	T
4	0.0270	0.0000	0.4054	0.5676	K
5	1.0000	0.0000	0.0000	0.0000	A
6	0.0000	0.0000	0.0000	1.0000	T
7	0.0000	0.0000	0.0000	1.0000	T
8	0.0811	0.0000	0.9189	0.0000	G
XX
DE	Prrx2
0	0.8813	0.0339	0.0678	0.0170	A
1	1.0000	0.0000	0.0000	0.0000	A
2	0.0000	0.0000	0.0170	0.9830	T
3	0.0000	0.0000	0.0000	1.0000	T
4	0.9830	0.0000	0.0170	0.0000	A
XX
DE	TCF1
0	0.2381	0.0000	0.6666	0.0952	G
1	0.0476	0.0000	0.9523	0.0000	G
2	0.0476	0.0000	0.0000	0.9523	T
3	0.0476	0.0000	0.0000	0.9523	T
4	0.9523	0.0000	0.0000	0.0476	A
5	0.7619	0.0952	0.0476	0.0952	A
6	0.0476	0.0000	0.0000	0.9523	T
7	0.3809	0.0952	0.1905	0.3333	N
8	0.6666	0.0000	0.0476	0.2857	A
9	0.0952	0.0000	0.0000	0.9047	T
10	0.0000	0.1905	0.0000	0.8095	T
11	0.6190	0.0476	0.1429	0.1905	A
12	0.3809	0.3809	0.1429	0.0952	N
13	0.2381	0.6190	0.0000	0.1429	C
XX
DE	Nkx2-5
0	0.4118	0.0000	0.0588	0.5294	W
1	0.0000	0.2353	0.0000	0.7647	T
2	1.0000	0.0000	0.0000	0.0000	A
3	1.0000	0.0000	0.0000	0.0000	A
4	0.0000	0.0000	0.4118	0.5882	K
5	0.2353	0.1177	0.0000	0.6470	T
6	0.1177	0.0588	0.6470	0.1765	G
XX
DE	Athb-1
0	0.1200	0.5200	0.1600	0.2000	N
1	0.8400	0.0400	0.0000	0.1200	A
2	1.0000	0.0000	0.0000	0.0000	A
3	0.0000	0.0000	0.0000	1.0000	T
4	0.0000	0.2000	0.0000	0.8000	T
5	0.9600	0.0000	0.0400	0.0000	A
6	0.0400	0.0000	0.0000	0.9600	T
7	0.0000	0.0000	0.0800	0.9200	T
XX
DE	Foxa2
0	0.3529	0.4118	0.1765	0.0588	N
1	0.6470	0.1765	0.0588	0.1177	A
2	0.4706	0.1765	0.0588	0.2941	N
3	0.0000	0.0588	0.0000	0.9411	T
4	0.6470	0.0000	0.3529	0.0000	A
5	0.0000	0.0588	0.0000	0.9411	T
6	0.0000	0.0588	0.0000	0.9411	T
7	0.0000	0.0000	0.3529	0.6470	T
8	0.5294	0.0000	0.4706	0.0000	R
9	0.0000	0.5294	0.0000	0.4706	Y
10	0.0588	0.0588	0.0588	0.8235	T
11	0.0000	0.2941	0.0000	0.7059	T
XX
DE	Prrx2
0	0.8813	0.0339	0.0678	0.0170	A
1	1.0000	0.0000	0.0000	0.0000	A
2	0.0000	0.0000	0.0170	0.9830	T
3	0.0000	0.0000	0.0000	1.0000	T
4	0.9830	0.0000	0.0170	0.0000	A
XX
DE	TCF1
0	0.2381	0.0000	0.6666	0.0952	G
1	0.0476	0.0000	0.9523	0.0000	G
2	0.0476	0.0000	0.0000	0.9523	T
3	0.0476	0.0000	0.0000	0.9523	T
4	0.9523	0.0000	0.0000	0.0476	A
5	0.7619	0.0952	0.0476	0.0952	A
6	0.0476	0.0000	0.0000	0.9523	T
7	0.3809	0.0952	0.1905	0.3333	N
8	0.6666	0.0000	0.0476	0.2857	A
9	0.0952	0.0000	0.0000	0.9047	T
10	0.0000	0.1905	0.0000	0.8095	T
11	0.6190	0.0476	0.1429	0.1905	A
12	0.3809	0.3809	0.1429	0.0952	N
13	0.2381	0.6190	0.0000	0.1429	C
XX
DE	Nkx2-5
0	0.4118	0.0000	0.0588	0.5294	W
1	0.0000	0.2353	0.0000	0.7647	T
2	1.0000	0.0000	0.0000	0.0000	A
3	1.0000	0.0000	0.0000	0.0000	A
4	0.0000	0.0000	0.4118	0.5882	K
5	0.2353	0.1177	0.0000	0.6470	T
6	0.1177	0.0588	0.6470	0.1765	G
XX
DE	Athb-1
0	0.1200	0.5200	0.1600	0.2000	N
1	0.8400	0.0400	0.0000	0.1200	A
2	1.0000	0.0000	0.0000	0.0000	A
3	0.0000	0.0000	0.0000	1.0000	T
4	0.0000	0.2000	0.0000	0.8000	T
5	0.9600	0.0000	0.0400	0.0000	A
6	0.0400	0.0000	0.0000	0.9600	T
7	0.0000	0.0000	0.0800	0.9200	T
XX
DE	Foxa2
0	0.3529	0.4118	0.1765	0.0588	N
1	0.6470	0.1765	0.0588	0.1177	A
2	0.4706	0.1765	0.0588	0.2941	N
3	0.0000	0.0588	0.0000	0.9411	T
4	0.6470	0.0000	0.3529	0.0000	A
5	0.0000	0.0588	0.0000	0.9411	T
6	0.0000	0.0588	0.0000	0.9411	T
7	0.0000	0.0000	0.3529	0.6470	T
8	0.5294	0.0000	0.4706	0.0000	R
9	0.0000	0.5294	0.0000	0.4706	Y
10	0.0588	0.0588	0.0588	0.8235	T
11	0.0000	0.2941	0.0000	0.7059	T
XX
