DE	CFI-USP
0	0.0000	0.0263	0.9737	0.0000	G
1	0.0263	0.0000	0.9474	0.0263	G
2	0.0000	0.0000	1.0000	0.0000	G
3	0.0000	0.0000	1.0000	0.0000	G
4	0.0000	0.0000	0.0000	1.0000	T
5	0.0000	0.9474	0.0263	0.0263	C
6	0.9210	0.0000	0.0790	0.0000	A
7	0.1316	0.6579	0.0790	0.1316	C
8	0.1316	0.2105	0.5789	0.0790	N
9	0.1579	0.2632	0.4210	0.1579	N
XX
DE	RXR-VDR
0	0.3000	0.0000	0.7000	0.0000	G
1	0.0000	0.0000	0.9999	0.0000	G
2	0.0000	0.0000	0.8999	0.1000	G
3	0.0000	0.0000	0.0000	0.9999	T
4	0.0000	0.8999	0.0000	0.1000	C
5	0.8999	0.0000	0.1000	0.0000	A
6	0.4000	0.2000	0.0000	0.4000	N
7	0.2000	0.4000	0.2000	0.2000	N
8	0.2000	0.0000	0.7999	0.0000	G
9	0.5000	0.0000	0.5000	0.0000	R
10	0.0000	0.0000	0.9999	0.0000	G
11	0.0000	0.0000	0.0000	0.9999	T
12	0.1000	0.0000	0.0000	0.8999	T
13	0.0000	0.8999	0.0000	0.1000	C
14	0.7000	0.1000	0.2000	0.0000	A
XX
DE	PPARG-RXRA
0	0.2439	0.2927	0.1707	0.2927	N
1	0.1707	0.3171	0.1951	0.3171	N
2	0.4634	0.0976	0.1463	0.2927	N
3	0.3171	0.0244	0.6585	0.0000	G
4	0.4146	0.0000	0.5854	0.0000	R
5	0.0000	0.0000	1.0000	0.0000	G
6	0.0000	0.0000	0.9512	0.0488	G
7	0.0000	0.0488	0.0000	0.9512	T
8	0.0488	0.9024	0.0488	0.0000	C
9	1.0000	0.0000	0.0000	0.0000	A
10	1.0000	0.0000	0.0000	0.0000	A
11	0.9512	0.0000	0.0488	0.0000	A
12	0.0000	0.0000	1.0000	0.0000	G
13	0.0000	0.0000	0.9512	0.0488	G
14	0.0000	0.0488	0.0000	0.9512	T
15	0.0488	0.8780	0.0244	0.0488	C
16	0.9268	0.0244	0.0488	0.0000	A
17	0.2439	0.2927	0.0976	0.3659	N
18	0.3171	0.3659	0.2195	0.0976	N
19	0.1707	0.2439	0.2927	0.2927	N
XX
DE	ESR1
0	0.1111	0.5555	0.1111	0.2222	N
1	0.1111	0.5555	0.1111	0.2222	N
2	0.7777	0.1111	0.1111	0.0000	A
3	0.2222	0.0000	0.7777	0.0000	G
4	0.0000	0.0000	0.9999	0.0000	G
5	0.0000	0.0000	0.0000	0.9999	T
6	0.0000	0.7777	0.2222	0.0000	C
7	0.6666	0.0000	0.2222	0.1111	A
8	0.1111	0.7777	0.1111	0.0000	C
9	0.2222	0.5555	0.1111	0.1111	N
10	0.3333	0.2222	0.4444	0.0000	N
11	0.1111	0.1111	0.1111	0.6666	T
12	0.1111	0.0000	0.8888	0.0000	G
13	0.5555	0.1111	0.3333	0.0000	R
14	0.0000	0.8888	0.0000	0.1111	C
15	0.0000	0.9999	0.0000	0.0000	C
16	0.2222	0.4444	0.0000	0.3333	N
17	0.3333	0.4444	0.1111	0.1111	N
XX
DE	PPARG
0	0.1071	0.2857	0.5000	0.1071	N
1	0.1071	0.0000	0.0000	0.8928	T
2	0.6786	0.0000	0.3214	0.0000	A
3	0.0000	0.0357	0.9643	0.0000	G
4	0.0357	0.0000	0.9285	0.0357	G
5	0.0000	0.0357	0.1429	0.8214	T
6	0.0714	0.8214	0.1071	0.0000	C
7	0.9285	0.0357	0.0000	0.0357	A
8	0.1786	0.5357	0.1429	0.1429	N
9	0.1786	0.2500	0.3571	0.2143	N
10	0.1429	0.0714	0.6428	0.1429	G
11	0.0357	0.0000	0.0714	0.8928	T
12	0.0714	0.1786	0.7143	0.0357	G
13	0.7857	0.1786	0.0000	0.0357	A
14	0.0357	0.9643	0.0000	0.0000	C
15	0.0000	0.8928	0.0000	0.1071	C
16	0.1071	0.4286	0.0000	0.4643	Y
17	0.7857	0.1786	0.0000	0.0357	A
18	0.1786	0.4286	0.2143	0.1786	N
19	0.2500	0.0000	0.0357	0.7143	T
XX
DE	RORA1
0	0.2500	0.2222	0.2222	0.3056	N
1	0.4722	0.0556	0.1944	0.2778	N
2	0.4167	0.0000	0.0833	0.5000	W
3	0.9722	0.0278	0.0000	0.0000	A
4	0.6389	0.0000	0.0000	0.3611	A
5	0.0556	0.3333	0.3611	0.2500	N
6	0.0000	0.0000	0.0000	1.0000	T
7	0.7778	0.0000	0.2222	0.0000	A
8	0.0000	0.0000	1.0000	0.0000	G
9	0.0000	0.0000	1.0000	0.0000	G
10	0.0000	0.0000	0.0000	1.0000	T
11	0.0000	1.0000	0.0000	0.0000	C
12	1.0000	0.0000	0.0000	0.0000	A
13	0.4167	0.1667	0.2778	0.1389	N
XX
DE	PPARG
0	0.1071	0.2857	0.5000	0.1071	N
1	0.1071	0.0000	0.0000	0.8928	T
2	0.6786	0.0000	0.3214	0.0000	A
3	0.0000	0.0357	0.9643	0.0000	G
4	0.0357	0.0000	0.9285	0.0357	G
5	0.0000	0.0357	0.1429	0.8214	T
6	0.0714	0.8214	0.1071	0.0000	C
7	0.9285	0.0357	0.0000	0.0357	A
8	0.1786	0.5357	0.1429	0.1429	N
9	0.1786	0.2500	0.3571	0.2143	N
10	0.1429	0.0714	0.6428	0.1429	G
11	0.0357	0.0000	0.0714	0.8928	T
12	0.0714	0.1786	0.7143	0.0357	G
13	0.7857	0.1786	0.0000	0.0357	A
14	0.0357	0.9643	0.0000	0.0000	C
15	0.0000	0.8928	0.0000	0.1071	C
16	0.1071	0.4286	0.0000	0.4643	Y
17	0.7857	0.1786	0.0000	0.0357	A
18	0.1786	0.4286	0.2143	0.1786	N
19	0.2500	0.0000	0.0357	0.7143	T
XX
DE	CFI-USP
0	0.0000	0.0263	0.9737	0.0000	G
1	0.0263	0.0000	0.9474	0.0263	G
2	0.0000	0.0000	1.0000	0.0000	G
3	0.0000	0.0000	1.0000	0.0000	G
4	0.0000	0.0000	0.0000	1.0000	T
5	0.0000	0.9474	0.0263	0.0263	C
6	0.9210	0.0000	0.0790	0.0000	A
7	0.1316	0.6579	0.0790	0.1316	C
8	0.1316	0.2105	0.5789	0.0790	N
9	0.1579	0.2632	0.4210	0.1579	N
XX
DE	RORA
0	0.6000	0.0400	0.0800	0.2800	W
1	0.3600	0.0400	0.0000	0.6000	W
2	0.2400	0.4800	0.1600	0.1200	N
3	0.4400	0.0800	0.2000	0.2800	N
4	0.8400	0.0000	0.1600	0.0000	A
5	0.0000	0.0000	1.0000	0.0000	G
6	0.0000	0.0000	1.0000	0.0000	G
7	0.0000	0.0000	0.0000	1.0000	T
8	0.0000	1.0000	0.0000	0.0000	C
9	1.0000	0.0000	0.0000	0.0000	A
XX
DE	Nkx2-5
0	0.4118	0.0000	0.0588	0.5294	W
1	0.0000	0.2353	0.0000	0.7647	T
2	1.0000	0.0000	0.0000	0.0000	A
3	1.0000	0.0000	0.0000	0.0000	A
4	0.0000	0.0000	0.4118	0.5882	K
5	0.2353	0.1177	0.0000	0.6470	T
6	0.1177	0.0588	0.6470	0.1765	G
XX
