0.304 0.019 0.048 0.019 0.030 0.019 0.048 0.019 0.030 0.030 0.030 0.030 0.019 0.030 0.030 0.030 0.076 0.048 0.048 0.012 0.030 0.019 0.030 
0.008 0.340 0.005 0.340 0.054 0.005 0.013 0.013 0.005 0.013 0.003 0.005 0.034 0.013 0.021 0.008 0.021 0.013 0.005 0.003 0.013 0.005 0.054 
0.014 0.003 0.875 0.003 0.002 0.005 0.003 0.003 0.009 0.003 0.009 0.009 0.003 0.003 0.003 0.003 0.009 0.009 0.009 0.005 0.009 0.005 0.002 
0.008 0.340 0.005 0.340 0.054 0.005 0.013 0.013 0.005 0.013 0.003 0.005 0.034 0.013 0.021 0.008 0.021 0.013 0.005 0.003 0.013 0.005 0.054 
0.016 0.065 0.004 0.065 0.261 0.006 0.010 0.026 0.006 0.041 0.006 0.010 0.026 0.016 0.065 0.026 0.026 0.016 0.010 0.006 0.016 0.010 0.261 
0.013 0.008 0.013 0.008 0.008 0.525 0.008 0.021 0.033 0.008 0.033 0.033 0.008 0.005 0.008 0.008 0.013 0.013 0.021 0.052 0.021 0.131 0.008 
0.038 0.024 0.010 0.024 0.015 0.010 0.615 0.015 0.006 0.015 0.006 0.010 0.038 0.015 0.015 0.015 0.038 0.015 0.010 0.015 0.024 0.010 0.015 
0.007 0.011 0.004 0.011 0.018 0.011 0.007 0.725 0.004 0.011 0.004 0.007 0.029 0.007 0.018 0.018 0.011 0.007 0.004 0.007 0.011 0.045 0.018 
0.029 0.011 0.029 0.011 0.011 0.046 0.007 0.011 0.290 0.011 0.115 0.072 0.011 0.011 0.011 0.011 0.018 0.029 0.183 0.011 0.029 0.029 0.011 
0.023 0.023 0.009 0.023 0.059 0.009 0.015 0.023 0.009 0.373 0.015 0.023 0.037 0.023 0.059 0.093 0.037 0.023 0.015 0.009 0.023 0.015 0.059 
0.030 0.008 0.030 0.008 0.012 0.048 0.008 0.012 0.121 0.019 0.305 0.121 0.012 0.012 0.019 0.019 0.019 0.030 0.076 0.019 0.030 0.030 0.012 
0.024 0.010 0.024 0.010 0.015 0.038 0.010 0.015 0.061 0.024 0.096 0.385 0.015 0.015 0.038 0.024 0.024 0.024 0.061 0.024 0.024 0.024 0.015 
0.012 0.048 0.008 0.048 0.030 0.008 0.030 0.048 0.008 0.030 0.008 0.012 0.485 0.012 0.030 0.030 0.048 0.030 0.008 0.005 0.019 0.012 0.030 
0.018 0.018 0.007 0.018 0.018 0.004 0.011 0.011 0.007 0.018 0.007 0.011 0.011 0.718 0.018 0.011 0.018 0.018 0.011 0.004 0.018 0.007 0.018 
0.021 0.034 0.008 0.034 0.085 0.008 0.013 0.034 0.008 0.053 0.013 0.034 0.034 0.021 0.338 0.053 0.034 0.021 0.013 0.013 0.021 0.021 0.085 
0.025 0.016 0.010 0.016 0.040 0.010 0.016 0.040 0.010 0.101 0.016 0.025 0.040 0.016 0.064 0.404 0.025 0.025 0.010 0.010 0.025 0.016 0.040 
0.066 0.041 0.026 0.041 0.041 0.016 0.041 0.026 0.016 0.041 0.016 0.026 0.066 0.026 0.041 0.026 0.263 0.066 0.016 0.010 0.026 0.016 0.041 
0.040 0.025 0.025 0.025 0.025 0.016 0.016 0.016 0.025 0.025 0.025 0.025 0.040 0.025 0.025 0.025 0.064 0.406 0.040 0.016 0.025 0.016 0.025 
0.045 0.011 0.028 0.011 0.018 0.028 0.011 0.011 0.180 0.018 0.072 0.072 0.011 0.018 0.018 0.011 0.018 0.045 0.286 0.011 0.028 0.028 0.018 
0.001 0.001 0.002 0.001 0.001 0.009 0.002 0.002 0.001 0.001 0.002 0.004 0.001 0.001 0.002 0.001 0.001 0.002 0.001 0.940 0.004 0.015 0.001 
0.043 0.043 0.043 0.043 0.043 0.043 0.043 0.043 0.043 0.043 0.043 0.043 0.043 0.043 0.043 0.043 0.043 0.043 0.043 0.043 0.043 0.043 0.043 
0.009 0.006 0.009 0.006 0.009 0.093 0.006 0.059 0.015 0.009 0.015 0.015 0.009 0.006 0.015 0.009 0.009 0.009 0.015 0.059 0.015 0.594 0.009 
0.016 0.065 0.004 0.065 0.261 0.006 0.010 0.026 0.006 0.041 0.006 0.010 0.026 0.016 0.065 0.026 0.026 0.016 0.010 0.006 0.016 0.010 0.261 
