ID Matrix1
P0	A	C	G	T
01	0	18	27	55
02	0	73	18	9
03	0	9	0	91
04	0	73	9	18
05	100	0	0	0
06	100	0	0	0
07	0	0	100	0
08	0	0	9	91
09	0	0	100	0
10	9	36	55	0
11	18	46	27	9
12	18	28	27	27
XX
//
ID Matrix2
P0	A	C	G	T
01	0	18	27	55
02	0	73	18	9
03	0	9	0	91
04	0	73	9	18
05	100	0	0	0
06	100	0	0	0
07	0	0	100	0
08	0	0	9	91
09	0	0	100	0
10	9	36	55	0
11	18	46	27	9
12	18	28	27	27
XX
//
