ID Matrix1
P0	A	C	G	T
01	29	30	22	19
02	22	56	15	7
03	22	34	33	11
04	18	50	5	27
05	0	0	0	100
06	100	0	0	0
07	100	0	0	0
08	0	0	19	81
09	0	100	0	0
10	7	89	4	0
11	4	37	48	11
12	22	29	19	30
13	22	19	19	40
XX
//
ID Matrix2
P0	A	C	G	T
01	29	30	22	19
02	22	56	15	7
03	22	34	33	11
04	18	50	5	27
05	0	0	0	100
06	100	0	0	0
07	100	0	0	0
08	0	0	19	81
09	0	100	0	0
10	7	89	4	0
11	4	37	48	11
12	22	29	19	30
13	22	19	19	40
XX
//
