DE	T01430
0	43	8	21	28	N
1	30	18	21	31	N
2	49	18	15	18	N
3	13	15	3	69	T
4	5	0	92	3	G
5	23	74	0	3	C
6	5	5	0	90	T
7	3	5	84	8	G
8	95	0	5	0	A
9	0	87	0	13	C
10	13	13	15	59	N
11	21	53	18	8	N
12	58	3	18	21	N
13	3	0	92	5	G
14	10	75	10	5	C
15	61	13	18	8	A
16	18	46	15	21	N
17	31	28	23	18	N
18	30	26	23	21	N
XX
DE	T00893
0	25	33	21	21	N
1	8	46	13	33	N
2	25	0	62	13	G
3	83	0	17	0	A
4	0	0	0	100	T
5	0	0	100	0	G
6	100	0	0	0	A
7	0	100	0	0	C
8	0	0	100	0	G
9	0	0	0	100	T
10	0	100	0	0	C
11	100	0	0	0	A
12	0	8	4	88	T
13	21	33	17	29	N
14	13	53	17	17	N
15	21	41	0	38	N
XX
DE	T01440
0	22	22	0	56	N
1	22	0	78	0	G
2	11	89	0	0	C
3	0	0	0	100	T
4	0	0	100	0	G
5	100	0	0	0	A
6	0	33	67	0	G
7	0	0	11	89	T
8	0	89	0	11	C
9	89	11	0	0	A
10	11	45	0	44	Y
XX
DE	T00321
0	15	6	3	76	t
1	9	10	74	7	G
2	78	22	0	0	A
3	11	5	84	0	G
4	0	3	0	97	T
5	4	78	18	0	C
6	96	4	0	0	a
XX
DE	T00989
0	6	6	38	50	K
1	67	3	25	5	A
2	1	96	1	2	C
3	0	1	99	0	G
4	0	0	0	100	T
5	5	95	0	0	C
6	100	0	0	0	A
7	21	44	23	12	n
8	11	62	18	9	c
XX
DE	T00164
0	6	6	38	50	K
1	67	3	25	5	A
2	1	96	1	2	C
3	0	1	99	0	G
4	0	0	0	100	T
5	5	95	0	0	C
6	100	0	0	0	A
7	21	44	23	12	n
8	11	62	18	9	c
XX
DE	T00163
0	66	3	26	5	A
1	1	96	1	2	C
2	0	1	99	0	G
3	0	0	0	100	T
4	6	94	0	0	C
5	100	0	0	0	A
6	20	44	20	16	n
7	9	63	18	10	c
8	27	54	17	2	m
XX
DE	T00166
0	2	17	54	27	k
1	11	11	78	0	g
2	23	8	37	32	n
3	0	0	0	100	T
4	0	0	92	8	G
5	100	0	0	0	A
6	0	98	2	0	C
7	0	1	97	2	G
8	5	26	4	65	T
XX
DE	T00165
0	3	16	62	19	g
1	10	7	83	0	g
2	32	6	36	26	n
3	0	0	0	100	T
4	0	0	93	7	G
5	100	0	0	0	A
6	0	98	2	0	C
7	0	1	97	2	G
8	3	44	4	49	Y
9	58	32	7	3	M
10	29	19	16	36	N
11	66	16	9	9	a
XX
DE	T01311
0	3	16	62	19	g
1	10	7	83	0	g
2	32	6	36	26	n
3	0	0	0	100	T
4	0	0	93	7	G
5	100	0	0	0	A
6	0	98	2	0	C
7	0	1	97	2	G
8	3	44	4	49	Y
9	58	32	7	3	M
10	29	19	16	36	N
11	66	16	9	9	a
XX
DE	T00167
0	6	5	2	87	T
1	16	2	35	47	K
2	95	0	5	0	A
3	0	94	1	5	C
4	0	0	100	0	G
5	0	0	0	100	T
6	28	70	0	2	C
7	99	0	1	0	A
XX
DE	T00345
0	20	30	35	15	N
1	26	31	26	17	N
2	12	16	56	16	N
3	19	15	58	8	N
4	0	96	0	4	C
5	80	12	0	8	A
6	0	100	0	0	C
7	3	0	94	3	G
8	0	83	7	10	C
9	0	12	71	17	G
10	36	41	18	5	N
11	5	61	24	10	C
12	47	21	11	21	N
13	15	15	31	39	N
XX
DE	T00459
0	6	0	3	91	T
1	3	3	29	65	T
2	31	0	43	26	N
3	21	23	18	38	N
4	0	6	91	3	G
5	22	59	0	19	M
6	97	3	0	0	A
7	97	3	0	0	A
XX
DE	T00017
0	6	0	3	91	T
1	3	3	29	65	T
2	31	0	43	26	N
3	21	23	18	38	N
4	0	6	91	3	G
5	22	59	0	19	M
6	97	3	0	0	A
7	97	3	0	0	A
XX
DE	T01388
0	9	22	61	8	G
1	6	76	2	16	C
2	95	3	0	2	A
3	87	8	2	3	A
4	22	18	8	52	N
XX
DE	T00104
0	4	2	1	93	T
1	4	3	2	91	T
2	29	3	55	13	R
3	6	74	14	6	C
4	38	33	18	11	N
5	36	21	9	34	N
6	51	32	6	11	M
7	69	11	9	11	A
XX
DE	T00108
0	5	15	75	5	G
1	8	73	1	18	C
2	97	2	0	1	A
3	90	6	2	2	A
4	13	15	14	58	N
XX
DE	T00140
0	2	98	0	0	C
1	93	0	5	2	A
2	0	89	0	11	C
3	2	0	98	0	G
4	0	0	0	100	T
5	0	0	100	0	G
6	17	21	46	16	N
7	10	20	10	60	T
XX
DE	T00141
0	2	98	0	0	C
1	93	0	5	2	A
2	0	89	0	11	C
3	2	0	98	0	G
4	0	0	0	100	T
5	0	0	100	0	G
6	17	21	46	16	N
7	10	20	10	60	T
XX
DE	T00125
0	0	0	0	100	T
1	1	0	97	2	G
2	100	0	0	0	A
3	2	78	14	6	C
4	15	8	14	63	T
5	21	54	8	17	N
6	64	23	5	8	A
XX
DE	T02205
0	35	12	47	6	R
1	18	29	53	0	S
2	0	0	0	100	T
3	0	0	100	0	G
4	100	0	0	0	A
5	0	94	0	6	C
6	18	12	18	52	N
7	24	40	12	24	N
8	53	35	6	6	M
9	24	18	40	18	N
10	35	18	6	41	N
XX
DE	T01976
0	35	12	47	6	R
1	18	29	53	0	S
2	0	0	0	100	T
3	0	0	100	0	G
4	100	0	0	0	A
5	0	94	0	6	C
6	18	12	18	52	N
7	24	40	12	24	N
8	53	35	6	6	M
9	24	18	40	18	N
10	35	18	6	41	N
XX
DE	T02830
0	35	12	47	6	R
1	18	29	53	0	S
2	0	0	0	100	T
3	0	0	100	0	G
4	100	0	0	0	A
5	0	94	0	6	C
6	18	12	18	52	N
7	24	40	12	24	N
8	53	35	6	6	M
9	24	18	40	18	N
10	35	18	6	41	N
XX
DE	T02056
0	29	29	42	0	N
1	0	29	57	14	S
2	0	0	0	100	T
3	0	0	100	0	G
4	100	0	0	0	A
5	0	100	0	0	C
6	0	0	100	0	G
7	0	14	0	86	T
8	57	43	0	0	M
9	72	0	14	14	A
10	14	57	29	0	S
11	14	29	14	43	N
XX
DE	T00028
0	0	0	0	100	T
1	0	0	68	32	G
2	100	0	0	0	A
3	0	90	8	2	C
4	21	0	0	79	T
5	64	36	0	0	A
6	100	0	0	0	A
XX
DE	T00881
0	22	11	61	6	G
1	0	0	0	100	T
2	0	0	0	100	T
3	83	6	11	0	A
4	0	77	6	17	C
5	44	0	56	0	R
6	0	0	0	100	T
7	64	36	0	0	A
8	91	0	0	9	A
9	9	9	27	55	K
XX
DE	T01346
0	8	17	70	5	g
1	22	23	52	3	n
2	26	28	35	11	n
3	29	34	14	23	n
4	21	23	29	27	N
5	24	14	46	16	N
6	16	7	38	39	N
7	0	100	0	0	C
8	100	0	0	0	A
9	0	100	0	0	C
10	1	0	99	0	G
11	1	51	0	48	Y
12	24	2	66	8	G
13	63	21	6	10	A
XX
DE	T01798
0	8	17	70	5	g
1	22	23	52	3	n
2	26	28	35	11	n
3	29	34	14	23	n
4	21	23	29	27	N
5	24	14	46	16	N
6	16	7	38	39	N
7	0	100	0	0	C
8	100	0	0	0	A
9	0	100	0	0	C
10	1	0	99	0	G
11	1	51	0	48	Y
12	24	2	66	8	G
13	63	21	6	10	A
XX
DE	T00299
0	36	18	31	15	N
1	28	18	36	18	N
2	46	8	38	8	R
3	0	3	0	97	T
4	0	0	97	3	G
5	10	85	0	5	C
6	97	3	0	0	A
7	92	5	3	0	A
8	0	15	0	85	T
9	36	43	13	8	N
10	10	59	23	8	S
11	0	67	15	18	C
12	3	69	10	18	C
XX
DE	T02248
0	30	30	30	10	N
1	60	0	10	30	A
2	40	10	0	50	W
3	0	100	0	0	C
4	0	0	100	0	G
5	0	100	0	0	C
6	0	0	100	0	G
7	40	20	0	40	W
8	30	40	30	0	N
9	40	40	0	20	M
XX
DE	T01599
0	78	2	17	3	A
1	0	0	0	100	T
2	1	0	98	1	G
3	100	0	0	0	A
4	0	82	8	10	C
XX
DE	T02789
0	0	0	44	56	k
1	0	0	100	0	g
2	6	94	0	0	c
3	0	100	0	0	c
4	100	0	0	0	A
5	0	100	0	0	C
6	0	0	100	0	G
7	0	0	0	100	T
8	0	100	0	0	C
9	100	0	0	0	A
10	0	14	44	42	K
11	0	97	3	0	C
12	70	12	6	12	a
13	6	53	6	35	y
14	12	58	24	6	s
15	0	100	0	0	c
XX
DE	T02790
0	0	0	97	3	G
1	0	5	46	49	K
2	50	50	0	0	M
3	0	100	0	0	C
4	100	0	0	0	A
5	0	100	0	0	C
6	0	0	100	0	G
7	0	0	0	100	T
8	0	100	0	0	C
9	100	0	0	0	A
10	0	48	0	52	Y
11	0	97	0	3	C
XX
DE	T01098
0	69	0	0	31	A
1	8	53	31	8	S
2	100	0	0	0	A
3	0	92	0	8	C
4	0	0	100	0	G
5	0	0	0	100	T
6	0	8	92	0	G
7	0	8	92	0	G
XX
DE	T03583
0	54	7	35	4	R
1	4	2	0	94	T
2	2	2	5	91	T
3	86	0	14	0	A
4	0	98	0	2	C
5	2	0	98	0	G
6	0	26	0	74	T
7	95	5	0	0	A
8	100	0	0	0	A
9	4	48	9	39	Y
XX
DE	T04001
0	45	22	11	22	N
1	37	21	21	21	N
2	31	25	13	31	N
3	17	44	11	28	N
4	0	4	96	0	G
5	0	23	0	77	T
6	96	0	4	0	A
7	100	0	0	0	A
8	0	0	0	100	T
9	0	0	100	0	G
10	100	0	0	0	A
11	0	0	0	100	T
12	0	0	12	88	T
13	65	0	35	0	A
14	0	96	4	0	C
15	29	6	24	41	N
16	17	50	0	33	Y
17	0	30	40	30	N
18	0	62	38	0	C
XX
DE	T01078
0	0	100	0	0	C
1	0	100	0	0	C
2	100	0	0	0	A
3	0	100	0	0	C
4	0	0	100	0	G
5	0	0	0	100	T
6	0	0	100	0	G
7	0	0	100	0	G
XX
DE	T01079
0	0	100	0	0	C
1	0	100	0	0	C
2	100	0	0	0	A
3	0	100	0	0	C
4	0	0	100	0	G
5	0	0	0	100	T
6	0	0	100	0	G
7	0	0	100	0	G
XX
DE	T01080
0	0	100	0	0	C
1	0	100	0	0	C
2	100	0	0	0	A
3	0	100	0	0	C
4	0	0	100	0	G
5	0	0	0	100	T
6	0	0	100	0	G
7	0	0	100	0	G
XX
DE	T04791
0	48	19	26	7	N
1	22	34	22	22	N
2	11	33	45	11	N
3	74	4	22	0	A
4	0	0	0	100	T
5	0	0	100	0	G
6	100	0	0	0	A
7	0	0	100	0	G
8	0	0	0	100	T
9	0	100	0	0	C
10	100	0	0	0	A
11	4	11	4	81	T
12	15	22	52	11	N
13	26	33	26	15	N
14	7	26	15	52	N
XX
DE	T04066
0	9	91	0	0	c
1	99	1	0	0	A
2	99	1	0	0	A
3	2	0	0	98	T
4	45	24	19	12	N
5	99	0	0	1	A
6	2	0	0	98	T
7	3	0	10	87	T
8	5	7	86	2	G
XX
DE	T00291
0	13	32	40	15	N
1	29	26	28	17	N
2	41	6	34	19	N
3	9	4	11	76	T
4	9	4	70	17	G
5	76	9	4	11	A
6	6	28	62	4	G
7	0	0	0	100	T
8	4	94	0	2	C
9	100	0	0	0	A
10	4	17	51	28	N
11	21	51	11	17	N
12	32	26	23	19	N
XX
DE	T02196
0	13	32	40	15	N
1	29	26	28	17	N
2	41	6	34	19	N
3	9	4	11	76	T
4	9	4	70	17	G
5	76	9	4	11	A
6	6	28	62	4	G
7	0	0	0	100	T
8	4	94	0	2	C
9	100	0	0	0	A
10	4	17	51	28	N
11	21	51	11	17	N
12	32	26	23	19	N
XX
DE	T05026
0	42	29	24	5	N
1	25	8	25	42	N
2	36	16	8	40	N
3	46	15	8	31	N
4	54	0	8	38	W
5	50	4	19	27	N
6	26	19	19	36	N
7	15	7	59	19	N
8	48	41	7	4	M
9	7	90	0	3	C
10	87	0	13	0	A
11	0	100	0	0	C
12	0	0	100	0	G
13	0	0	0	100	T
14	12	72	0	16	C
15	80	4	4	12	A
16	0	21	26	53	N
17	11	50	6	33	Y
18	29	12	24	35	N
19	24	29	0	47	N
20	41	6	6	47	W
21	25	31	25	19	N
22	36	7	21	36	N
23	15	23	39	23	N
XX
DE	T03427
0	26	35	18	21	N
1	34	21	32	13	N
2	35	26	21	18	N
3	24	16	39	21	N
4	21	18	24	37	N
5	36	16	37	11	N
6	29	29	13	29	N
7	0	100	0	0	C
8	100	0	0	0	A
9	0	100	0	0	C
10	0	0	100	0	G
11	0	0	0	100	T
12	0	0	100	0	G
13	29	13	29	29	N
14	11	36	16	37	N
15	37	24	18	21	N
16	21	39	16	24	N
17	18	21	26	35	N
18	13	32	21	34	N
19	21	18	35	26	N
XX
DE	T03428
0	26	35	18	21	N
1	34	21	32	13	N
2	35	26	21	18	N
3	24	16	39	21	N
4	21	18	24	37	N
5	36	16	37	11	N
6	29	29	13	29	N
7	0	100	0	0	C
8	100	0	0	0	A
9	0	100	0	0	C
10	0	0	100	0	G
11	0	0	0	100	T
12	0	0	100	0	G
13	29	13	29	29	N
14	11	36	16	37	N
15	37	24	18	21	N
16	21	39	16	24	N
17	18	21	26	35	N
18	13	32	21	34	N
19	21	18	35	26	N
XX
DE	T03430
0	26	35	18	21	N
1	34	21	32	13	N
2	35	26	21	18	N
3	24	16	39	21	N
4	21	18	24	37	N
5	36	16	37	11	N
6	29	29	13	29	N
7	0	100	0	0	C
8	100	0	0	0	A
9	0	100	0	0	C
10	0	0	100	0	G
11	0	0	0	100	T
12	0	0	100	0	G
13	29	13	29	29	N
14	11	36	16	37	N
15	37	24	18	21	N
16	21	39	16	24	N
17	18	21	26	35	N
18	13	32	21	34	N
19	21	18	35	26	N
XX
DE	T03432
0	26	35	18	21	N
1	34	21	32	13	N
2	35	26	21	18	N
3	24	16	39	21	N
4	21	18	24	37	N
5	36	16	37	11	N
6	29	29	13	29	N
7	0	100	0	0	C
8	100	0	0	0	A
9	0	100	0	0	C
10	0	0	100	0	G
11	0	0	0	100	T
12	0	0	100	0	G
13	29	13	29	29	N
14	11	36	16	37	N
15	37	24	18	21	N
16	21	39	16	24	N
17	18	21	26	35	N
18	13	32	21	34	N
19	21	18	35	26	N
XX
DE	T03433
0	26	35	18	21	N
1	34	21	32	13	N
2	35	26	21	18	N
3	24	16	39	21	N
4	21	18	24	37	N
5	36	16	37	11	N
6	29	29	13	29	N
7	0	100	0	0	C
8	100	0	0	0	A
9	0	100	0	0	C
10	0	0	100	0	G
11	0	0	0	100	T
12	0	0	100	0	G
13	29	13	29	29	N
14	11	36	16	37	N
15	37	24	18	21	N
16	21	39	16	24	N
17	18	21	26	35	N
18	13	32	21	34	N
19	21	18	35	26	N
XX
DE	T03450
0	26	35	18	21	N
1	34	21	32	13	N
2	35	26	21	18	N
3	24	16	39	21	N
4	21	18	24	37	N
5	36	16	37	11	N
6	29	29	13	29	N
7	0	100	0	0	C
8	100	0	0	0	A
9	0	100	0	0	C
10	0	0	100	0	G
11	0	0	0	100	T
12	0	0	100	0	G
13	29	13	29	29	N
14	11	36	16	37	N
15	37	24	18	21	N
16	21	39	16	24	N
17	18	21	26	35	N
18	13	32	21	34	N
19	21	18	35	26	N
XX
DE	T03454
0	26	35	18	21	N
1	34	21	32	13	N
2	35	26	21	18	N
3	24	16	39	21	N
4	21	18	24	37	N
5	36	16	37	11	N
6	29	29	13	29	N
7	0	100	0	0	C
8	100	0	0	0	A
9	0	100	0	0	C
10	0	0	100	0	G
11	0	0	0	100	T
12	0	0	100	0	G
13	29	13	29	29	N
14	11	36	16	37	N
15	37	24	18	21	N
16	21	39	16	24	N
17	18	21	26	35	N
18	13	32	21	34	N
19	21	18	35	26	N
XX
DE	T03455
0	26	35	18	21	N
1	34	21	32	13	N
2	35	26	21	18	N
3	24	16	39	21	N
4	21	18	24	37	N
5	36	16	37	11	N
6	29	29	13	29	N
7	0	100	0	0	C
8	100	0	0	0	A
9	0	100	0	0	C
10	0	0	100	0	G
11	0	0	0	100	T
12	0	0	100	0	G
13	29	13	29	29	N
14	11	36	16	37	N
15	37	24	18	21	N
16	21	39	16	24	N
17	18	21	26	35	N
18	13	32	21	34	N
19	21	18	35	26	N
XX
DE	T03462
0	26	35	18	21	N
1	34	21	32	13	N
2	35	26	21	18	N
3	24	16	39	21	N
4	21	18	24	37	N
5	36	16	37	11	N
6	29	29	13	29	N
7	0	100	0	0	C
8	100	0	0	0	A
9	0	100	0	0	C
10	0	0	100	0	G
11	0	0	0	100	T
12	0	0	100	0	G
13	29	13	29	29	N
14	11	36	16	37	N
15	37	24	18	21	N
16	21	39	16	24	N
17	18	21	26	35	N
18	13	32	21	34	N
19	21	18	35	26	N
XX
DE	T03466
0	26	35	18	21	N
1	34	21	32	13	N
2	35	26	21	18	N
3	24	16	39	21	N
4	21	18	24	37	N
5	36	16	37	11	N
6	29	29	13	29	N
7	0	100	0	0	C
8	100	0	0	0	A
9	0	100	0	0	C
10	0	0	100	0	G
11	0	0	0	100	T
12	0	0	100	0	G
13	29	13	29	29	N
14	11	36	16	37	N
15	37	24	18	21	N
16	21	39	16	24	N
17	18	21	26	35	N
18	13	32	21	34	N
19	21	18	35	26	N
XX
DE	T03532
0	26	35	18	21	N
1	34	21	32	13	N
2	35	26	21	18	N
3	24	16	39	21	N
4	21	18	24	37	N
5	36	16	37	11	N
6	29	29	13	29	N
7	0	100	0	0	C
8	100	0	0	0	A
9	0	100	0	0	C
10	0	0	100	0	G
11	0	0	0	100	T
12	0	0	100	0	G
13	29	13	29	29	N
14	11	36	16	37	N
15	37	24	18	21	N
16	21	39	16	24	N
17	18	21	26	35	N
18	13	32	21	34	N
19	21	18	35	26	N
XX
DE	T02039
0	0	0	0	100	t
1	0	33	67	0	g
2	100	0	0	0	a
3	0	66	0	34	c
4	34	0	66	0	g
5	0	76	0	24	C
6	0	76	0	24	C
7	76	0	24	0	A
8	0	0	52	48	k
XX
DE	T01442
0	21	32	29	18	N
1	85	6	9	0	A
2	0	0	0	100	T
3	3	0	94	3	G
4	100	0	0	0	A
5	0	76	6	18	C
XX
DE	T00106
0	0	0	0	100	t
1	0	0	4	96	T
2	13	17	34	36	N
3	17	21	21	41	N
4	25	0	66	9	G
5	0	78	9	13	C
6	87	13	0	0	A
7	96	0	4	0	A
8	4	4	4	88	T
9	50	50	0	0	m
XX
DE	T04565
0	0	0	0	100	T
1	0	0	50	50	K
2	100	0	0	0	A
3	0	100	0	0	C
4	0	0	100	0	G
5	0	0	0	100	T
6	50	50	0	0	M
7	100	0	0	0	A
XX
DE	T03199
0	0	0	0	100	T
1	0	0	0	100	T
2	100	0	0	0	A
3	100	0	0	0	A
4	0	0	0	100	T
5	100	0	0	0	A
6	100	0	0	0	A
XX
DE	T01239
0	0	0	0	100	T
1	0	0	0	100	T
2	100	0	0	0	A
3	0	100	0	0	C
4	0	0	0	100	T
5	100	0	0	0	A
6	100	0	0	0	A
XX
DE	T03232
0	0	0	0	100	T
1	0	0	0	100	T
2	100	0	0	0	A
3	0	100	0	0	C
4	0	0	0	100	T
5	100	0	0	0	A
6	100	0	0	0	A
XX
DE	T03704
0	0	0	0	100	T
1	0	0	50	50	K
2	100	0	0	0	A
3	0	100	0	0	C
4	0	0	100	0	G
5	0	0	0	100	T
6	50	50	0	0	M
7	100	0	0	0	A
XX
DE	T02310
0	0	0	0	100	T
1	0	100	0	0	C
2	100	0	0	0	A
3	0	100	0	0	C
4	0	0	100	0	G
5	0	0	0	100	T
6	0	0	100	0	G
XX
DE	T01306
0	0	0	0	100	T
1	0	0	67	33	G
2	100	0	0	0	A
3	0	100	0	0	C
4	0	0	100	0	G
5	0	0	0	100	T
6	34	33	0	33	N
7	67	0	0	33	A
XX
DE	T00775
0	0	0	0	100	t
1	0	0	0	100	T
2	0	0	0	100	T
3	0	0	0	100	T
4	0	100	0	0	C
5	0	0	100	0	G
6	0	50	0	50	Y
7	0	0	50	50	K
XX
DE	T03712
0	0	0	0	100	T
1	0	0	50	50	K
2	100	0	0	0	A
3	0	0	100	0	G
4	0	0	0	100	T
5	50	50	0	0	M
6	100	0	0	0	A
XX
DE	T01644
0	0	33	67	0	G
1	0	100	0	0	C
2	100	0	0	0	A
3	0	100	0	0	C
4	0	0	100	0	G
5	34	33	0	33	N
6	0	0	100	0	G
7	34	33	0	33	N
8	0	100	0	0	C
9	100	0	0	0	A
XX
DE	T00750
0	38	0	54	8	R
1	31	0	8	61	T
2	77	0	23	0	A
3	0	100	0	0	C
4	0	0	100	0	G
5	0	0	0	100	T
6	0	0	100	0	G
XX
DE	T02661
0	100	0	0	0	A
1	0	0	0	100	T
2	0	100	0	0	C
3	0	0	0	100	T
4	0	0	0	100	T
5	100	0	0	0	A
6	0	0	0	100	T
7	0	0	100	0	G
8	0	0	0	100	T
9	0	100	0	0	C
10	100	0	0	0	A
11	0	0	0	100	T
12	0	0	0	100	T
13	0	0	100	0	G
14	100	0	0	0	A
15	0	0	0	100	T
16	0	0	100	0	G
17	100	0	0	0	A
18	0	100	0	0	C
19	0	0	100	0	G
20	100	0	0	0	A
21	0	100	0	0	C
22	0	100	0	0	C
23	0	0	0	100	T
24	0	100	0	0	C
25	0	100	0	0	C
XX
DE	T02659
0	100	0	0	0	A
1	0	0	0	100	T
2	0	100	0	0	C
3	0	0	0	100	T
4	0	0	0	100	T
5	100	0	0	0	A
6	0	0	0	100	T
7	0	0	100	0	G
8	0	0	0	100	T
9	0	100	0	0	C
10	100	0	0	0	A
11	0	0	0	100	T
12	0	0	0	100	T
13	0	0	100	0	G
14	100	0	0	0	A
15	0	0	0	100	T
16	0	0	100	0	G
17	100	0	0	0	A
18	0	100	0	0	C
19	0	0	100	0	G
20	100	0	0	0	A
21	0	100	0	0	C
22	0	100	0	0	C
23	0	0	0	100	T
24	0	100	0	0	C
25	0	100	0	0	C
XX
DE	T04028
0	0	100	0	0	C
1	100	0	0	0	A
2	100	0	0	0	A
3	0	0	0	100	T
4	0	0	0	100	T
5	100	0	0	0	A
6	0	0	0	100	T
7	0	0	0	100	T
8	100	0	0	0	A
XX
DE	T02794
0	0	0	0	100	T
1	0	0	100	0	G
2	100	0	0	0	A
3	0	100	0	0	C
4	0	0	100	0	G
5	0	0	0	100	T
6	0	0	100	0	G
7	0	0	100	0	G
XX
