DE	CF2-II
0	0.3125	0.1625	0.5000	0.0250	R
1	0.0125	0.0250	0.0125	0.9500	T
2	0.9250	0.0250	0.0500	0.0000	A
3	0.0000	0.1125	0.0500	0.8375	T
4	0.9750	0.0250	0.0000	0.0000	A
5	0.0125	0.0500	0.0125	0.9250	T
6	0.5125	0.0250	0.4500	0.0125	R
7	0.0250	0.1125	0.0125	0.8500	T
8	0.6625	0.0375	0.2500	0.0500	A
9	0.1500	0.3625	0.1875	0.3000	N
XX
DE	AGL3
0	0.0000	0.9691	0.0103	0.0206	C
1	0.0309	0.7732	0.0000	0.1959	C
2	0.8144	0.0412	0.0309	0.1134	A
3	0.4124	0.0309	0.0412	0.5155	W
4	0.6804	0.0103	0.0103	0.2990	A
5	0.4948	0.0206	0.0000	0.4845	W
6	0.6701	0.0515	0.0515	0.2268	A
7	0.1134	0.0206	0.0309	0.8350	T
8	0.6701	0.0309	0.2887	0.0103	A
9	0.0000	0.0309	0.9072	0.0619	G
XX
DE	SQUA
0	0.3667	0.4667	0.0333	0.1333	M
1	0.0000	0.7333	0.0000	0.2667	C
2	0.8000	0.0000	0.1333	0.0667	A
3	0.5333	0.0667	0.0333	0.3667	W
4	0.7666	0.0000	0.0000	0.2333	A
5	0.5667	0.0000	0.0000	0.4333	W
6	0.8000	0.0333	0.0000	0.1667	A
7	0.2667	0.0000	0.0333	0.7000	T
8	0.4667	0.0333	0.5000	0.0000	R
9	0.0333	0.0333	0.9333	0.0000	G
10	0.4667	0.1667	0.0333	0.3333	N
11	0.8333	0.1667	0.0000	0.0000	A
12	0.7000	0.0667	0.1000	0.1333	A
13	0.2333	0.1667	0.2667	0.3333	N
XX
DE	NFIL3
0	0.0435	0.0000	0.0000	0.9565	T
1	0.0000	0.0000	0.0870	0.9130	T
2	0.9565	0.0000	0.0000	0.0435	A
3	0.0000	0.3478	0.0000	0.6522	T
4	0.0870	0.0000	0.9130	0.0000	G
5	0.0000	0.0000	0.0000	1.0000	T
6	1.0000	0.0000	0.0000	0.0000	A
7	0.9565	0.0000	0.0435	0.0000	A
8	0.0000	0.4783	0.1739	0.3478	Y
9	0.3043	0.2174	0.3043	0.1739	N
10	0.2174	0.2174	0.1304	0.4348	N
XX
DE	Broad-complex_2
0	0.2500	0.0833	0.0833	0.5833	W
1	0.4167	0.1667	0.0833	0.3333	N
2	0.0000	0.8333	0.0000	0.1667	C
3	0.0000	0.0833	0.0000	0.9166	T
4	0.9999	0.0000	0.0000	0.0000	A
5	0.0833	0.0833	0.1667	0.6666	T
6	0.1667	0.0000	0.0833	0.7500	T
7	0.0833	0.1667	0.0833	0.6666	T
XX
DE	MEF2A
0	0.0172	0.8621	0.0000	0.1207	C
1	0.0000	0.0000	0.0000	1.0000	T
2	0.9827	0.0172	0.0000	0.0000	A
3	0.0345	0.0172	0.0000	0.9483	T
4	0.1552	0.0000	0.0000	0.8448	T
5	0.1035	0.0000	0.0000	0.8965	T
6	0.6379	0.0000	0.0000	0.3621	A
7	0.0345	0.0000	0.0000	0.9655	T
8	0.9655	0.0000	0.0345	0.0000	A
9	0.1035	0.0000	0.8621	0.0345	G
XX
DE	Foxq1
0	0.2222	0.2222	0.1667	0.3889	N
1	0.7222	0.0556	0.1667	0.0556	A
2	0.2778	0.1111	0.0000	0.6111	T
3	0.1667	0.0000	0.0000	0.8333	T
4	0.0000	0.0000	1.0000	0.0000	G
5	0.0000	0.0000	0.0000	1.0000	T
6	0.0000	0.0000	0.0000	1.0000	T
7	0.0000	0.0000	0.0000	1.0000	T
8	0.9444	0.0000	0.0556	0.0000	A
9	0.0000	0.0556	0.2222	0.7222	T
10	0.3333	0.0000	0.1667	0.5000	W
XX
DE	TCF1
0	0.2381	0.0000	0.6666	0.0952	G
1	0.0476	0.0000	0.9523	0.0000	G
2	0.0476	0.0000	0.0000	0.9523	T
3	0.0476	0.0000	0.0000	0.9523	T
4	0.9523	0.0000	0.0000	0.0476	A
5	0.7619	0.0952	0.0476	0.0952	A
6	0.0476	0.0000	0.0000	0.9523	T
7	0.3809	0.0952	0.1905	0.3333	N
8	0.6666	0.0000	0.0476	0.2857	A
9	0.0952	0.0000	0.0000	0.9047	T
10	0.0000	0.1905	0.0000	0.8095	T
11	0.6190	0.0476	0.1429	0.1905	A
12	0.3809	0.3809	0.1429	0.0952	N
13	0.2381	0.6190	0.0000	0.1429	C
XX
DE	Broad-complex_4
0	0.1667	0.1667	0.0000	0.6666	T
1	0.6666	0.0000	0.0000	0.3333	A
2	0.3333	0.0000	0.6666	0.0000	G
3	0.1667	0.0000	0.0000	0.8332	T
4	0.8332	0.0000	0.1667	0.0000	A
5	0.9999	0.0000	0.0000	0.0000	A
6	0.8332	0.0000	0.1667	0.0000	A
7	0.1667	0.5000	0.1667	0.1667	N
8	0.5000	0.0000	0.1667	0.3333	W
9	0.8332	0.0000	0.0000	0.1667	A
10	0.5000	0.1667	0.0000	0.3333	W
XX
DE	AGL3
0	0.0000	0.9691	0.0103	0.0206	C
1	0.0309	0.7732	0.0000	0.1959	C
2	0.8144	0.0412	0.0309	0.1134	A
3	0.4124	0.0309	0.0412	0.5155	W
4	0.6804	0.0103	0.0103	0.2990	A
5	0.4948	0.0206	0.0000	0.4845	W
6	0.6701	0.0515	0.0515	0.2268	A
7	0.1134	0.0206	0.0309	0.8350	T
8	0.6701	0.0309	0.2887	0.0103	A
9	0.0000	0.0309	0.9072	0.0619	G
XX
