DE	0001
0	29	30	22	19	N
1	22	56	15	7	N
2	22	34	33	11	N
3	15	59	4	22	Y
4	0	0	0	100	T
5	100	0	0	0	A
6	100	0	0	0	A
7	0	0	19	81	T
8	0	100	0	0	C
9	7	89	4	0	C
10	4	37	48	11	S
11	22	29	19	30	N
12	22	19	19	40	N
XX
DE	0002
0	19	25	50	6	N
1	6	69	19	6	C
2	0	0	0	100	T
3	100	0	0	0	A
4	100	0	0	0	A
5	0	0	0	100	T
6	0	100	0	0	C
7	0	100	0	0	C
8	44	31	25	0	N
9	55	13	13	19	N
XX
DE	0003
0	29	30	22	19	N
1	22	56	15	7	N
2	22	34	33	11	N
3	18	50	5	27	N
4	0	0	0	100	T
5	100	0	0	0	A
6	100	0	0	0	A
7	0	0	19	81	T
8	0	100	0	0	C
9	7	89	4	0	C
10	4	37	48	11	S
11	22	29	19	30	N
12	22	19	19	40	N
XX
