DE	Prrx2
0	0.8813	0.0339	0.0678	0.0170	A
1	1.0000	0.0000	0.0000	0.0000	A
2	0.0000	0.0000	0.0170	0.9830	T
3	0.0000	0.0000	0.0000	1.0000	T
4	0.9830	0.0000	0.0170	0.0000	A
XX
DE	Ubx
0	0.0341	0.0000	0.0000	0.9659	T
1	0.8182	0.0455	0.0341	0.1023	A
2	0.8977	0.0114	0.0682	0.0227	A
3	0.0114	0.0568	0.0455	0.8864	T
XX
DE	GATA2
0	0.2453	0.2453	0.3396	0.1698	N
1	0.0000	0.0943	0.9056	0.0000	G
2	0.9811	0.0000	0.0189	0.0000	A
3	0.0000	0.0000	0.0000	1.0000	T
4	0.4717	0.1321	0.2830	0.1132	N
XX
DE	REL
0	0.0000	0.2941	0.4706	0.2353	N
1	0.0000	0.0588	0.8823	0.0588	G
2	0.0588	0.0000	0.8823	0.0588	G
3	0.2941	0.0588	0.5294	0.1177	R
4	0.3529	0.2941	0.1765	0.1765	N
5	0.2941	0.0588	0.0588	0.5882	W
6	0.0588	0.0000	0.0000	0.9411	T
7	0.1177	0.0000	0.0000	0.8823	T
8	0.0000	0.8823	0.0000	0.1177	C
9	0.0588	0.9411	0.0000	0.0000	C
XX
DE	NFKB1
0	0.0000	0.0000	1.0000	0.0000	G
1	0.0000	0.0000	1.0000	0.0000	G
2	0.0000	0.0000	1.0000	0.0000	G
3	0.1111	0.0000	0.8889	0.0000	G
4	0.6111	0.0556	0.3333	0.0000	A
5	0.2778	0.0000	0.1111	0.6111	T
6	0.0000	0.2778	0.1111	0.6111	T
7	0.0000	0.7222	0.0000	0.2778	C
8	0.0000	0.9444	0.0000	0.0556	C
9	0.0000	1.0000	0.0000	0.0000	C
10	0.0556	0.8333	0.0556	0.0556	C
XX
DE	Prrx2
0	0.8813	0.0339	0.0678	0.0170	A
1	1.0000	0.0000	0.0000	0.0000	A
2	0.0000	0.0000	0.0170	0.9830	T
3	0.0000	0.0000	0.0000	1.0000	T
4	0.9830	0.0000	0.0170	0.0000	A
XX
DE	Ubx
0	0.0341	0.0000	0.0000	0.9659	T
1	0.8182	0.0455	0.0341	0.1023	A
2	0.8977	0.0114	0.0682	0.0227	A
3	0.0114	0.0568	0.0455	0.8864	T
XX
DE	GATA2
0	0.2453	0.2453	0.3396	0.1698	N
1	0.0000	0.0943	0.9056	0.0000	G
2	0.9811	0.0000	0.0189	0.0000	A
3	0.0000	0.0000	0.0000	1.0000	T
4	0.4717	0.1321	0.2830	0.1132	N
XX
DE	Dorsal_2
0	0.0000	0.1111	0.7777	0.1111	G
1	0.0000	0.0000	0.7777	0.2222	G
2	0.0000	0.0000	0.9999	0.0000	G
3	0.0000	0.0000	0.8888	0.1111	G
4	0.4444	0.1111	0.0000	0.4444	W
5	0.2222	0.1111	0.0000	0.6666	T
6	0.0000	0.0000	0.0000	0.9999	T
7	0.0000	0.1111	0.0000	0.8888	T
8	0.0000	0.9999	0.0000	0.0000	C
9	0.1111	0.8888	0.0000	0.0000	C
XX
DE	REL
0	0.0000	0.2941	0.4706	0.2353	N
1	0.0000	0.0588	0.8823	0.0588	G
2	0.0588	0.0000	0.8823	0.0588	G
3	0.2941	0.0588	0.5294	0.1177	R
4	0.3529	0.2941	0.1765	0.1765	N
5	0.2941	0.0588	0.0588	0.5882	W
6	0.0588	0.0000	0.0000	0.9411	T
7	0.1177	0.0000	0.0000	0.8823	T
8	0.0000	0.8823	0.0000	0.1177	C
9	0.0588	0.9411	0.0000	0.0000	C
XX
DE	Prrx2
0	0.8813	0.0339	0.0678	0.0170	A
1	1.0000	0.0000	0.0000	0.0000	A
2	0.0000	0.0000	0.0170	0.9830	T
3	0.0000	0.0000	0.0000	1.0000	T
4	0.9830	0.0000	0.0170	0.0000	A
XX
DE	Ubx
0	0.0341	0.0000	0.0000	0.9659	T
1	0.8182	0.0455	0.0341	0.1023	A
2	0.8977	0.0114	0.0682	0.0227	A
3	0.0114	0.0568	0.0455	0.8864	T
XX
DE	GATA2
0	0.2453	0.2453	0.3396	0.1698	N
1	0.0000	0.0943	0.9056	0.0000	G
2	0.9811	0.0000	0.0189	0.0000	A
3	0.0000	0.0000	0.0000	1.0000	T
4	0.4717	0.1321	0.2830	0.1132	N
XX
DE	REL
0	0.0000	0.2941	0.4706	0.2353	N
1	0.0000	0.0588	0.8823	0.0588	G
2	0.0588	0.0000	0.8823	0.0588	G
3	0.2941	0.0588	0.5294	0.1177	R
4	0.3529	0.2941	0.1765	0.1765	N
5	0.2941	0.0588	0.0588	0.5882	W
6	0.0588	0.0000	0.0000	0.9411	T
7	0.1177	0.0000	0.0000	0.8823	T
8	0.0000	0.8823	0.0000	0.1177	C
9	0.0588	0.9411	0.0000	0.0000	C
XX
DE	NFKB1
0	0.0000	0.0000	1.0000	0.0000	G
1	0.0000	0.0000	1.0000	0.0000	G
2	0.0000	0.0000	1.0000	0.0000	G
3	0.1111	0.0000	0.8889	0.0000	G
4	0.6111	0.0556	0.3333	0.0000	A
5	0.2778	0.0000	0.1111	0.6111	T
6	0.0000	0.2778	0.1111	0.6111	T
7	0.0000	0.7222	0.0000	0.2778	C
8	0.0000	0.9444	0.0000	0.0556	C
9	0.0000	1.0000	0.0000	0.0000	C
10	0.0556	0.8333	0.0556	0.0556	C
XX
