DE	Broad-complex_4
0	0.1667	0.1667	0.0000	0.6666	T
1	0.6666	0.0000	0.0000	0.3333	A
2	0.3333	0.0000	0.6666	0.0000	G
3	0.1667	0.0000	0.0000	0.8332	T
4	0.8332	0.0000	0.1667	0.0000	A
5	0.9999	0.0000	0.0000	0.0000	A
6	0.8332	0.0000	0.1667	0.0000	A
7	0.1667	0.5000	0.1667	0.1667	N
8	0.5000	0.0000	0.1667	0.3333	W
9	0.8332	0.0000	0.0000	0.1667	A
10	0.5000	0.1667	0.0000	0.3333	W
XX
DE	TCF1
0	0.2381	0.0000	0.6666	0.0952	G
1	0.0476	0.0000	0.9523	0.0000	G
2	0.0476	0.0000	0.0000	0.9523	T
3	0.0476	0.0000	0.0000	0.9523	T
4	0.9523	0.0000	0.0000	0.0476	A
5	0.7619	0.0952	0.0476	0.0952	A
6	0.0476	0.0000	0.0000	0.9523	T
7	0.3809	0.0952	0.1905	0.3333	N
8	0.6666	0.0000	0.0476	0.2857	A
9	0.0952	0.0000	0.0000	0.9047	T
10	0.0000	0.1905	0.0000	0.8095	T
11	0.6190	0.0476	0.1429	0.1905	A
12	0.3809	0.3809	0.1429	0.0952	N
13	0.2381	0.6190	0.0000	0.1429	C
XX
DE	Broad-complex_2
0	0.2500	0.0833	0.0833	0.5833	W
1	0.4167	0.1667	0.0833	0.3333	N
2	0.0000	0.8333	0.0000	0.1667	C
3	0.0000	0.0833	0.0000	0.9166	T
4	0.9999	0.0000	0.0000	0.0000	A
5	0.0833	0.0833	0.1667	0.6666	T
6	0.1667	0.0000	0.0833	0.7500	T
7	0.0833	0.1667	0.0833	0.6666	T
XX
DE	Fos
0	0.2632	0.1053	0.6316	0.0000	G
1	0.0000	0.0000	0.0000	1.0000	T
2	0.0000	0.0526	0.9473	0.0000	G
3	0.9473	0.0526	0.0000	0.0000	A
4	0.0526	0.3158	0.4737	0.1579	N
5	0.0526	0.0526	0.0000	0.8947	T
6	0.3158	0.6842	0.0000	0.0000	C
7	0.9473	0.0000	0.0000	0.0526	A
XX
DE	Broad-complex_3
0	0.2500	0.0833	0.0833	0.5833	W
1	0.7500	0.1667	0.0833	0.0000	A
2	0.8333	0.0000	0.0000	0.1667	A
3	0.9999	0.0000	0.0000	0.0000	A
4	0.0000	0.8333	0.0833	0.0833	C
5	0.3333	0.0000	0.0000	0.6666	T
6	0.8333	0.0000	0.0000	0.1667	A
7	0.5000	0.0000	0.3333	0.1667	R
8	0.5000	0.0833	0.1667	0.2500	N
9	0.3333	0.2500	0.1667	0.2500	N
10	0.1667	0.2500	0.4167	0.1667	N
XX
DE	Fos
0	0.2632	0.1053	0.6316	0.0000	G
1	0.0000	0.0000	0.0000	1.0000	T
2	0.0000	0.0526	0.9473	0.0000	G
3	0.9473	0.0526	0.0000	0.0000	A
4	0.0526	0.3158	0.4737	0.1579	N
5	0.0526	0.0526	0.0000	0.8947	T
6	0.3158	0.6842	0.0000	0.0000	C
7	0.9473	0.0000	0.0000	0.0526	A
XX
DE	PPARG
0	0.1071	0.2857	0.5000	0.1071	N
1	0.1071	0.0000	0.0000	0.8928	T
2	0.6786	0.0000	0.3214	0.0000	A
3	0.0000	0.0357	0.9643	0.0000	G
4	0.0357	0.0000	0.9285	0.0357	G
5	0.0000	0.0357	0.1429	0.8214	T
6	0.0714	0.8214	0.1071	0.0000	C
7	0.9285	0.0357	0.0000	0.0357	A
8	0.1786	0.5357	0.1429	0.1429	N
9	0.1786	0.2500	0.3571	0.2143	N
10	0.1429	0.0714	0.6428	0.1429	G
11	0.0357	0.0000	0.0714	0.8928	T
12	0.0714	0.1786	0.7143	0.0357	G
13	0.7857	0.1786	0.0000	0.0357	A
14	0.0357	0.9643	0.0000	0.0000	C
15	0.0000	0.8928	0.0000	0.1071	C
16	0.1071	0.4286	0.0000	0.4643	Y
17	0.7857	0.1786	0.0000	0.0357	A
18	0.1786	0.4286	0.2143	0.1786	N
19	0.2500	0.0000	0.0357	0.7143	T
XX
DE	CFI-USP
0	0.0000	0.0263	0.9737	0.0000	G
1	0.0263	0.0000	0.9474	0.0263	G
2	0.0000	0.0000	1.0000	0.0000	G
3	0.0000	0.0000	1.0000	0.0000	G
4	0.0000	0.0000	0.0000	1.0000	T
5	0.0000	0.9474	0.0263	0.0263	C
6	0.9210	0.0000	0.0790	0.0000	A
7	0.1316	0.6579	0.0790	0.1316	C
8	0.1316	0.2105	0.5789	0.0790	N
9	0.1579	0.2632	0.4210	0.1579	N
XX
DE	TCF11-MafG
0	0.2059	0.3235	0.2941	0.1765	N
1	0.8529	0.0588	0.0882	0.0000	A
2	0.0000	0.0000	0.0000	1.0000	T
3	0.0294	0.0000	0.9412	0.0294	G
4	1.0000	0.0000	0.0000	0.0000	A
5	0.0000	0.7647	0.0588	0.1765	C
XX
DE	bZIP910
0	0.4286	0.4286	0.1429	0.0000	M
1	0.0000	0.0000	0.0000	1.0000	T
2	0.0000	0.0000	1.0000	0.0000	G
3	1.0000	0.0000	0.0000	0.0000	A
4	0.0000	1.0000	0.0000	0.0000	C
5	0.0000	0.0000	1.0000	0.0000	G
6	0.0000	0.0000	0.0000	1.0000	T
XX
