DE	NF-kappaB
0	0.0000	0.0000	1.0000	0.0000	G
1	0.0000	0.0000	1.0000	0.0000	G
2	0.0263	0.0000	0.9737	0.0000	G
3	0.6579	0.0000	0.3421	0.0000	A
4	0.5000	0.3421	0.0263	0.1316	M
5	0.1842	0.0263	0.0790	0.7105	T
6	0.0263	0.0526	0.0526	0.8684	T
7	0.0526	0.4474	0.0000	0.5000	Y
8	0.0526	0.9210	0.0000	0.0263	C
9	0.0000	0.9474	0.0000	0.0526	C
XX
DE	RELA
0	0.0000	0.2222	0.6111	0.1667	G
1	0.0000	0.0000	0.9444	0.0556	G
2	0.0000	0.0000	1.0000	0.0000	G
3	0.6111	0.0000	0.3889	0.0000	A
4	0.5555	0.1667	0.2222	0.0556	N
5	0.1111	0.0000	0.0000	0.8889	T
6	0.0000	0.0000	0.0000	1.0000	T
7	0.0000	0.1111	0.0000	0.8889	T
8	0.0000	1.0000	0.0000	0.0000	C
9	0.0000	1.0000	0.0000	0.0000	C
XX
DE	REL
0	0.0000	0.2941	0.4706	0.2353	N
1	0.0000	0.0588	0.8823	0.0588	G
2	0.0588	0.0000	0.8823	0.0588	G
3	0.2941	0.0588	0.5294	0.1177	R
4	0.3529	0.2941	0.1765	0.1765	N
5	0.2941	0.0588	0.0588	0.5882	W
6	0.0588	0.0000	0.0000	0.9411	T
7	0.1177	0.0000	0.0000	0.8823	T
8	0.0000	0.8823	0.0000	0.1177	C
9	0.0588	0.9411	0.0000	0.0000	C
XX
DE	Dorsal_2
0	0.0000	0.1111	0.7777	0.1111	G
1	0.0000	0.0000	0.7777	0.2222	G
2	0.0000	0.0000	0.9999	0.0000	G
3	0.0000	0.0000	0.8888	0.1111	G
4	0.4444	0.1111	0.0000	0.4444	W
5	0.2222	0.1111	0.0000	0.6666	T
6	0.0000	0.0000	0.0000	0.9999	T
7	0.0000	0.1111	0.0000	0.8888	T
8	0.0000	0.9999	0.0000	0.0000	C
9	0.1111	0.8888	0.0000	0.0000	C
XX
DE	NFKB1
0	0.0000	0.0000	1.0000	0.0000	G
1	0.0000	0.0000	1.0000	0.0000	G
2	0.0000	0.0000	1.0000	0.0000	G
3	0.1111	0.0000	0.8889	0.0000	G
4	0.6111	0.0556	0.3333	0.0000	A
5	0.2778	0.0000	0.1111	0.6111	T
6	0.0000	0.2778	0.1111	0.6111	T
7	0.0000	0.7222	0.0000	0.2778	C
8	0.0000	0.9444	0.0000	0.0556	C
9	0.0000	1.0000	0.0000	0.0000	C
10	0.0556	0.8333	0.0556	0.0556	C
XX
DE	REL
0	0.0000	0.2941	0.4706	0.2353	N
1	0.0000	0.0588	0.8823	0.0588	G
2	0.0588	0.0000	0.8823	0.0588	G
3	0.2941	0.0588	0.5294	0.1177	R
4	0.3529	0.2941	0.1765	0.1765	N
5	0.2941	0.0588	0.0588	0.5882	W
6	0.0588	0.0000	0.0000	0.9411	T
7	0.1177	0.0000	0.0000	0.8823	T
8	0.0000	0.8823	0.0000	0.1177	C
9	0.0588	0.9411	0.0000	0.0000	C
XX
DE	RELA
0	0.0000	0.2222	0.6111	0.1667	G
1	0.0000	0.0000	0.9444	0.0556	G
2	0.0000	0.0000	1.0000	0.0000	G
3	0.6111	0.0000	0.3889	0.0000	A
4	0.5555	0.1667	0.2222	0.0556	N
5	0.1111	0.0000	0.0000	0.8889	T
6	0.0000	0.0000	0.0000	1.0000	T
7	0.0000	0.1111	0.0000	0.8889	T
8	0.0000	1.0000	0.0000	0.0000	C
9	0.0000	1.0000	0.0000	0.0000	C
XX
DE	Dorsal_2
0	0.0000	0.1111	0.7777	0.1111	G
1	0.0000	0.0000	0.7777	0.2222	G
2	0.0000	0.0000	0.9999	0.0000	G
3	0.0000	0.0000	0.8888	0.1111	G
4	0.4444	0.1111	0.0000	0.4444	W
5	0.2222	0.1111	0.0000	0.6666	T
6	0.0000	0.0000	0.0000	0.9999	T
7	0.0000	0.1111	0.0000	0.8888	T
8	0.0000	0.9999	0.0000	0.0000	C
9	0.1111	0.8888	0.0000	0.0000	C
XX
DE	NF-kappaB
0	0.0000	0.0000	1.0000	0.0000	G
1	0.0000	0.0000	1.0000	0.0000	G
2	0.0263	0.0000	0.9737	0.0000	G
3	0.6579	0.0000	0.3421	0.0000	A
4	0.5000	0.3421	0.0263	0.1316	M
5	0.1842	0.0263	0.0790	0.7105	T
6	0.0263	0.0526	0.0526	0.8684	T
7	0.0526	0.4474	0.0000	0.5000	Y
8	0.0526	0.9210	0.0000	0.0263	C
9	0.0000	0.9474	0.0000	0.0526	C
XX
DE	NFKB1
0	0.0000	0.0000	1.0000	0.0000	G
1	0.0000	0.0000	1.0000	0.0000	G
2	0.0000	0.0000	1.0000	0.0000	G
3	0.1111	0.0000	0.8889	0.0000	G
4	0.6111	0.0556	0.3333	0.0000	A
5	0.2778	0.0000	0.1111	0.6111	T
6	0.0000	0.2778	0.1111	0.6111	T
7	0.0000	0.7222	0.0000	0.2778	C
8	0.0000	0.9444	0.0000	0.0556	C
9	0.0000	1.0000	0.0000	0.0000	C
10	0.0556	0.8333	0.0556	0.0556	C
XX
