DE	Nkx2-5
0	0.4118	0.0000	0.0588	0.5294	W
1	0.0000	0.2353	0.0000	0.7647	T
2	1.0000	0.0000	0.0000	0.0000	A
3	1.0000	0.0000	0.0000	0.0000	A
4	0.0000	0.0000	0.4118	0.5882	K
5	0.2353	0.1177	0.0000	0.6470	T
6	0.1177	0.0588	0.6470	0.1765	G
XX
DE	Bapx1
0	0.1667	0.2917	0.1667	0.3750	N
1	0.0417	0.1667	0.2083	0.5833	N
2	0.5417	0.0417	0.2917	0.1250	R
3	1.0000	0.0000	0.0000	0.0000	A
4	0.0000	0.0000	1.0000	0.0000	G
5	0.0000	0.0000	0.0000	1.0000	T
6	0.2500	0.0000	0.7500	0.0000	G
7	0.1667	0.2500	0.5000	0.0833	N
8	0.3750	0.2917	0.2083	0.1250	N
XX
DE	Dof3
0	1.0000	0.0000	0.0000	0.0000	A
1	1.0000	0.0000	0.0000	0.0000	A
2	1.0000	0.0000	0.0000	0.0000	A
3	0.0000	0.0000	1.0000	0.0000	G
4	0.0000	0.4762	0.1429	0.3809	Y
5	0.2857	0.2857	0.4286	0.0000	N
XX
DE	Snail
0	0.0000	0.9750	0.0250	0.0000	C
1	0.9750	0.0000	0.0000	0.0250	A
2	0.0750	0.0000	0.9250	0.0000	G
3	0.0500	0.0000	0.9500	0.0000	G
4	0.0000	0.0000	0.0000	1.0000	T
5	0.0000	0.0000	0.9500	0.0500	G
XX
DE	Prrx2
0	0.8813	0.0339	0.0678	0.0170	A
1	1.0000	0.0000	0.0000	0.0000	A
2	0.0000	0.0000	0.0170	0.9830	T
3	0.0000	0.0000	0.0000	1.0000	T
4	0.9830	0.0000	0.0170	0.0000	A
XX
DE	Nkx2-5
0	0.4118	0.0000	0.0588	0.5294	W
1	0.0000	0.2353	0.0000	0.7647	T
2	1.0000	0.0000	0.0000	0.0000	A
3	1.0000	0.0000	0.0000	0.0000	A
4	0.0000	0.0000	0.4118	0.5882	K
5	0.2353	0.1177	0.0000	0.6470	T
6	0.1177	0.0588	0.6470	0.1765	G
XX
DE	Bapx1
0	0.1667	0.2917	0.1667	0.3750	N
1	0.0417	0.1667	0.2083	0.5833	N
2	0.5417	0.0417	0.2917	0.1250	R
3	1.0000	0.0000	0.0000	0.0000	A
4	0.0000	0.0000	1.0000	0.0000	G
5	0.0000	0.0000	0.0000	1.0000	T
6	0.2500	0.0000	0.7500	0.0000	G
7	0.1667	0.2500	0.5000	0.0833	N
8	0.3750	0.2917	0.2083	0.1250	N
XX
DE	Snail
0	0.0000	0.9750	0.0250	0.0000	C
1	0.9750	0.0000	0.0000	0.0250	A
2	0.0750	0.0000	0.9250	0.0000	G
3	0.0500	0.0000	0.9500	0.0000	G
4	0.0000	0.0000	0.0000	1.0000	T
5	0.0000	0.0000	0.9500	0.0500	G
XX
DE	Mycn
0	0.0000	1.0000	0.0000	0.0000	C
1	0.9355	0.0000	0.0000	0.0645	A
2	0.0000	0.9677	0.0000	0.0323	C
3	0.0645	0.0323	0.9032	0.0000	G
4	0.0000	0.0968	0.0000	0.9032	T
5	0.0000	0.0000	1.0000	0.0000	G
XX
DE	Arnt
0	0.2000	0.8000	0.0000	0.0000	C
1	0.9500	0.0000	0.0500	0.0000	A
2	0.0000	1.0000	0.0000	0.0000	C
3	0.0000	0.0000	1.0000	0.0000	G
4	0.0000	0.0000	0.0000	1.0000	T
5	0.0000	0.0000	1.0000	0.0000	G
XX
DE	Snail
0	0.0000	0.9750	0.0250	0.0000	C
1	0.9750	0.0000	0.0000	0.0250	A
2	0.0750	0.0000	0.9250	0.0000	G
3	0.0500	0.0000	0.9500	0.0000	G
4	0.0000	0.0000	0.0000	1.0000	T
5	0.0000	0.0000	0.9500	0.0500	G
XX
DE	Nkx2-5
0	0.4118	0.0000	0.0588	0.5294	W
1	0.0000	0.2353	0.0000	0.7647	T
2	1.0000	0.0000	0.0000	0.0000	A
3	1.0000	0.0000	0.0000	0.0000	A
4	0.0000	0.0000	0.4118	0.5882	K
5	0.2353	0.1177	0.0000	0.6470	T
6	0.1177	0.0588	0.6470	0.1765	G
XX
DE	Mycn
0	0.0000	1.0000	0.0000	0.0000	C
1	0.9355	0.0000	0.0000	0.0645	A
2	0.0000	0.9677	0.0000	0.0323	C
3	0.0645	0.0323	0.9032	0.0000	G
4	0.0000	0.0968	0.0000	0.9032	T
5	0.0000	0.0000	1.0000	0.0000	G
XX
DE	Arnt
0	0.2000	0.8000	0.0000	0.0000	C
1	0.9500	0.0000	0.0500	0.0000	A
2	0.0000	1.0000	0.0000	0.0000	C
3	0.0000	0.0000	1.0000	0.0000	G
4	0.0000	0.0000	0.0000	1.0000	T
5	0.0000	0.0000	1.0000	0.0000	G
XX
DE	USF1
0	0.0000	1.0000	0.0000	0.0000	C
1	1.0000	0.0000	0.0000	0.0000	A
2	0.0000	0.9333	0.0000	0.0667	C
3	0.0333	0.0000	0.9666	0.0000	G
4	0.0000	0.0333	0.0333	0.9333	T
5	0.0000	0.0000	1.0000	0.0000	G
6	0.3000	0.0667	0.4667	0.1667	N
XX
