DE	T00895
0	4	37	2	57	Y
1	98	0	0	2	A
2	100	0	0	0	A
3	2	98	0	0	C
4	0	4	76	20	G
5	2	2	94	2	G
XX
DE	T09921
0	8	70	8	14	C
1	48	28	18	6	N
2	1	2	97	0	G
3	0	0	0	100	T
4	0	0	4	96	T
XX
DE	T08445
0	60	10	25	5	R
1	2	75	6	17	C
2	18	1	0	81	T
3	0	0	0	100	T
4	0	100	0	0	C
5	0	99	0	1	C
6	3	5	47	45	K
7	4	25	60	11	S
8	8	30	5	57	y
XX
DE	T00208
0	73	7	13	7	a
1	6	59	6	29	Y
2	0	0	0	100	T
3	0	0	0	100	T
4	0	100	0	0	C
5	0	100	0	0	C
6	0	0	71	29	G
7	6	12	70	12	G
8	35	12	41	12	n
9	19	13	0	68	t
10	7	13	7	73	t
XX
DE	T02101
0	15	15	44	26	N
1	29	17	27	27	N
2	26	21	41	12	N
3	17	17	49	17	N
4	27	20	40	13	N
5	16	33	29	22	N
6	15	21	13	51	N
7	4	0	0	96	T
8	87	3	3	7	A
9	97	0	2	1	A
10	0	3	3	94	T
11	11	5	56	28	K
12	22	5	70	3	G
13	16	40	30	14	N
14	11	31	20	38	N
15	23	23	8	46	N
16	22	34	17	27	N
17	20	17	50	13	N
18	17	13	29	41	N
XX
DE	T03848
0	15	15	44	26	N
1	29	17	27	27	N
2	26	21	41	12	N
3	17	17	49	17	N
4	27	20	40	13	N
5	16	33	29	22	N
6	15	21	13	51	N
7	4	0	0	96	T
8	87	3	3	7	A
9	97	0	2	1	A
10	0	3	3	94	T
11	11	5	56	28	K
12	22	5	70	3	G
13	16	40	30	14	N
14	11	31	20	38	N
15	23	23	8	46	N
16	22	34	17	27	N
17	20	17	50	13	N
18	17	13	29	41	N
XX
DE	T00863
0	10	62	6	22	c
1	38	48	3	11	m
2	93	3	3	1	A
3	1	3	0	96	T
4	7	4	3	86	T
5	94	0	0	6	A
XX
DE	T00193
0	84	2	11	3	A
1	4	4	16	76	T
2	0	0	2	98	T
3	98	0	0	2	A
4	90	4	4	2	A
5	0	0	0	100	t
XX
DE	T00295
0	3	1	4	92	T
1	88	2	3	7	A
2	97	0	0	3	A
3	2	2	6	90	T
4	4	5	54	37	K
XX
DE	T00377
0	10	20	10	60	T
1	0	20	70	10	G
2	10	70	10	10	C
3	30	40	10	20	N
4	40	30	0	30	N
5	40	20	10	30	N
6	10	50	20	20	N
7	30	20	0	50	W
8	10	40	10	40	Y
9	10	90	0	0	C
10	10	60	10	20	C
11	10	50	0	40	Y
12	20	70	0	10	C
13	100	0	0	0	A
14	0	0	0	100	T
15	0	0	0	100	T
16	100	0	0	0	A
17	0	20	50	30	K
18	0	20	0	80	T
19	20	20	50	10	N
20	20	30	30	20	N
21	30	0	30	40	N
22	20	50	10	20	N
23	30	20	40	10	N
24	40	40	10	10	M
25	20	40	30	10	N
26	30	30	0	40	N
27	10	50	0	40	Y
28	10	70	10	10	C
29	40	20	20	20	N
XX
DE	T09126
0	15	59	23	3	s
1	0	36	64	0	G
2	0	99	1	0	C
3	0	1	99	0	G
4	0	82	18	0	C
5	0	53	45	2	S
6	88	2	7	3	a
7	88	7	2	3	a
8	70	8	15	7	a
XX
DE	T01085
0	14	45	9	32	N
1	23	41	27	9	N
2	9	27	23	41	N
3	0	27	27	46	N
4	0	46	9	45	Y
5	5	36	5	54	Y
6	32	9	32	27	N
7	0	100	0	0	C
8	100	0	0	0	A
9	0	0	0	100	T
10	0	0	0	100	T
11	0	100	0	0	C
12	0	68	0	32	C
13	32	23	9	36	N
14	23	18	32	27	N
15	18	32	14	36	N
16	14	27	36	23	N
17	27	41	18	14	N
18	5	32	23	40	N
XX
DE	T00386
0	2	8	27	63	t
1	19	1	2	78	t
2	17	81	2	0	c
3	10	5	30	55	k
4	55	30	5	10	m
5	0	2	81	17	g
6	74	2	1	23	a
7	68	21	6	5	a
8	32	7	30	31	n
9	33	27	3	37	N
10	1	7	18	74	T
11	16	1	3	80	T
12	14	84	2	0	C
13	9	6	33	52	K
XX
DE	T00488
0	0	7	7	86	T
1	0	0	100	0	G
2	100	0	0	0	A
3	0	0	0	100	T
4	0	0	100	0	G
5	7	14	0	79	T
6	72	0	21	7	A
7	43	14	29	14	N
8	35	29	7	29	N
9	14	7	7	72	T
XX
DE	T00487
0	63	4	11	22	A
1	53	0	4	43	W
2	15	7	12	66	T
3	19	7	11	63	T
4	96	0	4	0	A
5	4	96	0	0	C
6	92	0	4	4	A
7	4	24	4	68	T
8	8	4	81	7	G
XX
DE	T08420
0	57	9	27	7	R
1	2	69	6	23	C
2	25	1	3	71	T
3	0	0	0	100	T
4	0	100	0	0	C
5	0	99	0	1	C
6	4	4	23	69	T
7	2	25	64	9	G
XX
DE	T09117
0	15	59	23	3	s
1	1	32	67	0	G
2	0	97	3	0	C
3	0	3	97	0	G
4	0	80	20	0	C
5	0	52	46	2	S
6	86	2	7	5	a
7	83	11	3	3	a
8	70	8	17	5	a
XX
DE	T01545
0	4	15	3	78	T
1	2	1	6	91	T
2	2	9	2	87	T
3	3	42	55	0	S
4	0	15	85	0	G
5	0	100	0	0	C
6	0	0	100	0	G
7	1	68	31	0	C
8	3	17	64	16	g
XX
DE	T01607
0	0	0	0	100	T
1	0	0	0	100	T
2	0	0	0	100	T
3	0	50	50	0	S
4	0	17	83	0	G
5	0	100	0	0	C
6	0	0	100	0	G
7	0	92	8	0	C
XX
DE	T00424
0	63	2	33	2	A
1	73	1	20	6	A
2	98	0	0	2	A
3	99	1	0	0	A
4	18	23	49	10	N
5	14	21	8	57	N
6	3	0	97	0	G
7	99	0	1	0	A
8	92	5	0	3	A
9	93	2	0	5	A
XX
DE	T09319
0	63	2	33	2	a
1	73	1	20	6	a
2	99	0	0	1	A
3	99	1	0	0	A
4	19	24	50	7	N
5	17	16	6	61	T
6	2	0	98	0	G
7	97	0	3	0	A
8	92	4	0	4	A
9	93	2	0	5	a
XX
DE	T09323
0	63	2	33	2	a
1	73	1	20	6	a
2	99	0	0	1	A
3	99	1	0	0	A
4	19	24	50	7	N
5	17	16	6	61	T
6	2	0	98	0	G
7	97	0	3	0	A
8	92	4	0	4	A
9	93	2	0	5	a
XX
DE	T01467
0	99	0	1	0	A
1	0	5	95	0	G
2	0	1	99	0	G
3	3	3	0	94	T
4	13	3	83	1	G
XX
DE	T10243
0	57	7	27	9	R
1	3	65	4	28	C
2	26	0	0	74	T
3	0	0	0	100	T
4	0	100	0	0	C
5	0	99	0	1	C
6	3	4	28	65	T
7	3	27	58	12	S
XX
DE	T01474
0	0	87	3	10	c
1	97	3	0	0	A
2	99	0	0	1	A
3	0	1	0	99	T
4	70	0	13	17	A
5	100	0	0	0	A
6	0	0	0	100	T
7	5	0	3	92	T
8	11	11	70	8	G
XX
DE	T01476
0	4	2	13	81	T
1	5	3	5	87	T
2	12	6	9	73	T
3	90	2	0	8	A
4	7	15	1	77	T
5	3	6	70	21	G
6	35	7	47	11	r
7	3	79	15	3	c
XX
DE	T09990
0	86	4	6	4	A
1	7	5	1	87	T
2	3	62	5	30	C
3	5	8	82	5	G
4	79	2	18	1	A
5	1	1	2	96	T
XX
DE	T01481
0	25	3	1	71	t
1	5	3	4	88	t
2	3	0	91	6	G
3	92	2	0	6	A
4	5	3	3	89	T
5	6	0	11	83	T
6	9	3	86	2	G
7	83	2	9	6	A
8	10	4	7	79	T
XX
DE	T01122
0	5	6	7	82	T
1	5	3	2	90	T
2	8	66	2	24	C
3	74	22	2	2	A
4	22	66	2	10	C
5	2	2	93	3	G
6	2	73	23	2	C
7	43	5	3	49	W
8	2	25	1	72	T
9	20	27	47	6	N
10	70	2	26	2	A
11	28	25	30	17	n
12	3	11	7	79	t
13	2	0	41	57	k
XX
DE	T09150
0	20	9	12	59	n
1	22	6	39	33	N
2	68	9	6	17	A
3	8	14	62	16	G
4	4	7	2	87	T
5	5	8	4	83	T
6	7	81	3	9	C
7	24	73	0	3	C
8	69	18	4	9	A
9	0	8	89	3	G
10	1	45	52	2	s
11	30	5	1	64	t
12	1	65	0	34	c
13	57	15	22	6	n
14	33	4	57	6	r
XX
DE	T01823
0	14	14	11	61	t
1	15	12	43	30	N
2	58	8	11	23	W
3	12	21	55	12	N
4	8	6	11	75	T
5	6	9	2	83	T
6	4	56	4	36	Y
7	26	54	10	10	M
8	51	13	12	24	N
9	7	13	66	14	G
XX
DE	T00678
0	19	7	64	10	G
1	10	7	0	83	T
2	2	59	5	34	Y
3	54	25	8	13	N
4	11	59	5	25	Y
XX
DE	T08863
0	35	12	12	41	N
1	32	18	11	39	N
2	24	16	29	31	N
3	53	11	15	21	N
4	28	28	24	20	N
5	12	39	10	39	N
6	2	51	0	47	Y
7	91	4	5	0	A
8	100	0	0	0	A
9	0	0	0	100	T
10	0	0	0	100	T
11	100	0	0	0	A
12	39	7	34	20	N
13	5	53	16	26	N
14	13	40	27	20	N
15	33	8	17	42	N
XX
DE	T01484
0	61	6	19	14	A
1	2	7	19	72	T
2	63	8	5	24	A
3	77	5	0	18	A
4	63	9	5	23	A
XX
DE	T01485
0	27	11	21	41	N
1	45	16	12	27	N
2	17	6	24	53	N
3	100	0	0	0	A
4	0	0	0	100	T
5	1	73	0	26	C
6	0	0	100	0	G
7	100	0	0	0	A
8	0	0	0	100	T
9	8	20	2	70	T
10	86	2	4	8	A
11	18	11	23	48	N
12	11	32	6	51	Y
13	21	10	27	42	N
14	37	10	12	41	N
XX
DE	T02288
0	79	0	14	7	a
1	49	16	0	35	W
2	71	22	7	0	A
3	0	7	0	93	T
4	100	0	0	0	A
5	100	0	0	0	A
6	100	0	0	0	A
7	0	100	0	0	C
8	84	0	0	16	A
9	58	0	13	29	W
10	7	16	7	70	T
XX
DE	T02290
0	64	3	3	30	A
1	40	7	3	50	W
2	2	5	3	90	T
3	29	0	69	2	G
4	0	0	0	100	T
5	4	0	3	93	T
6	9	0	17	74	T
7	39	0	45	16	R
8	10	21	1	68	T
9	2	6	7	85	T
10	6	19	3	72	T
XX
DE	T04166
0	38	8	0	54	w
1	71	4	16	9	A
2	84	7	7	2	A
3	66	2	24	8	A
4	11	45	0	44	Y
5	76	16	0	8	A
6	90	4	0	6	A
7	100	0	0	0	A
8	2	67	0	31	C
9	91	4	3	2	A
10	52	4	9	35	W
11	29	4	3	64	T
XX
DE	T04167
0	38	8	0	54	w
1	71	4	16	9	A
2	84	7	7	2	A
3	66	2	24	8	A
4	11	45	0	44	Y
5	76	16	0	8	A
6	90	4	0	6	A
7	100	0	0	0	A
8	2	67	0	31	C
9	91	4	3	2	A
10	52	4	9	35	W
11	29	4	3	64	T
XX
DE	T08421
0	2	5	2	91	T
1	41	2	53	4	R
2	1	1	0	98	T
3	0	1	4	95	T
4	2	1	13	84	T
5	40	2	49	9	R
6	4	43	8	45	Y
7	16	14	9	61	T
8	6	30	6	58	Y
9	49	2	13	36	W
XX
DE	T09044
0	13	5	70	12	G
1	8	13	19	60	T
2	11	15	4	70	T
3	76	3	14	7	A
4	78	7	6	9	A
5	21	5	2	72	T
6	21	22	20	37	N
7	80	5	3	12	A
8	19	2	13	66	T
9	4	4	2	90	T
10	70	7	8	15	A
11	77	4	9	10	A
12	13	74	2	11	C
XX
DE	T09048
0	13	5	70	12	G
1	8	13	19	60	T
2	11	15	4	70	T
3	76	3	14	7	A
4	78	7	6	9	A
5	21	5	2	72	T
6	21	22	20	37	N
7	80	5	3	12	A
8	19	2	13	66	T
9	4	4	2	90	T
10	70	7	8	15	A
11	77	4	9	10	A
12	13	74	2	11	C
XX
DE	T00368
0	26	2	57	15	R
1	8	4	82	6	G
2	3	3	1	93	T
3	7	2	3	88	T
4	85	3	2	10	A
5	71	15	5	9	A
6	7	1	0	92	T
7	33	13	23	31	N
8	57	5	8	30	W
9	11	3	6	80	T
10	2	18	2	78	T
11	59	6	17	18	N
12	42	27	16	15	N
13	18	58	3	21	N
XX
DE	T00655
0	79	10	10	1	A
1	2	17	17	64	T
2	2	9	53	36	K
3	7	47	19	27	N
4	48	2	11	39	W
5	71	1	5	23	A
6	92	0	2	6	A
7	25	2	7	66	T
8	21	14	11	54	N
9	26	41	15	18	N
10	33	50	17	0	m
XX
DE	T00656
0	79	10	10	1	A
1	2	17	17	64	T
2	2	9	53	36	K
3	7	47	19	27	N
4	48	2	11	39	W
5	71	1	5	23	A
6	92	0	2	6	A
7	25	2	7	66	T
8	21	14	11	54	N
9	26	41	15	18	N
10	33	50	17	0	m
XX
DE	T00969
0	79	10	10	1	A
1	2	17	17	64	T
2	2	9	53	36	K
3	7	47	19	27	N
4	48	2	11	39	W
5	71	1	5	23	A
6	92	0	2	6	A
7	25	2	7	66	T
8	21	14	11	54	N
9	26	41	15	18	N
10	33	50	17	0	m
XX
DE	T00641
0	75	12	3	10	A
1	9	5	2	84	T
2	7	3	2	88	T
3	18	3	7	72	T
4	14	7	68	11	G
5	8	87	3	2	C
6	95	2	2	1	A
7	1	2	1	96	T
8	62	3	18	17	A
XX
DE	T01031
0	75	12	3	10	A
1	9	5	2	84	T
2	7	3	2	88	T
3	18	3	7	72	T
4	14	7	68	11	G
5	8	87	3	2	C
6	95	2	2	1	A
7	1	2	1	96	T
8	62	3	18	17	A
XX
DE	T00642
0	75	12	3	10	A
1	9	5	2	84	T
2	7	3	2	88	T
3	18	3	7	72	T
4	14	7	68	11	G
5	8	87	3	2	C
6	95	2	2	1	A
7	1	2	1	96	T
8	62	3	18	17	A
XX
DE	T00644
0	75	12	3	10	A
1	9	5	2	84	T
2	7	3	2	88	T
3	18	3	7	72	T
4	14	7	68	11	G
5	8	87	3	2	C
6	95	2	2	1	A
7	1	2	1	96	T
8	62	3	18	17	A
XX
DE	T00063
0	9	4	0	87	T
1	99	0	1	0	A
2	100	0	0	0	A
3	4	1	14	81	T
4	2	92	2	4	C
5	5	73	6	16	C
XX
DE	T09182
0	6	47	0	47	y
1	0	42	41	17	s
2	0	0	88	12	g
3	10	23	25	42	N
4	3	36	7	54	Y
5	48	26	13	13	N
6	21	61	0	18	C
7	6	7	74	13	G
8	1	78	0	21	C
9	20	17	1	62	T
10	11	42	6	41	Y
11	10	67	13	10	C
12	68	9	19	4	A
13	13	20	58	9	N
14	23	11	23	43	n
15	23	11	43	23	n
16	35	37	17	11	n
17	17	24	19	40	n
18	0	70	0	30	c
XX
DE	T09204
0	6	47	0	47	y
1	0	42	41	17	s
2	0	0	88	12	g
3	10	23	25	42	N
4	3	36	7	54	Y
5	48	26	13	13	N
6	21	61	0	18	C
7	6	7	74	13	G
8	1	78	0	21	C
9	20	17	1	62	T
10	11	42	6	41	Y
11	10	67	13	10	C
12	68	9	19	4	A
13	13	20	58	9	N
14	23	11	23	43	n
15	23	11	43	23	n
16	35	37	17	11	n
17	17	24	19	40	n
18	0	70	0	30	c
XX
DE	T00630
0	15	4	19	62	t
1	18	19	38	25	n
2	58	4	15	23	w
3	40	17	12	31	n
4	39	9	11	41	w
5	36	4	1	59	W
6	19	1	0	80	T
7	63	3	1	33	A
8	7	9	1	83	T
9	8	8	66	18	G
10	8	65	6	21	C
11	71	0	1	28	A
12	29	1	4	66	T
13	55	5	28	12	r
14	15	8	15	62	t
XX
DE	T10040
0	15	4	19	62	t
1	18	19	38	25	n
2	58	4	15	23	w
3	40	17	12	31	n
4	39	9	11	41	w
5	36	4	1	59	W
6	19	1	0	80	T
7	63	3	1	33	A
8	7	9	1	83	T
9	8	8	66	18	G
10	8	65	6	21	C
11	71	0	1	28	A
12	29	1	4	66	T
13	55	5	28	12	r
14	15	8	15	62	t
XX
DE	T01044
0	0	9	0	91	t
1	0	0	9	91	t
2	0	100	0	0	c
3	0	27	0	73	t
4	48	14	32	6	R
5	0	0	100	0	G
6	78	6	11	5	A
7	76	6	11	7	A
8	26	29	28	17	N
9	24	16	32	28	N
10	7	5	11	77	T
11	6	5	6	83	T
12	0	100	0	0	C
13	11	8	37	44	K
14	0	55	9	36	y
15	36	46	18	0	m
XX
DE	T05814
0	0	9	0	91	t
1	0	0	9	91	t
2	0	100	0	0	c
3	0	27	0	73	t
4	48	14	32	6	R
5	0	0	100	0	G
6	78	6	11	5	A
7	76	6	11	7	A
8	26	29	28	17	N
9	24	16	32	28	N
10	7	5	11	77	T
11	6	5	6	83	T
12	0	100	0	0	C
13	11	8	37	44	K
14	0	55	9	36	y
15	36	46	18	0	m
XX
DE	T01042
0	0	9	0	91	t
1	0	0	9	91	t
2	0	100	0	0	c
3	0	27	0	73	t
4	48	14	32	6	R
5	0	0	100	0	G
6	78	6	11	5	A
7	76	6	11	7	A
8	26	29	28	17	N
9	24	16	32	28	N
10	7	5	11	77	T
11	6	5	6	83	T
12	0	100	0	0	C
13	11	8	37	44	K
14	0	55	9	36	y
15	36	46	18	0	m
XX
DE	T02104
0	0	9	0	91	t
1	0	0	9	91	t
2	0	100	0	0	c
3	0	27	0	73	t
4	48	14	32	6	R
5	0	0	100	0	G
6	78	6	11	5	A
7	76	6	11	7	A
8	26	29	28	17	N
9	24	16	32	28	N
10	7	5	11	77	T
11	6	5	6	83	T
12	0	100	0	0	C
13	11	8	37	44	K
14	0	55	9	36	y
15	36	46	18	0	m
XX
DE	T05813
0	0	9	0	91	t
1	0	0	9	91	t
2	0	100	0	0	c
3	0	27	0	73	t
4	48	14	32	6	R
5	0	0	100	0	G
6	78	6	11	5	A
7	76	6	11	7	A
8	26	29	28	17	N
9	24	16	32	28	N
10	7	5	11	77	T
11	6	5	6	83	T
12	0	100	0	0	C
13	11	8	37	44	K
14	0	55	9	36	y
15	36	46	18	0	m
XX
DE	T01525
0	0	9	0	91	t
1	0	0	9	91	t
2	0	100	0	0	c
3	0	27	0	73	t
4	48	14	32	6	R
5	0	0	100	0	G
6	78	6	11	5	A
7	76	6	11	7	A
8	26	29	28	17	N
9	24	16	32	28	N
10	7	5	11	77	T
11	6	5	6	83	T
12	0	100	0	0	C
13	11	8	37	44	K
14	0	55	9	36	y
15	36	46	18	0	m
XX
DE	T01045
0	34	23	31	12	N
1	0	0	100	0	G
2	89	4	7	0	A
3	74	4	7	15	A
4	15	22	26	37	N
5	29	26	30	15	N
6	30	7	7	56	W
7	15	0	8	77	T
8	0	100	0	0	C
9	7	15	45	33	N
XX
DE	T00385
0	1	1	82	16	g
1	81	1	2	16	a
2	82	14	2	2	a
3	22	31	19	28	n
4	28	19	31	22	N
5	3	3	14	80	T
6	15	3	2	80	T
7	15	81	2	2	C
8	17	26	18	39	N
9	40	17	26	17	n
10	1	1	82	16	g
11	81	1	2	16	a
12	82	14	2	2	a
XX
DE	T00008
0	0	25	35	40	n
1	13	78	9	0	c
2	40	9	42	9	r
3	15	0	76	9	g
4	5	95	0	0	C
5	11	6	77	6	G
6	50	0	47	3	R
7	5	86	0	9	C
8	20	22	26	32	N
9	9	0	88	3	G
10	0	100	0	0	C
11	41	6	53	0	R
12	24	0	71	5	g
13	7	93	0	0	c
14	12	19	60	9	g
XX
DE	T00139
0	95	5	0	0	A
1	100	0	0	0	A
2	0	96	3	1	C
3	6	14	28	52	N
4	16	9	65	10	G
XX
DE	T09892
0	95	5	0	0	A
1	100	0	0	0	A
2	0	96	3	1	C
3	6	14	28	52	N
4	16	9	65	10	G
XX
DE	T00648
0	13	7	13	67	T
1	22	32	25	21	N
2	76	14	2	8	A
3	6	2	0	92	T
4	7	5	1	87	T
5	13	2	2	83	T
6	10	3	73	14	G
7	3	95	0	2	C
8	93	0	5	2	A
9	1	1	1	97	T
10	56	4	22	18	N
XX
DE	T00964
0	13	7	13	67	T
1	22	32	25	21	N
2	76	14	2	8	A
3	6	2	0	92	T
4	7	5	1	87	T
5	13	2	2	83	T
6	10	3	73	14	G
7	3	95	0	2	C
8	93	0	5	2	A
9	1	1	1	97	T
10	56	4	22	18	N
XX
DE	T00646
0	21	51	10	18	N
1	8	0	8	84	T
2	18	45	21	16	N
3	86	14	0	0	A
4	0	0	0	100	T
5	0	0	0	100	T
6	15	0	0	85	T
7	0	0	85	15	G
8	0	100	0	0	C
9	91	0	9	0	A
10	0	0	0	100	T
11	65	0	25	10	A
12	13	48	6	33	Y
XX
DE	T00715
0	40	6	48	6	r
1	48	2	48	2	R
2	3	0	11	86	T
3	3	0	96	1	G
4	6	6	1	87	T
5	48	13	31	8	N
6	2	14	2	82	T
7	2	0	98	0	G
8	0	0	100	0	G
9	0	0	100	0	G
10	0	0	0	100	T
11	0	1	80	19	G
12	4	19	0	77	T
XX
DE	T01568
0	73	0	2	25	a
1	66	1	22	11	A
2	64	2	18	16	A
3	15	65	10	10	C
4	38	20	34	8	N
5	0	2	96	2	G
6	3	1	3	93	T
7	2	1	0	97	T
8	82	1	2	15	A
9	2	31	51	16	s
XX
DE	T01590
0	70	8	11	11	A
1	6	78	8	8	C
2	0	86	0	14	C
3	47	0	0	53	W
4	100	0	0	0	A
5	0	100	0	0	C
6	3	94	0	3	C
7	31	36	11	22	N
8	17	22	42	19	N
XX
DE	T01591
0	70	8	11	11	A
1	6	78	8	8	C
2	0	86	0	14	C
3	47	0	0	53	W
4	100	0	0	0	A
5	0	100	0	0	C
6	3	94	0	3	C
7	31	36	11	22	N
8	17	22	42	19	N
XX
DE	T01675
0	5	77	6	12	C
1	86	0	3	11	A
2	39	61	0	0	C
3	0	0	0	100	T
4	0	0	0	100	T
5	55	9	34	2	R
6	60	14	2	24	W
XX
DE	T01862
0	82	7	3	8	A
1	4	2	0	94	T
2	4	3	1	92	T
3	29	2	1	68	T
4	16	12	67	5	G
5	3	96	0	1	C
6	99	0	0	1	A
7	1	1	1	97	T
8	64	3	16	17	A
XX
DE	T01863
0	82	7	3	8	A
1	4	2	0	94	T
2	4	3	1	92	T
3	29	2	1	68	T
4	16	12	67	5	G
5	3	96	0	1	C
6	99	0	0	1	A
7	1	1	1	97	T
8	64	3	16	17	A
XX
DE	T02291
0	59	27	7	7	m
1	0	0	0	100	t
2	40	0	10	50	W
3	0	0	10	90	T
4	0	0	0	100	T
5	0	0	0	100	T
6	100	0	0	0	A
7	0	33	0	67	T
8	8	17	8	67	t
9	18	18	18	46	n
10	27	0	9	64	t
11	33	0	22	45	n
XX
DE	T01051
0	17	50	0	33	Y
1	66	0	17	17	A
2	33	17	0	50	W
3	33	0	67	0	G
4	0	0	0	100	T
5	100	0	0	0	A
6	100	0	0	0	A
7	100	0	0	0	A
8	0	33	0	67	T
9	100	0	0	0	A
10	50	17	0	33	W
11	33	0	17	50	W
12	33	0	50	17	R
13	0	50	17	33	Y
XX
DE	T02294
0	50	17	0	33	W
1	33	17	17	33	N
2	33	0	0	67	T
3	83	0	17	0	A
4	0	0	0	100	T
5	100	0	0	0	A
6	100	0	0	0	A
7	100	0	0	0	A
8	0	83	0	17	C
9	100	0	0	0	A
10	33	0	17	50	W
11	33	17	17	33	N
12	17	33	33	17	N
13	50	0	33	17	R
XX
DE	T01053
0	2	3	2	93	T
1	30	2	64	4	G
2	1	1	0	98	T
3	0	1	4	95	T
4	1	1	20	78	T
5	57	1	37	5	R
6	2	62	6	30	C
7	23	19	4	54	N
8	11	38	12	39	N
9	53	2	10	35	W
XX
DE	T01666
0	13	69	8	10	c
1	23	32	17	28	n
2	36	19	2	43	N
3	20	14	56	10	N
4	7	0	88	5	G
5	5	64	15	16	C
6	88	0	6	6	A
7	89	4	0	7	A
8	12	88	0	0	C
XX
DE	T01673
0	13	69	8	10	c
1	23	32	17	28	n
2	36	19	2	43	N
3	20	14	56	10	N
4	7	0	88	5	G
5	5	64	15	16	C
6	88	0	6	6	A
7	89	4	0	7	A
8	12	88	0	0	C
XX
DE	T00918
0	4	92	4	0	C
1	80	0	16	4	A
2	0	100	0	0	C
3	0	0	0	100	T
4	0	100	0	0	C
5	76	4	20	0	A
6	72	4	10	14	A
XX
DE	T02474
0	77	13	3	7	A
1	58	13	3	26	W
2	76	12	12	0	A
3	0	52	0	48	Y
4	100	0	0	0	A
5	100	0	0	0	A
6	100	0	0	0	A
7	0	58	0	42	Y
8	100	0	0	0	A
XX
DE	T02465
0	54	13	5	28	W
1	57	15	12	16	N
2	39	30	25	6	N
3	40	0	60	0	R
4	0	15	0	85	T
5	95	5	0	0	A
6	94	3	0	3	A
7	100	0	0	0	A
8	0	85	0	15	C
9	97	3	0	0	A
XX
DE	T09949
0	25	25	31	19	N
1	13	31	37	19	N
2	25	25	19	31	N
3	38	25	31	6	N
4	43	19	13	25	N
5	0	0	100	0	G
6	0	0	0	100	T
7	100	0	0	0	A
8	100	0	0	0	A
9	100	0	0	0	A
10	0	25	0	75	T
11	100	0	0	0	A
12	88	6	0	6	A
13	74	0	13	13	A
14	0	69	25	6	C
15	68	13	19	0	A
XX
DE	T02472
0	0	0	0	100	T
1	3	0	94	3	G
2	0	3	3	94	T
3	0	0	0	100	T
4	0	0	5	95	T
5	100	0	0	0	A
6	3	89	3	5	C
7	30	15	0	55	w
8	0	25	0	75	t
9	60	0	0	40	w
10	60	0	30	10	r
11	0	30	70	0	g
XX
DE	T02475
0	67	9	9	15	A
1	13	11	13	63	T
2	75	11	9	5	A
3	58	22	5	15	M
4	95	0	5	0	A
5	0	35	0	65	T
6	94	4	2	0	A
XX
DE	T02461
0	67	5	15	13	A
1	62	12	5	21	A
2	78	0	22	0	A
3	0	33	0	67	T
4	92	8	0	0	A
5	92	4	0	4	A
6	100	0	0	0	A
7	0	77	0	23	C
8	96	4	0	0	A
XX
DE	T00725
0	39	51	8	2	m
1	5	95	0	0	C
2	0	0	100	0	G
3	0	0	100	0	G
4	0	0	100	0	G
5	0	3	0	97	T
6	88	0	9	3	A
7	94	0	6	0	A
8	4	67	11	18	c
XX
DE	T02110
0	0	100	0	0	C
1	0	100	0	0	C
2	0	0	100	0	G
3	0	0	0	100	T
4	0	0	0	100	T
5	20	80	0	0	C
6	0	100	0	0	C
7	0	0	100	0	G
8	0	80	20	0	C
9	0	0	0	100	T
10	0	100	0	0	C
11	0	0	0	100	T
12	100	0	0	0	A
13	0	0	100	0	G
14	100	0	0	0	A
15	0	0	0	100	T
16	100	0	0	0	A
17	0	0	0	100	T
XX
DE	T00398
0	0	100	0	0	C
1	0	100	0	0	C
2	0	0	100	0	G
3	0	0	0	100	T
4	0	0	0	100	T
5	20	80	0	0	C
6	0	100	0	0	C
7	0	0	100	0	G
8	0	80	20	0	C
9	0	0	0	100	T
10	0	100	0	0	C
11	0	0	0	100	T
12	100	0	0	0	A
13	0	0	100	0	G
14	100	0	0	0	A
15	0	0	0	100	T
16	100	0	0	0	A
17	0	0	0	100	T
XX
DE	T00677
0	5	0	80	15	g
1	10	5	10	75	t
2	8	49	25	18	N
3	43	49	0	8	M
4	3	5	84	8	G
5	3	5	0	92	T
6	3	8	3	86	T
7	13	81	3	3	C
8	3	94	0	3	C
9	40	0	52	8	R
10	0	45	55	0	S
11	0	0	0	100	t
12	0	100	0	0	c
13	0	0	0	100	t
14	100	0	0	0	a
15	0	0	100	0	g
16	100	0	0	0	a
17	0	0	0	100	t
18	100	0	0	0	a
19	0	0	0	100	t
XX
DE	T00679
0	41	10	20	29	N
1	33	29	18	20	N
2	45	25	20	10	N
3	25	20	20	35	N
4	24	16	22	38	N
5	20	25	25	30	N
6	8	54	18	20	N
7	6	4	80	10	G
8	12	4	0	84	T
9	2	74	22	2	C
10	86	6	2	6	A
11	2	88	0	10	C
12	0	0	90	10	G
13	2	41	49	8	S
14	20	6	0	74	T
15	20	29	2	49	N
16	29	20	29	22	N
17	30	27	16	27	N
18	29	10	41	20	N
19	25	20	30	25	N
20	31	16	18	35	N
XX
DE	T09162
0	58	1	30	11	r
1	68	2	13	17	a
2	6	30	63	1	g
3	4	73	0	23	c
4	8	0	89	3	G
5	4	2	6	88	T
6	5	8	80	7	G
7	85	0	1	14	A
8	5	76	14	5	C
9	8	8	66	18	G
XX
DE	T01829
0	10	17	7	66	T
1	16	71	3	10	C
2	80	10	4	6	A
3	10	59	4	27	Y
4	7	15	54	24	n
5	12	69	12	7	c
XX
DE	T03220
0	9	22	9	60	T
1	12	75	4	9	C
2	81	10	4	5	A
3	9	54	5	32	Y
4	7	15	54	24	N
5	12	69	12	7	C
XX
DE	T03222
0	9	22	9	60	T
1	12	75	4	9	C
2	81	10	4	5	A
3	9	54	5	32	Y
4	7	15	54	24	N
5	12	69	12	7	C
XX
DE	T09184
0	10	17	7	66	T
1	16	71	3	10	C
2	80	10	4	6	A
3	10	59	4	27	Y
4	7	15	54	24	n
5	12	69	12	7	c
XX
DE	T03593
0	40	0	60	0	G
1	60	0	0	40	A
2	0	20	40	40	K
3	80	0	20	0	A
4	0	60	20	20	C
5	0	40	60	0	G
6	0	80	0	20	C
7	100	0	0	0	A
8	20	20	40	20	N
9	20	40	20	20	N
10	0	0	100	0	G
11	40	20	20	20	N
12	20	0	40	40	K
13	0	0	100	0	G
14	40	40	20	0	M
15	20	0	80	0	G
16	20	20	0	60	T
17	20	0	80	0	G
18	40	20	40	0	R
19	20	60	0	20	C
20	0	60	40	0	C
21	50	0	25	25	N
22	0	75	25	0	C
23	25	50	0	25	N
XX
DE	T03594
0	40	0	60	0	G
1	60	0	0	40	A
2	0	20	40	40	K
3	80	0	20	0	A
4	0	60	20	20	C
5	0	40	60	0	G
6	0	80	0	20	C
7	100	0	0	0	A
8	20	20	40	20	N
9	20	40	20	20	N
10	0	0	100	0	G
11	40	20	20	20	N
12	20	0	40	40	K
13	0	0	100	0	G
14	40	40	20	0	M
15	20	0	80	0	G
16	20	20	0	60	T
17	20	0	80	0	G
18	40	20	40	0	R
19	20	60	0	20	C
20	0	60	40	0	C
21	50	0	25	25	N
22	0	75	25	0	C
23	25	50	0	25	N
XX
DE	T01835
0	59	10	10	21	N
1	40	16	32	12	N
2	12	32	28	28	N
3	9	19	66	6	G
4	100	0	0	0	A
5	0	100	0	0	C
6	0	0	100	0	G
7	0	100	0	0	C
8	8	19	18	55	N
9	36	13	13	38	N
10	15	17	23	45	N
XX
DE	T02525
0	59	10	10	21	N
1	40	16	32	12	N
2	12	32	28	28	N
3	9	19	66	6	G
4	100	0	0	0	A
5	0	100	0	0	C
6	0	0	100	0	G
7	0	100	0	0	C
8	8	19	18	55	N
9	36	13	13	38	N
10	15	17	23	45	N
XX
DE	T00112
0	9	55	33	3	S
1	83	10	5	2	A
2	1	0	99	0	G
3	0	0	100	0	G
4	100	0	0	0	A
5	76	0	1	23	A
6	22	5	70	3	G
7	7	23	12	58	Y
XX
DE	T00113
0	8	58	31	3	S
1	83	10	5	2	A
2	1	0	99	0	G
3	0	0	100	0	G
4	100	0	0	0	A
5	82	0	1	17	A
6	25	3	69	3	G
7	7	28	8	57	Y
8	33	19	41	7	n
9	31	26	27	16	n
10	11	25	29	35	n
11	23	9	11	57	w
XX
DE	T01397
0	8	58	31	3	S
1	83	10	5	2	A
2	1	0	99	0	G
3	0	0	100	0	G
4	100	0	0	0	A
5	82	0	1	17	A
6	25	3	69	3	G
7	7	28	8	57	Y
8	33	19	41	7	n
9	31	26	27	16	n
10	11	25	29	35	n
11	23	9	11	57	w
XX
DE	T09383
0	43	27	30	0	n
1	8	58	31	3	S
2	41	44	12	3	M
3	2	0	97	1	G
4	0	0	100	0	G
5	100	0	0	0	A
6	91	0	1	8	A
7	11	3	84	2	G
8	13	25	13	49	N
9	0	0	90	10	g
10	0	65	23	12	c
XX
DE	T10214
0	43	27	30	0	n
1	8	58	31	3	S
2	41	44	12	3	M
3	2	0	97	1	G
4	0	0	100	0	G
5	100	0	0	0	A
6	91	0	1	8	A
7	11	3	84	2	G
8	13	25	13	49	N
9	0	0	90	10	g
10	0	65	23	12	c
XX
DE	T08409
0	0	6	73	21	g
1	14	4	37	45	K
2	0	60	13	27	C
3	8	23	46	23	N
4	0	0	99	1	G
5	0	0	0	100	T
6	0	1	1	98	T
7	36	3	57	4	R
XX
DE	T02855
0	28	24	33	15	N
1	17	26	55	2	S
2	0	92	4	4	C
3	2	2	0	96	T
4	6	86	0	8	C
5	92	2	2	4	A
6	2	0	94	4	G
7	2	93	5	0	C
8	4	4	92	0	G
9	2	55	27	16	S
10	18	23	45	14	N
XX
DE	T02983
0	27	7	57	9	R
1	10	3	16	71	T
2	11	8	55	26	K
3	45	7	26	22	N
4	19	10	40	31	N
XX
DE	T09218
0	15	62	8	15	C
1	23	31	23	23	N
2	8	23	54	15	N
3	8	8	8	76	T
4	61	8	8	23	A
5	54	15	0	31	W
6	31	15	15	39	N
7	0	8	8	84	T
8	8	8	76	8	G
XX
DE	T09356
0	7	65	21	7	C
1	21	36	36	7	N
2	7	7	7	79	T
3	65	0	14	21	A
4	43	14	14	29	N
5	21	7	21	51	N
6	29	7	29	35	N
7	7	7	50	36	K
8	7	21	36	36	N
XX
DE	T09225
0	30	0	70	0	G
1	20	0	0	80	T
2	60	0	20	20	A
3	40	10	30	20	N
4	10	0	0	90	T
5	10	20	30	40	N
6	10	20	50	20	N
XX
DE	T00625
0	7	85	4	4	C
1	100	0	0	0	A
2	0	3	97	0	G
3	3	0	97	0	G
4	0	0	0	100	T
5	19	0	78	3	G
XX
DE	T03978
0	41	33	13	13	N
1	34	33	29	4	N
2	24	44	12	20	N
3	0	0	0	100	T
4	88	0	4	8	A
5	100	0	0	0	A
6	0	4	0	96	T
7	0	8	24	68	T
8	40	28	16	16	N
9	28	32	20	20	N
10	25	50	0	25	N
11	88	4	8	0	A
12	0	4	0	96	T
13	8	4	0	88	T
14	80	4	12	4	A
15	8	25	29	38	N
16	9	52	13	26	N
17	25	15	30	30	N
XX
DE	T03980
0	41	33	13	13	N
1	34	33	29	4	N
2	24	44	12	20	N
3	0	0	0	100	T
4	88	0	4	8	A
5	100	0	0	0	A
6	0	4	0	96	T
7	0	8	24	68	T
8	40	28	16	16	N
9	28	32	20	20	N
10	25	50	0	25	N
11	88	4	8	0	A
12	0	4	0	96	T
13	8	4	0	88	T
14	80	4	12	4	A
15	8	25	29	38	N
16	9	52	13	26	N
17	25	15	30	30	N
XX
DE	T03981
0	41	33	13	13	N
1	34	33	29	4	N
2	24	44	12	20	N
3	0	0	0	100	T
4	88	0	4	8	A
5	100	0	0	0	A
6	0	4	0	96	T
7	0	8	24	68	T
8	40	28	16	16	N
9	28	32	20	20	N
10	25	50	0	25	N
11	88	4	8	0	A
12	0	4	0	96	T
13	8	4	0	88	T
14	80	4	12	4	A
15	8	25	29	38	N
16	9	52	13	26	N
17	25	15	30	30	N
XX
DE	T09156
0	87	0	0	13	A
1	11	22	67	0	G
2	0	70	10	20	C
3	0	0	0	100	T
4	0	0	100	0	G
5	0	0	0	100	T
6	0	100	0	0	C
7	93	0	0	7	A
8	23	23	31	23	N
9	34	8	25	33	N
10	58	0	17	25	W
XX
DE	T03390
0	21	36	14	29	N
1	35	29	7	29	N
2	29	21	36	14	N
3	3	0	3	94	T
4	0	0	100	0	G
5	88	0	3	9	A
6	0	100	0	0	C
7	100	0	0	0	A
8	3	13	81	3	G
9	29	14	43	14	N
10	25	13	25	37	N
11	14	43	29	14	N
XX
DE	T03391
0	21	36	14	29	N
1	35	29	7	29	N
2	29	21	36	14	N
3	3	0	3	94	T
4	0	0	100	0	G
5	88	0	3	9	A
6	0	100	0	0	C
7	100	0	0	0	A
8	3	13	81	3	G
9	29	14	43	14	N
10	25	13	25	37	N
11	14	43	29	14	N
XX
DE	T03411
0	21	36	14	29	N
1	35	29	7	29	N
2	29	21	36	14	N
3	3	0	3	94	T
4	0	0	100	0	G
5	88	0	3	9	A
6	0	100	0	0	C
7	100	0	0	0	A
8	3	13	81	3	G
9	29	14	43	14	N
10	25	13	25	37	N
11	14	43	29	14	N
XX
DE	T03388
0	2	0	2	96	T
1	4	0	96	0	G
2	89	0	6	5	A
3	0	96	4	0	C
4	92	8	0	0	A
5	2	7	89	2	G
6	19	11	36	34	N
7	13	7	13	67	T
8	7	26	19	48	N
9	31	0	8	61	t
10	77	8	0	15	a
11	8	54	0	38	y
12	15	0	77	8	g
13	77	0	23	0	a
XX
DE	T03389
0	0	50	14	36	y
1	14	57	0	29	y
2	57	7	36	0	r
3	0	7	0	93	t
4	57	7	7	29	w
5	52	15	22	11	N
6	64	13	7	16	A
7	36	32	14	18	N
8	9	68	21	2	C
9	0	4	0	96	T
10	0	0	100	0	G
11	5	2	0	93	T
12	0	100	0	0	C
13	96	2	0	2	A
XX
DE	T01708
0	0	0	0	100	T
1	4	0	96	0	G
2	96	0	4	0	A
3	0	96	4	0	C
4	88	8	4	0	A
5	0	15	78	7	G
6	8	11	26	55	K
7	4	0	0	96	T
8	4	4	4	88	T
9	30	4	8	58	W
10	84	4	4	8	A
11	4	45	4	47	Y
12	22	0	67	11	G
13	56	7	37	0	R
XX
DE	T01710
0	0	0	0	100	T
1	4	0	96	0	G
2	96	0	4	0	A
3	0	96	4	0	C
4	88	8	4	0	A
5	0	15	78	7	G
6	8	11	26	55	K
7	4	0	0	96	T
8	4	4	4	88	T
9	30	4	8	58	W
10	84	4	4	8	A
11	4	45	4	47	Y
12	22	0	67	11	G
13	56	7	37	0	R
XX
DE	T03772
0	0	0	0	100	T
1	4	0	96	0	G
2	96	0	4	0	A
3	0	96	4	0	C
4	88	8	4	0	A
5	0	15	78	7	G
6	8	11	26	55	K
7	4	0	0	96	T
8	4	4	4	88	T
9	30	4	8	58	W
10	84	4	4	8	A
11	4	45	4	47	Y
12	22	0	67	11	G
13	56	7	37	0	R
XX
DE	T03623
0	0	0	0	100	T
1	4	0	96	0	G
2	96	0	4	0	A
3	0	96	4	0	C
4	88	8	4	0	A
5	0	15	78	7	G
6	8	11	26	55	K
7	4	0	0	96	T
8	4	4	4	88	T
9	30	4	8	58	W
10	84	4	4	8	A
11	4	45	4	47	Y
12	22	0	67	11	G
13	56	7	37	0	R
XX
DE	T01709
0	0	0	0	100	T
1	4	0	96	0	G
2	96	0	4	0	A
3	0	96	4	0	C
4	88	8	4	0	A
5	0	15	78	7	G
6	8	11	26	55	K
7	4	0	0	96	T
8	4	4	4	88	T
9	30	4	8	58	W
10	84	4	4	8	A
11	4	45	4	47	Y
12	22	0	67	11	G
13	56	7	37	0	R
XX
DE	T03624
0	0	0	0	100	T
1	4	0	96	0	G
2	96	0	4	0	A
3	0	96	4	0	C
4	88	8	4	0	A
5	0	15	78	7	G
6	8	11	26	55	K
7	4	0	0	96	T
8	4	4	4	88	T
9	30	4	8	58	W
10	84	4	4	8	A
11	4	45	4	47	Y
12	22	0	67	11	G
13	56	7	37	0	R
XX
DE	T04170
0	75	21	4	0	A
1	73	4	17	6	A
2	71	9	20	0	A
3	0	27	0	73	T
4	91	0	9	0	A
5	50	0	0	50	W
6	50	0	0	50	W
7	33	33	17	17	N
8	57	0	1	42	W
XX
DE	T04169
0	75	21	4	0	A
1	73	4	17	6	A
2	71	9	20	0	A
3	0	27	0	73	T
4	91	0	9	0	A
5	50	0	0	50	W
6	50	0	0	50	W
7	33	33	17	17	N
8	57	0	1	42	W
XX
DE	T04261
0	18	24	6	52	N
1	35	6	0	59	W
2	6	18	0	76	T
3	0	0	6	94	T
4	0	0	0	100	T
5	100	0	0	0	A
6	100	0	0	0	A
7	0	0	0	100	T
8	6	0	24	70	T
9	6	0	82	12	G
10	18	12	58	12	N
11	29	6	0	65	T
12	12	6	6	76	T
XX
DE	T04268
0	18	24	6	52	N
1	35	6	0	59	W
2	6	18	0	76	T
3	0	0	6	94	T
4	0	0	0	100	T
5	100	0	0	0	A
6	100	0	0	0	A
7	0	0	0	100	T
8	6	0	24	70	T
9	6	0	82	12	G
10	18	12	58	12	N
11	29	6	0	65	T
12	12	6	6	76	T
XX
DE	T04269
0	18	24	6	52	N
1	35	6	0	59	W
2	6	18	0	76	T
3	0	0	6	94	T
4	0	0	0	100	T
5	100	0	0	0	A
6	100	0	0	0	A
7	0	0	0	100	T
8	6	0	24	70	T
9	6	0	82	12	G
10	18	12	58	12	N
11	29	6	0	65	T
12	12	6	6	76	T
XX
DE	T04270
0	18	24	6	52	N
1	35	6	0	59	W
2	6	18	0	76	T
3	0	0	6	94	T
4	0	0	0	100	T
5	100	0	0	0	A
6	100	0	0	0	A
7	0	0	0	100	T
8	6	0	24	70	T
9	6	0	82	12	G
10	18	12	58	12	N
11	29	6	0	65	T
12	12	6	6	76	T
XX
DE	T04297
0	18	24	6	52	N
1	35	6	0	59	W
2	6	18	0	76	T
3	0	0	6	94	T
4	0	0	0	100	T
5	100	0	0	0	A
6	100	0	0	0	A
7	0	0	0	100	T
8	6	0	24	70	T
9	6	0	82	12	G
10	18	12	58	12	N
11	29	6	0	65	T
12	12	6	6	76	T
XX
DE	T02098
0	0	98	0	2	C
1	0	12	0	88	T
2	2	0	0	98	T
3	2	10	86	2	G
4	65	5	13	17	A
XX
DE	T10209
0	0	98	0	2	C
1	0	12	0	88	T
2	2	0	0	98	T
3	2	10	86	2	G
4	65	5	13	17	A
XX
DE	T10215
0	0	98	0	2	C
1	0	12	0	88	T
2	2	0	0	98	T
3	2	10	86	2	G
4	65	5	13	17	A
XX
DE	T10206
0	0	98	0	2	C
1	0	12	0	88	T
2	2	0	0	98	T
3	2	10	86	2	G
4	65	5	13	17	A
XX
DE	T04446
0	0	100	0	0	C
1	100	0	0	0	A
2	100	0	0	0	A
3	0	0	100	0	G
4	0	0	0	100	T
5	0	9	91	0	G
6	0	91	9	0	C
7	0	0	100	0	G
8	9	0	0	91	T
9	9	0	91	0	G
XX
DE	T04541
0	29	0	71	0	G
1	42	29	0	29	N
2	28	14	29	29	N
3	14	29	14	43	N
4	0	0	0	100	T
5	100	0	0	0	A
6	100	0	0	0	A
7	0	0	0	100	T
8	14	0	86	0	G
9	71	0	0	29	A
10	17	66	0	17	C
11	33	50	0	17	M
XX
DE	T09093
0	2	0	0	98	T
1	98	0	2	0	A
2	100	0	0	0	A
3	0	0	1	99	T
4	8	1	64	27	G
5	64	0	15	21	a
6	9	61	12	18	c
XX
DE	T09250
0	18	13	60	9	G
1	21	16	0	63	T
2	10	80	0	10	C
3	100	0	0	0	A
4	0	0	0	100	T
5	0	3	0	97	T
6	97	0	0	3	A
XX
DE	T10232
0	18	13	60	9	G
1	21	16	0	63	T
2	10	80	0	10	C
3	100	0	0	0	A
4	0	0	0	100	T
5	0	3	0	97	T
6	97	0	0	3	A
XX
DE	T04139
0	25	19	31	25	N
1	22	22	45	11	N
2	15	40	25	20	N
3	0	5	0	95	T
4	100	0	0	0	A
5	100	0	0	0	A
6	5	0	0	95	T
7	0	0	0	100	T
8	90	5	0	5	A
9	5	10	85	0	G
10	16	79	5	0	C
11	16	26	32	26	N
12	31	32	16	21	N
13	39	11	22	28	N
XX
DE	T04142
0	25	19	31	25	N
1	22	22	45	11	N
2	15	40	25	20	N
3	0	5	0	95	T
4	100	0	0	0	A
5	100	0	0	0	A
6	5	0	0	95	T
7	0	0	0	100	T
8	90	5	0	5	A
9	5	10	85	0	G
10	16	79	5	0	C
11	16	26	32	26	N
12	31	32	16	21	N
13	39	11	22	28	N
XX
DE	T01592
0	8	53	8	31	Y
1	15	39	15	31	N
2	100	0	0	0	A
3	93	0	0	7	A
4	0	93	7	0	C
5	14	36	7	43	N
6	55	15	15	15	N
7	15	46	8	31	N
8	15	55	15	15	N
9	31	31	23	15	N
10	15	31	46	8	N
XX
DE	T02946
0	8	53	8	31	Y
1	15	39	15	31	N
2	100	0	0	0	A
3	93	0	0	7	A
4	0	93	7	0	C
5	14	36	7	43	N
6	55	15	15	15	N
7	15	46	8	31	N
8	15	55	15	15	N
9	31	31	23	15	N
10	15	31	46	8	N
XX
DE	T04665
0	13	38	49	0	S
1	0	37	38	25	N
2	13	36	38	13	N
3	13	61	13	13	C
4	25	0	13	62	T
5	87	0	13	0	A
6	0	0	0	100	T
7	0	13	0	87	T
8	0	13	0	87	T
9	0	0	75	25	G
10	0	38	13	49	Y
11	0	50	33	17	S
12	0	50	17	33	Y
XX
DE	T04255
0	44	6	6	44	w
1	60	6	6	28	w
2	3	5	0	92	T
3	95	0	0	5	A
4	94	3	0	3	A
5	3	0	94	3	G
6	0	0	0	100	T
7	92	0	8	0	A
8	16	16	3	65	T
9	52	0	16	32	w
XX
DE	T04256
0	28	22	22	28	N
1	44	6	6	44	W
2	60	6	6	28	A
3	5	5	0	90	T
4	95	0	0	5	A
5	95	5	0	0	A
6	0	0	95	5	G
7	0	0	0	100	T
8	89	0	11	0	A
9	16	16	0	68	T
10	52	0	16	32	W
11	21	16	11	52	N
XX
DE	T04287
0	44	6	6	44	w
1	60	6	6	28	w
2	3	5	0	92	T
3	95	0	0	5	A
4	94	3	0	3	A
5	3	0	94	3	G
6	0	0	0	100	T
7	92	0	8	0	A
8	16	16	3	65	T
9	52	0	16	32	w
XX
DE	T04288
0	28	22	22	28	N
1	44	6	6	44	W
2	60	6	6	28	A
3	5	5	0	90	T
4	95	0	0	5	A
5	95	5	0	0	A
6	0	0	95	5	G
7	0	0	0	100	T
8	89	0	11	0	A
9	16	16	0	68	T
10	52	0	16	32	W
11	21	16	11	52	N
XX
DE	T04289
0	28	22	22	28	N
1	44	6	6	44	W
2	60	6	6	28	A
3	5	5	0	90	T
4	95	0	0	5	A
5	95	5	0	0	A
6	0	0	95	5	G
7	0	0	0	100	T
8	89	0	11	0	A
9	16	16	0	68	T
10	52	0	16	32	W
11	21	16	11	52	N
XX
DE	T04290
0	28	22	22	28	N
1	44	6	6	44	W
2	60	6	6	28	A
3	5	5	0	90	T
4	95	0	0	5	A
5	95	5	0	0	A
6	0	0	95	5	G
7	0	0	0	100	T
8	89	0	11	0	A
9	16	16	0	68	T
10	52	0	16	32	W
11	21	16	11	52	N
XX
DE	T04674
0	32	5	59	4	R
1	71	1	22	6	A
2	100	0	0	0	A
3	86	1	0	13	A
4	21	22	34	23	N
5	14	24	12	50	N
6	3	1	95	1	G
7	98	0	1	1	A
8	91	6	0	3	A
9	81	4	4	11	A
XX
DE	T10030
0	57	0	0	43	w
1	9	6	2	83	T
2	70	1	24	5	A
3	34	0	0	66	T
4	32	0	64	4	G
5	8	35	2	55	Y
6	44	1	1	54	W
7	80	1	3	16	A
8	95	0	1	4	A
9	5	1	4	90	T
XX
DE	T00632
0	100	0	0	0	A
1	0	0	0	100	T
2	9	0	35	56	K
3	100	0	0	0	A
4	75	0	22	3	A
5	6	50	0	44	Y
6	75	0	0	25	A
7	32	0	0	68	T
8	100	0	0	0	A
9	43	0	0	57	W
10	0	0	53	47	k
11	0	88	0	12	c
12	94	0	6	0	a
13	6	0	12	82	t
XX
DE	T00633
0	100	0	0	0	A
1	0	0	0	100	T
2	9	0	35	56	K
3	100	0	0	0	A
4	75	0	22	3	A
5	6	50	0	44	Y
6	75	0	0	25	A
7	32	0	0	68	T
8	100	0	0	0	A
9	43	0	0	57	W
10	0	0	53	47	k
11	0	88	0	12	c
12	94	0	6	0	a
13	6	0	12	82	t
XX
DE	T01888
0	19	6	75	0	G
1	13	81	0	6	C
2	87	0	0	13	A
3	13	0	0	87	T
4	81	6	0	13	A
5	81	6	13	0	A
6	44	0	0	56	W
7	0	0	0	100	T
8	19	0	0	81	T
9	100	0	0	0	A
10	0	0	6	94	T
XX
DE	T04176
0	61	5	10	24	a
1	14	36	27	23	n
2	28	10	60	2	G
3	24	2	0	74	T
4	78	9	3	10	A
5	100	0	0	0	A
6	100	0	0	0	A
7	0	100	0	0	C
8	100	0	0	0	A
9	76	12	5	7	A
XX
DE	T09102
0	61	5	10	24	a
1	14	36	27	23	n
2	28	10	60	2	G
3	24	2	0	74	T
4	78	9	3	10	A
5	100	0	0	0	A
6	100	0	0	0	A
7	0	100	0	0	C
8	100	0	0	0	A
9	76	12	5	7	A
XX
DE	T02936
0	53	21	26	0	n
1	55	15	15	15	n
2	29	35	10	26	N
3	27	9	62	2	G
4	22	2	0	76	T
5	84	8	0	8	A
6	97	0	0	3	A
7	97	0	0	3	A
8	0	100	0	0	C
9	100	0	0	0	A
10	69	12	8	11	A
XX
DE	T09104
0	53	21	26	0	n
1	55	15	15	15	n
2	29	35	10	26	N
3	27	9	62	2	G
4	22	2	0	76	T
5	84	8	0	8	A
6	97	0	0	3	A
7	97	0	0	3	A
8	0	100	0	0	C
9	100	0	0	0	A
10	69	12	8	11	A
XX
DE	T03398
0	17	13	40	30	N
1	17	13	29	41	N
2	16	16	48	20	N
3	4	0	4	92	T
4	0	0	0	100	T
5	4	0	96	0	G
6	0	0	0	100	T
7	0	4	0	96	T
8	0	0	0	100	T
9	88	0	8	4	A
10	0	84	0	16	C
11	41	13	25	21	N
12	35	22	13	30	N
13	14	45	5	36	Y
XX
DE	T03399
0	17	13	40	30	N
1	17	13	29	41	N
2	16	16	48	20	N
3	4	0	4	92	T
4	0	0	0	100	T
5	4	0	96	0	G
6	0	0	0	100	T
7	0	4	0	96	T
8	0	0	0	100	T
9	88	0	8	4	A
10	0	84	0	16	C
11	41	13	25	21	N
12	35	22	13	30	N
13	14	45	5	36	Y
XX
DE	T03400
0	17	13	40	30	N
1	17	13	29	41	N
2	16	16	48	20	N
3	4	0	4	92	T
4	0	0	0	100	T
5	4	0	96	0	G
6	0	0	0	100	T
7	0	4	0	96	T
8	0	0	0	100	T
9	88	0	8	4	A
10	0	84	0	16	C
11	41	13	25	21	N
12	35	22	13	30	N
13	14	45	5	36	Y
XX
DE	T02410
0	33	11	0	56	W
1	22	11	34	33	N
2	0	0	0	100	T
3	89	11	0	0	A
4	89	0	11	0	A
5	0	0	11	89	T
6	0	100	0	0	C
7	11	78	11	0	C
8	22	78	0	0	C
9	67	11	11	11	A
10	45	22	33	0	N
XX
DE	T09159
0	33	11	0	56	W
1	22	11	34	33	N
2	0	0	0	100	T
3	89	11	0	0	A
4	89	0	11	0	A
5	0	0	11	89	T
6	0	100	0	0	C
7	11	78	11	0	C
8	22	78	0	0	C
9	67	11	11	11	A
10	45	22	33	0	N
XX
DE	T04367
0	13	42	20	25	N
1	15	20	47	18	N
2	10	5	67	18	G
3	8	13	10	69	T
4	80	15	5	0	A
5	80	10	5	5	A
6	10	13	35	42	N
7	15	8	20	57	N
8	15	15	45	25	N
9	13	18	51	18	N
XX
DE	T04368
0	13	42	20	25	N
1	15	20	47	18	N
2	10	5	67	18	G
3	8	13	10	69	T
4	80	15	5	0	A
5	80	10	5	5	A
6	10	13	35	42	N
7	15	8	20	57	N
8	15	15	45	25	N
9	13	18	51	18	N
XX
DE	T04265
0	32	0	0	68	T
1	0	22	4	74	T
2	100	0	0	0	A
3	100	0	0	0	A
4	0	0	100	0	G
5	4	0	0	96	T
6	43	4	53	0	R
7	0	35	48	17	S
8	4	4	0	92	T
9	4	0	0	96	T
XX
DE	T04272
0	32	0	0	68	T
1	0	22	4	74	T
2	100	0	0	0	A
3	100	0	0	0	A
4	0	0	100	0	G
5	4	0	0	96	T
6	43	4	53	0	R
7	0	35	48	17	S
8	4	4	0	92	T
9	4	0	0	96	T
XX
DE	T04337
0	32	0	0	68	T
1	0	22	4	74	T
2	100	0	0	0	A
3	100	0	0	0	A
4	0	0	100	0	G
5	4	0	0	96	T
6	43	4	53	0	R
7	0	35	48	17	S
8	4	4	0	92	T
9	4	0	0	96	T
XX
DE	T08295
0	32	0	0	68	T
1	0	22	4	74	T
2	100	0	0	0	A
3	100	0	0	0	A
4	0	0	100	0	G
5	4	0	0	96	T
6	43	4	53	0	R
7	0	35	48	17	S
8	4	4	0	92	T
9	4	0	0	96	T
XX
DE	T03031
0	33	32	19	16	N
1	33	24	16	27	N
2	14	27	24	35	N
3	92	0	5	3	A
4	100	0	0	0	A
5	97	0	0	3	A
6	0	54	32	14	S
7	22	32	11	35	N
8	22	45	19	14	N
XX
DE	T03219
0	33	32	19	16	N
1	33	24	16	27	N
2	14	27	24	35	N
3	92	0	5	3	A
4	100	0	0	0	A
5	97	0	0	3	A
6	0	54	32	14	S
7	22	32	11	35	N
8	22	45	19	14	N
XX
DE	T01822
0	33	32	19	16	N
1	33	24	16	27	N
2	14	27	24	35	N
3	92	0	5	3	A
4	100	0	0	0	A
5	97	0	0	3	A
6	0	54	32	14	S
7	22	32	11	35	N
8	22	45	19	14	N
XX
DE	T02050
0	29	14	43	14	N
1	43	14	0	43	W
2	57	0	29	14	R
3	42	0	29	29	N
4	0	0	0	100	T
5	100	0	0	0	A
6	100	0	0	0	A
7	43	0	0	57	W
8	14	0	14	72	T
9	58	14	14	14	N
10	14	28	29	29	N
11	14	28	29	29	N
XX
DE	T04787
0	29	14	43	14	N
1	43	14	0	43	W
2	57	0	29	14	R
3	42	0	29	29	N
4	0	0	0	100	T
5	100	0	0	0	A
6	100	0	0	0	A
7	43	0	0	57	W
8	14	0	14	72	T
9	58	14	14	14	N
10	14	28	29	29	N
11	14	28	29	29	N
XX
DE	T01964
0	50	0	40	10	r
1	29	15	5	51	N
2	14	0	4	82	T
3	91	2	5	2	A
4	88	0	7	5	A
5	0	0	0	100	T
6	3	0	0	97	T
7	100	0	0	0	A
8	95	5	0	0	A
9	17	7	3	73	T
10	2	8	12	78	T
11	40	15	0	45	w
XX
DE	T03446
0	79	13	5	3	A
1	54	5	13	28	W
2	0	0	10	90	T
3	0	0	0	100	T
4	100	0	0	0	A
5	100	0	0	0	A
6	0	3	0	97	T
7	3	5	3	89	T
8	84	3	0	13	A
9	57	10	15	18	N
XX
DE	T03447
0	16	3	2	79	T
1	91	2	5	2	A
2	98	0	2	0	A
3	0	0	0	100	T
4	0	0	0	100	T
5	100	0	0	0	A
6	73	12	15	0	A
7	26	7	3	64	T
8	3	5	13	79	t
XX
DE	T04840
0	50	0	40	10	r
1	29	15	5	51	N
2	14	0	4	82	T
3	91	2	5	2	A
4	88	0	7	5	A
5	0	0	0	100	T
6	3	0	0	97	T
7	100	0	0	0	A
8	95	5	0	0	A
9	17	7	3	73	T
10	2	8	12	78	T
11	40	15	0	45	w
XX
DE	T05021
0	8	66	23	3	C
1	83	10	5	2	A
2	1	0	99	0	G
3	0	0	100	0	G
4	100	0	0	0	A
5	86	0	1	13	A
6	14	3	80	3	G
7	7	28	13	52	N
8	36	8	49	7	r
XX
DE	T04012
0	0	100	0	0	C
1	0	100	0	0	C
2	0	0	0	100	T
3	0	0	100	0	G
4	100	0	0	0	A
5	0	0	100	0	G
6	100	0	0	0	A
7	100	0	0	0	A
8	0	0	0	100	T
9	100	0	0	0	A
10	100	0	0	0	A
11	0	0	0	100	T
12	0	100	0	0	C
XX
DE	T09355
0	0	100	0	0	C
1	0	100	0	0	C
2	0	0	0	100	T
3	0	0	100	0	G
4	100	0	0	0	A
5	0	0	100	0	G
6	100	0	0	0	A
7	100	0	0	0	A
8	0	0	0	100	T
9	100	0	0	0	A
10	100	0	0	0	A
11	0	0	0	100	T
12	0	100	0	0	C
XX
DE	T03458
0	8	36	4	52	Y
1	12	34	19	35	N
2	43	23	15	19	N
3	15	42	12	31	N
4	0	0	0	100	T
5	92	0	4	4	A
6	100	0	0	0	A
7	8	12	15	65	T
8	8	65	12	15	C
9	15	47	0	38	Y
10	0	54	27	19	S
11	46	35	4	15	M
12	8	42	23	27	N
XX
DE	T03461
0	8	36	4	52	Y
1	12	34	19	35	N
2	43	23	15	19	N
3	15	42	12	31	N
4	0	0	0	100	T
5	92	0	4	4	A
6	100	0	0	0	A
7	8	12	15	65	T
8	8	65	12	15	C
9	15	47	0	38	Y
10	0	54	27	19	S
11	46	35	4	15	M
12	8	42	23	27	N
XX
DE	T03489
0	8	36	4	52	Y
1	12	34	19	35	N
2	43	23	15	19	N
3	15	42	12	31	N
4	0	0	0	100	T
5	92	0	4	4	A
6	100	0	0	0	A
7	8	12	15	65	T
8	8	65	12	15	C
9	15	47	0	38	Y
10	0	54	27	19	S
11	46	35	4	15	M
12	8	42	23	27	N
XX
DE	T09164
0	8	36	4	52	Y
1	12	34	19	35	N
2	43	23	15	19	N
3	15	42	12	31	N
4	0	0	0	100	T
5	92	0	4	4	A
6	100	0	0	0	A
7	8	12	15	65	T
8	8	65	12	15	C
9	15	47	0	38	Y
10	0	54	27	19	S
11	46	35	4	15	M
12	8	42	23	27	N
XX
DE	T05157
0	8	36	4	52	Y
1	12	34	19	35	N
2	43	23	15	19	N
3	15	42	12	31	N
4	0	0	0	100	T
5	92	0	4	4	A
6	100	0	0	0	A
7	8	12	15	65	T
8	8	65	12	15	C
9	15	47	0	38	Y
10	0	54	27	19	S
11	46	35	4	15	M
12	8	42	23	27	N
XX
DE	T00271
0	11	0	22	67	T
1	11	45	22	22	N
2	56	0	0	44	W
3	0	33	56	11	S
4	0	56	44	0	S
5	11	33	11	45	N
6	0	100	0	0	C
7	22	22	0	56	N
8	0	0	78	22	G
9	0	87	13	0	C
XX
DE	T00272
0	34	5	0	61	t
1	15	68	0	17	c
2	71	12	10	7	a
3	56	9	12	23	n
4	6	0	12	82	T
5	4	23	8	65	T
6	79	4	4	13	A
7	49	11	35	5	R
8	27	60	13	0	C
9	23	8	17	52	N
10	26	74	0	0	c
11	33	22	5	40	n
12	5	10	52	33	k
XX
DE	T02515
0	100	0	0	0	A
1	40	0	60	0	G
2	60	20	0	20	A
3	20	0	0	80	T
4	20	0	40	40	K
5	0	20	80	0	G
6	80	0	0	20	A
7	0	40	40	20	S
8	0	0	0	100	T
XX
DE	T04208
0	100	0	0	0	A
1	40	0	60	0	G
2	60	20	0	20	A
3	20	0	0	80	T
4	20	0	40	40	K
5	0	20	80	0	G
6	80	0	0	20	A
7	0	40	40	20	S
8	0	0	0	100	T
XX
DE	T08419
0	38	31	0	31	N
1	46	8	15	31	N
2	77	0	8	15	A
3	100	0	0	0	A
4	69	0	31	0	A
5	0	0	0	100	T
6	0	100	0	0	C
7	92	8	0	0	A
8	100	0	0	0	A
9	0	0	0	100	T
10	62	15	15	8	A
11	46	8	15	31	N
XX
DE	T03257
0	38	31	0	31	N
1	46	8	15	31	N
2	77	0	8	15	A
3	100	0	0	0	A
4	69	0	31	0	A
5	0	0	0	100	T
6	0	100	0	0	C
7	92	8	0	0	A
8	100	0	0	0	A
9	0	0	0	100	T
10	62	15	15	8	A
11	46	8	15	31	N
XX
DE	T03286
0	38	31	0	31	N
1	46	8	15	31	N
2	77	0	8	15	A
3	100	0	0	0	A
4	69	0	31	0	A
5	0	0	0	100	T
6	0	100	0	0	C
7	92	8	0	0	A
8	100	0	0	0	A
9	0	0	0	100	T
10	62	15	15	8	A
11	46	8	15	31	N
XX
DE	T03258
0	38	31	0	31	N
1	46	8	15	31	N
2	77	0	8	15	A
3	100	0	0	0	A
4	69	0	31	0	A
5	0	0	0	100	T
6	0	100	0	0	C
7	92	8	0	0	A
8	100	0	0	0	A
9	0	0	0	100	T
10	62	15	15	8	A
11	46	8	15	31	N
XX
DE	T03259
0	38	31	0	31	N
1	46	8	15	31	N
2	77	0	8	15	A
3	100	0	0	0	A
4	69	0	31	0	A
5	0	0	0	100	T
6	0	100	0	0	C
7	92	8	0	0	A
8	100	0	0	0	A
9	0	0	0	100	T
10	62	15	15	8	A
11	46	8	15	31	N
XX
DE	T01701
0	67	0	33	0	A
1	33	17	0	50	W
2	83	0	0	17	A
3	100	0	0	0	A
4	17	17	0	66	T
5	0	0	17	83	T
6	50	0	50	0	R
7	0	0	100	0	G
XX
DE	T01703
0	67	0	33	0	A
1	33	17	0	50	W
2	83	0	0	17	A
3	100	0	0	0	A
4	17	17	0	66	T
5	0	0	17	83	T
6	50	0	50	0	R
7	0	0	100	0	G
XX
DE	T03784
0	67	0	33	0	A
1	33	17	0	50	W
2	83	0	0	17	A
3	100	0	0	0	A
4	17	17	0	66	T
5	0	0	17	83	T
6	50	0	50	0	R
7	0	0	100	0	G
XX
DE	T04475
0	67	0	33	0	A
1	33	17	0	50	W
2	83	0	0	17	A
3	100	0	0	0	A
4	17	17	0	66	T
5	0	0	17	83	T
6	50	0	50	0	R
7	0	0	100	0	G
XX
DE	T00128
0	67	0	33	0	A
1	33	17	0	50	W
2	83	0	0	17	A
3	100	0	0	0	A
4	17	17	0	66	T
5	0	0	17	83	T
6	50	0	50	0	R
7	0	0	100	0	G
XX
DE	T01041
0	0	0	0	100	T
1	0	0	0	100	T
2	0	100	0	0	C
3	0	60	20	20	C
4	60	40	0	0	A
5	0	0	100	0	G
6	60	20	20	0	A
7	40	0	60	0	G
8	0	0	100	0	G
9	0	40	0	60	T
10	0	0	0	100	T
11	0	0	0	100	T
12	0	100	0	0	C
XX
DE	T09992
0	63	29	5	3	A
1	2	0	97	1	G
2	0	0	100	0	G
3	100	0	0	0	A
4	66	0	1	33	A
5	16	3	79	2	G
6	11	18	8	63	T
XX
DE	T10610
0	63	29	5	3	A
1	2	0	97	1	G
2	0	0	100	0	G
3	100	0	0	0	A
4	66	0	1	33	A
5	16	3	79	2	G
6	11	18	8	63	T
XX
DE	T02068
0	8	29	60	3	s
1	53	23	21	3	N
2	8	1	89	2	G
3	2	0	97	1	G
4	99	1	0	0	A
5	93	0	1	6	A
6	11	20	66	3	G
XX
DE	T08317
0	57	0	7	36	w
1	8	29	60	3	S
2	65	16	16	3	A
3	9	0	90	1	G
4	0	0	100	0	G
5	100	0	0	0	A
6	91	0	1	8	A
7	15	14	69	2	G
XX
DE	T00746
0	0	0	29	71	T
1	0	0	0	100	T
2	57	0	43	0	R
3	0	0	14	86	T
4	14	0	43	43	K
5	0	100	0	0	C
6	100	0	0	0	A
XX
DE	T04998
0	8	68	21	3	C
1	73	19	5	3	A
2	2	0	97	1	G
3	0	0	100	0	G
4	100	0	0	0	A
5	91	0	1	8	A
6	11	3	84	2	G
7	5	13	8	74	T
8	80	0	20	0	a
9	40	0	40	20	n
XX
DE	T04886
0	8	66	23	3	C
1	76	17	5	2	A
2	1	0	99	0	G
3	0	0	100	0	G
4	100	0	0	0	A
5	86	0	1	13	A
6	14	3	80	3	G
7	7	17	8	68	T
8	49	8	36	7	r
XX
DE	T04999
0	8	68	21	3	C
1	73	19	5	3	A
2	2	0	97	1	G
3	0	0	100	0	G
4	100	0	0	0	A
5	91	0	1	8	A
6	11	3	84	2	G
7	5	13	8	74	T
8	80	0	20	0	a
9	40	0	40	20	n
XX
DE	T01882
0	0	100	0	0	C
1	100	0	0	0	A
2	0	20	0	80	T
3	40	0	0	60	T
4	40	60	0	0	C
5	40	0	60	0	G
6	80	0	0	20	A
7	80	20	0	0	A
8	100	0	0	0	A
9	0	0	0	100	T
XX
DE	T00253
0	6	5	0	89	T
1	90	0	3	7	A
2	99	0	0	1	A
3	7	4	1	88	T
4	7	4	11	78	T
5	45	0	51	4	R
XX
DE	T09384
0	43	4	49	4	r
1	59	1	34	6	R
2	100	0	0	0	A
3	94	6	0	0	A
4	30	21	41	8	N
5	18	10	8	64	T
6	1	0	99	0	G
7	99	0	1	0	A
8	94	3	0	3	A
9	93	2	0	5	A
10	11	55	27	7	S
11	6	21	6	67	t
12	26	8	60	6	g
XX
DE	T10394
0	43	4	49	4	r
1	59	1	34	6	R
2	100	0	0	0	A
3	94	6	0	0	A
4	30	21	41	8	N
5	18	10	8	64	T
6	1	0	99	0	G
7	99	0	1	0	A
8	94	3	0	3	A
9	93	2	0	5	A
10	11	55	27	7	S
11	6	21	6	67	t
12	26	8	60	6	g
XX
DE	T09033
0	0	0	100	0	G
1	40	0	60	0	G
2	60	0	40	0	A
3	100	0	0	0	A
4	0	0	0	100	T
5	0	0	100	0	G
XX
DE	T00917
0	87	0	4	9	a
1	17	6	37	40	n
2	18	3	11	68	T
3	4	0	6	90	T
4	71	0	3	26	A
5	97	0	3	0	A
6	50	3	3	44	W
7	0	4	10	86	T
8	5	6	79	10	G
9	72	0	0	28	a
XX
DE	T02099
0	56	0	0	44	W
1	0	89	0	11	C
2	100	0	0	0	A
3	11	0	11	78	T
4	0	11	0	89	T
5	45	11	0	44	W
6	78	22	0	0	A
7	56	44	0	0	M
XX
DE	T09511
0	41	13	2	44	W
1	52	6	33	9	R
2	60	5	16	19	N
3	46	9	42	3	R
4	6	59	1	34	Y
5	85	12	2	1	A
6	94	5	1	0	A
7	98	0	1	1	A
8	4	56	2	38	Y
9	89	3	5	3	A
XX
DE	T10083
0	41	13	2	44	W
1	52	6	33	9	R
2	60	5	16	19	N
3	46	9	42	3	R
4	6	59	1	34	Y
5	85	12	2	1	A
6	94	5	1	0	A
7	98	0	1	1	A
8	4	56	2	38	Y
9	89	3	5	3	A
XX
DE	T09236
0	67	33	0	0	a
1	34	11	22	33	n
2	67	11	0	22	a
3	22	22	34	22	n
4	11	0	11	78	t
5	0	19	8	73	T
6	17	0	8	75	T
7	11	8	4	77	T
8	100	0	0	0	A
9	8	17	0	75	T
10	26	0	32	42	N
11	48	0	40	12	R
12	16	61	8	15	C
13	15	36	4	45	Y
14	8	46	0	46	y
15	8	15	15	62	t
16	23	8	46	23	n
17	31	0	31	38	n
18	0	38	15	47	y
19	33	8	17	42	n
20	33	0	59	8	r
21	0	0	8	92	t
XX
DE	T02003
0	67	33	0	0	a
1	34	11	22	33	n
2	67	11	0	22	a
3	22	22	34	22	n
4	11	0	11	78	t
5	0	19	8	73	T
6	17	0	8	75	T
7	11	8	4	77	T
8	100	0	0	0	A
9	8	17	0	75	T
10	26	0	32	42	N
11	48	0	40	12	R
12	16	61	8	15	C
13	15	36	4	45	Y
14	8	46	0	46	y
15	8	15	15	62	t
16	23	8	46	23	n
17	31	0	31	38	n
18	0	38	15	47	y
19	33	8	17	42	n
20	33	0	59	8	r
21	0	0	8	92	t
XX
DE	T02520
0	24	6	0	70	T
1	86	4	0	10	A
2	94	0	4	2	A
3	81	0	19	0	A
4	0	70	0	30	C
5	92	8	0	0	A
6	92	4	0	4	A
7	99	0	0	1	A
8	0	79	0	21	C
9	79	6	8	7	A
10	45	26	8	21	N
11	42	4	0	54	W
XX
DE	T02460
0	24	6	0	70	T
1	86	4	0	10	A
2	94	0	4	2	A
3	81	0	19	0	A
