DE	T08484
0	9	66	11	14	C
1	5	69	8	18	C
2	9	90	1	0	C
3	4	89	4	3	C
4	13	2	65	20	G
5	0	99	1	0	C
6	1	99	0	0	C
7	0	86	1	13	C
8	20	57	7	16	N
XX
DE	T00843
0	0	0	100	0	G
1	0	25	75	0	G
2	0	0	0	100	T
3	0	100	0	0	C
4	0	100	0	0	C
5	0	0	0	100	T
6	0	0	100	0	G
7	0	75	25	0	C
XX
DE	T10211
0	62	1	13	24	a
1	6	0	93	1	g
2	95	3	0	2	A
3	2	38	1	59	Y
4	94	0	0	6	A
5	86	0	5	9	A
6	5	0	95	0	G
7	95	0	0	5	A
8	5	12	0	83	T
9	88	1	0	11	A
10	70	3	19	8	A
XX
DE	T00120
0	30	10	59	1	R
1	0	7	0	93	T
2	94	0	6	0	A
3	0	9	3	88	T
4	94	2	4	0	A
5	1	4	0	95	T
6	60	3	34	3	A
7	3	10	1	86	T
8	72	3	21	4	A
XX
DE	T00456
0	79	7	5	9	A
1	74	7	4	15	A
2	2	85	4	9	C
3	7	84	2	7	C
4	2	89	4	5	C
5	17	4	29	50	N
6	9	0	17	74	T
7	2	10	2	86	T
XX
DE	T00395
0	6	31	50	13	S
1	38	49	13	0	M
2	56	19	25	0	R
3	25	19	6	50	N
4	81	6	0	13	A
5	100	0	0	0	A
6	100	0	0	0	A
7	87	0	13	0	A
8	94	6	0	0	A
9	55	13	13	19	N
XX
DE	T00751
0	22	0	11	67	t
1	11	22	56	11	n
2	22	29	27	22	N
3	40	21	14	25	N
4	71	4	23	2	A
5	63	0	22	15	A
6	0	98	2	0	C
7	98	0	0	2	A
8	15	11	74	0	G
9	8	11	75	6	G
10	0	6	0	94	T
11	6	6	73	15	G
XX
DE	T00709
0	23	54	0	23	N
1	15	46	8	31	N
2	0	8	92	0	G
3	0	0	100	0	G
4	31	23	31	15	N
5	8	0	8	84	T
6	77	8	15	0	A
7	92	0	0	8	A
8	38	0	31	31	N
9	8	39	15	38	N
10	39	15	38	8	N
11	15	47	0	38	Y
12	0	0	0	100	T
13	8	23	0	69	T
14	84	8	0	8	A
15	23	8	0	69	T
16	8	76	8	8	C
17	15	77	8	0	C
18	8	23	38	31	N
19	0	39	38	23	N
XX
DE	T00011
0	19	31	13	37	N
1	0	0	100	0	G
2	0	0	100	0	G
3	38	0	62	0	G
4	0	0	100	0	G
5	0	13	38	49	K
XX
DE	T00302
0	0	18	60	22	g
1	4	37	0	59	y
2	27	5	0	68	t
3	0	100	0	0	C
4	0	0	100	0	G
5	0	7	93	0	G
6	53	16	12	19	N
7	17	33	42	8	N
8	19	19	47	15	N
9	61	12	22	5	A
10	21	36	31	12	N
11	51	5	8	36	W
12	5	22	62	11	G
13	18	22	5	55	N
14	12	28	39	21	N
15	19	37	29	15	N
16	10	29	23	38	N
17	0	93	7	0	C
18	2	98	0	0	C
19	0	0	96	4	G
XX
DE	T00915
0	61	14	9	16	A
1	72	9	8	11	A
2	28	21	37	14	N
3	92	6	1	1	A
4	1	1	2	96	T
5	3	0	97	0	G
6	5	3	89	3	G
7	20	59	4	17	N
XX
DE	T10428
0	61	14	9	16	A
1	72	9	8	11	A
2	28	21	37	14	N
3	92	6	1	1	A
4	1	1	2	96	T
5	3	0	97	0	G
6	5	3	89	3	G
7	20	59	4	17	N
XX
DE	T00509
0	7	7	43	43	K
1	58	14	7	21	N
2	43	21	7	29	N
3	50	0	14	36	W
4	50	0	0	50	W
5	64	0	0	36	A
6	64	0	0	36	A
7	72	0	14	14	A
8	14	21	7	58	N
9	0	50	50	0	S
10	0	43	0	57	Y
11	0	0	100	0	G
12	0	0	100	0	G
13	0	0	100	0	G
14	0	0	100	0	G
15	36	7	14	43	N
16	51	14	21	14	N
XX
DE	T08291
0	6	28	9	57	Y
1	5	4	1	90	T
2	99	0	1	0	A
3	0	0	0	100	T
4	0	100	0	0	C
XX
DE	T08571
0	7	9	4	80	T
1	98	0	2	0	A
2	1	0	0	99	T
3	0	98	2	0	C
4	29	22	10	39	N
XX
DE	T00311
0	17	6	2	75	T
1	96	3	1	0	A
2	1	1	0	98	T
3	0	99	1	0	C
4	31	14	13	42	N
XX
DE	T00529
0	6	13	19	62	t
1	10	9	3	78	T
2	7	70	13	10	C
3	9	88	0	3	C
4	3	88	3	6	C
5	3	97	0	0	C
6	32	49	8	11	M
7	8	37	5	50	Y
XX
DE	T01468
0	9	34	26	31	N
1	6	14	80	0	G
2	3	0	88	9	G
3	0	100	0	0	C
4	3	0	0	97	T
5	0	100	0	0	C
6	9	43	3	45	Y
7	91	3	3	3	A
8	0	9	23	68	T
9	3	66	20	11	C
10	66	0	20	14	A
11	0	43	0	57	Y
12	11	74	6	9	C
XX
DE	T01469
0	29	21	29	21	N
1	25	37	0	38	N
2	13	13	29	45	N
3	8	25	4	63	T
4	8	0	92	0	G
5	0	0	100	0	G
6	0	0	100	0	G
7	100	0	0	0	A
8	92	0	0	8	A
9	13	17	8	62	T
10	46	8	33	13	N
11	13	54	8	25	N
12	13	57	13	17	N
XX
DE	T01470
0	25	28	33	14	N
1	31	14	19	36	N
2	14	19	19	48	N
3	17	28	0	55	Y
4	17	0	83	0	G
5	0	0	100	0	G
6	0	0	100	0	G
7	100	0	0	0	A
8	50	14	3	33	W
9	28	19	17	36	N
10	34	22	25	19	N
11	25	50	14	11	N
XX
DE	T01477
0	56	0	0	44	W
1	34	11	22	33	N
2	33	11	45	11	N
3	11	11	11	67	T
4	56	22	11	11	N
5	78	0	11	11	A
6	33	0	0	67	T
7	67	0	0	33	A
8	45	11	44	0	R
9	78	0	11	11	A
10	11	89	0	0	C
11	100	0	0	0	A
12	89	0	11	0	A
13	56	0	33	11	R
14	44	0	0	56	W
15	22	34	22	22	N
16	33	22	0	45	N
17	34	33	22	11	N
XX
DE	T01478
0	25	8	25	42	N
1	17	25	17	41	N
2	0	42	25	33	N
3	17	8	17	58	N
4	17	8	25	50	N
5	25	8	8	59	W
6	42	17	8	33	N
7	0	83	0	17	C
8	0	8	0	92	T
9	100	0	0	0	A
10	8	8	17	67	T
11	17	0	8	75	T
12	8	17	8	67	T
13	17	17	25	41	N
14	8	0	25	67	T
15	8	25	8	59	Y
XX
DE	T01479
0	25	17	25	33	N
1	50	8	25	17	N
2	33	25	25	17	N
3	25	8	8	59	W
4	75	17	8	0	A
5	83	0	0	17	A
6	100	0	0	0	A
7	0	84	8	8	C
8	33	0	0	67	T
9	83	0	0	17	A
10	50	0	33	17	R
11	50	8	17	25	N
12	33	25	17	25	N
13	17	25	41	17	N
14	42	25	8	25	N
XX
DE	T01480
0	50	0	0	50	W
1	33	17	0	50	W
2	50	0	17	33	W
3	50	0	33	17	R
4	0	0	33	67	T
5	100	0	0	0	A
6	100	0	0	0	A
7	100	0	0	0	A
8	0	50	33	17	S
9	66	0	17	17	A
10	50	17	0	33	W
11	83	0	0	17	A
12	67	0	0	33	A
XX
DE	T00117
0	7	3	90	0	G
1	12	2	85	1	G
2	0	1	98	1	G
3	1	1	97	1	G
4	0	0	2	98	T
5	0	91	5	4	C
6	90	2	8	0	A
7	11	60	8	21	Y
XX
DE	T08293
0	0	0	100	0	G
1	100	0	0	0	A
2	0	1	0	99	T
3	96	1	1	2	A
4	69	5	22	4	A
XX
DE	T08292
0	5	26	6	63	T
1	2	1	0	97	T
2	99	0	1	0	A
3	0	0	0	100	T
4	0	100	0	0	C
XX
DE	T00304
0	5	26	6	63	T
1	2	1	0	97	T
2	99	0	1	0	A
3	0	0	0	100	T
4	0	100	0	0	C
XX
DE	T00372
0	12	6	78	4	g
1	12	6	57	25	k
2	11	22	31	36	n
3	4	84	1	11	c
4	84	2	5	9	a
5	87	1	10	2	a
6	79	1	20	0	a
7	2	1	96	1	g
8	5	4	45	46	k
9	4	27	7	62	t
10	3	84	3	10	c
11	79	6	9	6	a
XX
DE	T00373
0	10	3	80	7	g
1	15	8	53	24	n
2	10	27	31	32	n
3	2	82	3	13	c
4	82	3	5	10	a
5	81	2	14	3	a
6	77	1	21	1	a
7	3	2	93	2	g
8	6	3	45	46	k
9	4	32	9	55	y
10	4	82	4	10	c
11	79	8	7	6	a
XX
DE	T00627
0	0	0	0	100	T
1	100	0	0	0	A
2	0	0	0	100	T
3	0	100	0	0	C
4	25	0	19	56	W
5	43	38	0	19	M
XX
DE	T10068
0	6	5	7	82	T
1	4	3	89	4	G
2	67	7	21	5	A
3	31	61	4	4	C
4	7	89	2	2	C
5	1	34	7	58	Y
6	5	28	12	55	Y
7	15	9	7	69	T
8	23	12	60	5	r
XX
DE	T01527
0	0	0	0	100	T
1	4	0	96	0	G
2	100	0	0	0	A
3	0	100	0	0	C
4	4	96	0	0	C
5	0	33	0	67	T
6	60	10	4	26	W
7	19	21	35	25	N
8	39	13	2	46	W
9	26	8	6	60	W
XX
DE	T01528
0	0	0	0	100	T
1	4	0	96	0	G
2	100	0	0	0	A
3	0	100	0	0	C
4	4	96	0	0	C
5	0	36	0	64	T
6	96	0	0	4	A
7	25	30	29	16	N
8	28	13	0	59	W
9	13	4	4	79	T
10	52	10	0	38	W
XX
DE	T08505
0	12	5	75	8	g
1	7	10	60	23	g
2	10	23	26	41	n
3	2	78	7	13	c
4	80	6	5	9	A
5	71	7	18	4	A
6	67	2	30	1	A
7	1	2	95	2	G
8	4	2	60	34	G
9	3	22	5	70	T
10	4	89	4	3	C
11	83	9	1	7	A
XX
DE	T09428
0	12	5	75	8	g
1	7	10	60	23	g
2	10	23	26	41	n
3	2	78	7	13	c
4	80	6	5	9	A
5	71	7	18	4	A
6	67	2	30	1	A
7	1	2	95	2	G
8	4	2	60	34	G
9	3	22	5	70	T
10	4	89	4	3	C
11	83	9	1	7	A
XX
DE	T00258
0	66	14	17	3	A
1	17	3	72	8	G
2	8	5	77	10	G
3	9	8	14	69	T
4	9	69	12	10	C
5	74	7	10	9	A
6	18	43	18	21	N
7	17	29	28	26	N
8	14	22	44	20	N
9	5	17	4	74	T
10	5	0	95	0	g
11	100	0	0	0	a
12	0	90	10	0	c
13	5	90	5	0	c
XX
DE	T00264
0	66	14	17	3	A
1	17	3	72	8	G
2	8	5	77	10	G
3	9	8	14	69	T
4	9	69	12	10	C
5	74	7	10	9	A
6	18	43	18	21	N
7	17	29	28	26	N
8	14	22	44	20	N
9	5	17	4	74	T
10	5	0	95	0	g
11	100	0	0	0	a
12	0	90	10	0	c
13	5	90	5	0	c
XX
DE	T08300
0	66	14	17	3	A
1	17	3	72	8	G
2	8	5	77	10	G
3	9	8	14	69	T
4	9	69	12	10	C
5	74	7	10	9	A
6	18	43	18	21	N
7	17	29	28	26	N
8	14	22	44	20	N
9	5	17	4	74	T
10	5	0	95	0	g
11	100	0	0	0	a
12	0	90	10	0	c
13	5	90	5	0	c
XX
DE	T08555
0	70	0	13	17	A
1	1	4	94	1	G
2	53	10	29	8	R
3	95	0	2	3	A
4	1	98	1	0	C
5	92	1	0	7	A
6	13	30	31	26	N
7	47	13	12	28	n
8	17	16	22	45	n
9	12	8	25	55	k
10	17	8	68	7	g
11	20	6	12	62	t
XX
DE	T00337
0	69	2	14	15	A
1	1	5	93	1	G
2	48	8	33	11	R
3	94	0	2	4	A
4	2	97	1	0	C
5	86	0	6	8	A
6	12	24	32	32	N
7	47	10	14	29	n
8	29	18	15	38	n
9	8	9	17	66	t
10	12	12	68	8	g
11	17	7	11	65	t
12	38	13	16	33	n
13	14	61	7	18	c
XX
DE	T08475
0	70	0	13	17	A
1	1	4	94	1	G
2	53	10	29	8	R
3	95	0	2	3	A
4	1	98	1	0	C
5	92	1	0	7	A
6	13	30	31	26	N
7	47	13	12	28	n
8	17	16	22	45	n
9	12	8	25	55	k
10	17	8	68	7	g
11	20	6	12	62	t
XX
DE	T01920
0	61	0	17	22	A
1	1	5	92	2	G
2	51	9	29	11	N
3	93	0	3	4	A
4	1	97	2	0	C
5	96	1	0	3	A
XX
DE	T09431
0	9	66	11	14	C
1	5	69	8	18	C
2	9	90	1	0	C
3	4	89	4	3	C
4	13	2	65	20	G
5	0	99	1	0	C
6	1	99	0	0	C
7	0	86	1	13	C
8	20	57	7	16	N
XX
DE	T09118
0	8	67	11	14	C
1	5	71	7	17	C
2	9	90	1	0	C
3	4	89	4	3	C
4	12	2	67	19	G
5	0	99	1	0	C
6	0	100	0	0	C
7	0	85	1	14	C
8	19	59	7	15	N
XX
DE	T00309
0	6	27	6	61	T
1	6	2	1	91	T
2	97	0	3	0	A
3	0	1	0	99	T
4	1	98	0	1	C
XX
DE	T10393
0	13	18	9	60	n
1	10	53	18	19	N
2	10	16	3	71	T
3	3	1	7	89	T
4	99	0	1	0	A
5	0	0	0	100	T
6	0	100	0	0	C
XX
DE	T00312
0	6	27	6	61	T
1	6	2	1	91	T
2	97	0	3	0	A
3	0	1	0	99	T
4	1	98	0	1	C
XX
DE	T08572
0	6	27	6	61	T
1	6	2	1	91	T
2	97	0	3	0	A
3	0	1	0	99	T
4	1	98	0	1	C
XX
DE	T10392
0	19	13	4	64	T
1	9	1	16	74	T
2	99	0	1	0	A
3	0	0	0	100	T
4	0	100	0	0	C
XX
DE	T00458
0	14	27	30	29	N
1	0	0	0	100	T
2	50	50	0	0	M
3	13	0	30	57	K
4	0	100	0	0	C
5	0	0	100	0	G
6	0	0	100	0	G
7	72	14	14	0	A
8	58	14	0	28	W
9	15	28	15	42	N
10	56	0	0	44	W
11	0	70	0	30	C
12	16	0	0	84	T
13	0	13	45	42	K
14	0	41	14	45	Y
15	41	14	30	15	N
16	27	43	30	0	N
17	15	0	0	85	T
18	0	100	0	0	C
19	0	100	0	0	C
20	0	14	86	0	G
21	30	15	28	27	N
XX
DE	T00886
0	18	41	41	0	S
1	46	18	12	24	N
2	18	24	29	29	N
3	0	0	6	94	T
4	41	6	53	0	R
5	94	0	6	0	A
6	0	0	100	0	G
7	0	0	100	0	G
8	0	0	0	100	T
9	0	100	0	0	C
10	100	0	0	0	A
11	12	70	0	18	C
12	12	18	58	12	N
13	12	47	41	0	S
14	18	35	18	29	N
15	35	29	18	18	N
XX
DE	T01352
0	50	6	35	9	R
1	2	2	92	4	G
2	4	0	92	4	G
3	10	19	14	57	N
4	8	76	7	9	C
5	90	4	4	2	A
6	44	4	6	46	W
7	70	0	12	18	A
8	4	6	83	7	G
9	7	2	72	19	G
10	4	0	39	57	K
11	0	55	43	2	S
12	49	4	4	43	W
XX
DE	T08431
0	50	6	35	9	R
1	2	2	92	4	G
2	4	0	92	4	G
3	10	19	14	57	N
4	8	76	7	9	C
5	90	4	4	2	A
6	44	4	6	46	W
7	70	0	12	18	A
8	4	6	83	7	G
9	7	2	72	19	G
10	4	0	39	57	K
11	0	55	43	2	S
12	49	4	4	43	W
XX
DE	T08991
0	50	6	35	9	R
1	2	2	92	4	G
2	4	0	92	4	G
3	10	19	14	57	N
4	8	76	7	9	C
5	90	4	4	2	A
6	44	4	6	46	W
7	70	0	12	18	A
8	4	6	83	7	G
9	7	2	72	19	G
10	4	0	39	57	K
11	0	55	43	2	S
12	49	4	4	43	W
XX
DE	T00244
0	7	5	80	8	G
1	8	57	3	32	Y
2	4	0	96	0	G
3	1	1	60	38	G
4	17	0	83	0	G
5	4	11	85	0	G
6	0	0	100	0	G
7	6	77	7	10	C
8	14	0	79	7	G
XX
DE	T00455
0	5	90	0	5	C
1	10	0	81	9	G
2	0	100	0	0	C
3	0	100	0	0	C
4	0	80	0	20	C
5	56	41	1	2	M
6	0	99	0	1	C
7	14	5	74	7	G
8	7	81	2	10	C
9	52	29	8	11	M
10	28	31	12	29	N
11	13	70	13	4	c
XX
DE	T09462
0	7	5	80	8	G
1	8	57	3	32	Y
2	4	0	96	0	G
3	1	1	60	38	G
4	17	0	83	0	G
5	4	11	85	0	G
6	0	0	100	0	G
7	6	77	7	10	C
8	14	0	79	7	G
XX
DE	T10132
0	7	5	80	8	G
1	8	57	3	32	Y
2	4	0	96	0	G
3	1	1	60	38	G
4	17	0	83	0	G
5	4	11	85	0	G
6	0	0	100	0	G
7	6	77	7	10	C
8	14	0	79	7	G
XX
DE	T08340
0	4	13	70	13	g
1	23	13	40	24	N
2	12	9	31	48	N
3	9	2	82	7	G
4	10	70	5	15	C
5	0	0	100	0	G
6	2	0	33	65	T
7	24	0	76	0	G
8	0	0	100	0	G
9	0	0	100	0	G
10	5	84	0	11	C
11	5	0	90	5	G
XX
DE	T10400
0	6	5	81	8	G
1	10	55	3	32	Y
2	4	0	96	0	G
3	1	0	56	43	K
4	19	0	81	0	G
5	4	11	85	0	G
6	0	0	100	0	G
7	3	79	7	11	C
8	14	0	79	7	G
XX
DE	T01679
0	40	40	20	0	M
1	40	40	0	20	M
2	0	80	20	0	C
3	20	20	40	20	N
4	0	0	100	0	G
5	0	100	0	0	C
6	0	100	0	0	C
7	100	0	0	0	A
8	60	0	40	0	A
9	0	0	100	0	G
10	40	60	0	0	C
11	20	20	60	0	G
12	20	20	40	20	N
13	40	40	0	20	M
14	20	40	40	0	S
15	20	40	0	40	Y
16	20	20	20	40	N
XX
DE	T10665
0	16	64	10	10	C
1	36	28	2	34	N
2	14	26	48	12	N
3	23	3	14	60	T
4	0	0	100	0	G
5	94	6	0	0	A
6	0	0	0	100	T
7	0	0	0	100	T
8	13	11	13	63	T
XX
DE	T01974
0	4	0	89	7	g
1	2	20	73	5	G
2	4	60	5	31	C
3	22	2	54	22	N
4	6	92	2	0	C
5	2	0	7	91	T
6	0	29	71	0	G
7	10	5	1	84	T
8	0	98	0	2	C
9	0	97	2	1	C
10	14	7	74	5	G
11	16	34	0	50	Y
12	0	0	95	5	G
13	6	5	89	0	G
14	13	0	0	87	T
15	7	0	83	10	G
16	0	100	0	0	C
17	2	0	0	98	T
18	12	2	86	0	G
19	74	14	12	0	A
20	70	6	12	12	a
XX
DE	T01973
0	4	0	89	7	g
1	2	20	73	5	G
2	4	60	5	31	C
3	22	2	54	22	N
4	6	92	2	0	C
5	2	0	7	91	T
6	0	29	71	0	G
7	10	5	1	84	T
8	0	98	0	2	C
9	0	97	2	1	C
10	14	7	74	5	G
11	16	34	0	50	Y
12	0	0	95	5	G
13	6	5	89	0	G
14	13	0	0	87	T
15	7	0	83	10	G
16	0	100	0	0	C
17	2	0	0	98	T
18	12	2	86	0	G
19	74	14	12	0	A
20	70	6	12	12	a
XX
DE	T09923
0	27	73	0	0	C
1	0	100	0	0	C
2	9	91	0	0	C
3	0	100	0	0	C
4	100	0	0	0	A
5	82	18	0	0	A
6	73	27	0	0	A
7	18	73	0	9	C
8	36	64	0	0	C
9	64	36	0	0	A
10	27	73	0	0	C
11	18	82	0	0	C
12	27	73	0	0	C
13	18	64	9	9	C
XX
DE	T02247
0	5	5	73	17	G
1	10	64	6	20	C
2	49	7	33	11	R
3	47	5	22	26	N
4	9	2	33	56	K
5	0	1	98	1	G
6	18	62	20	0	C
7	88	11	0	1	A
8	5	14	6	75	T
9	0	15	43	42	K
10	37	31	25	7	N
11	1	13	0	86	T
12	0	0	100	0	G
13	0	0	100	0	G
14	7	0	87	6	G
15	50	5	7	38	W
16	61	14	21	4	A
XX
DE	T10760
0	40	40	0	20	M
1	20	60	0	20	C
2	0	0	100	0	G
3	0	20	80	0	G
4	60	0	20	20	A
5	40	0	60	0	G
6	60	0	0	40	A
7	0	0	0	100	T
8	80	0	0	20	A
9	40	20	0	40	W
10	0	100	0	0	C
11	0	0	100	0	G
12	0	20	80	0	G
13	40	40	0	20	M
XX
DE	T00465
0	0	100	0	0	C
1	0	100	0	0	C
2	0	0	100	0	G
3	6	6	57	31	K
4	17	13	17	53	N
5	53	17	13	17	N
6	31	57	6	6	M
7	0	100	0	0	C
8	0	0	100	0	G
9	0	8	92	0	G
XX
DE	T01257
0	40	40	7	13	M
1	100	0	0	0	A
2	0	0	100	0	G
3	0	0	100	0	G
4	0	0	100	0	G
5	0	0	100	0	G
6	28	30	29	13	N
XX
DE	T01258
0	40	40	7	13	M
1	100	0	0	0	A
2	0	0	100	0	G
3	0	0	100	0	G
4	0	0	100	0	G
5	0	0	100	0	G
6	28	30	29	13	N
XX
DE	T02349
0	59	6	0	35	w
1	6	29	41	24	N
2	12	64	12	12	C
3	18	6	70	6	G
4	12	71	3	14	C
5	12	6	76	6	G
6	3	68	6	23	C
7	9	43	33	15	N
8	3	71	6	20	C
9	24	46	12	18	n
10	6	53	6	35	y
XX
DE	T01059
0	0	100	0	0	C
1	0	0	0	100	T
2	0	0	0	100	T
3	0	0	0	100	T
4	36	11	0	53	W
XX
DE	T02690
0	0	100	0	0	C
1	0	0	0	100	T
2	0	0	0	100	T
3	0	0	0	100	T
4	29	16	5	50	N
XX
DE	T02691
0	24	14	48	14	N
1	47	29	14	10	N
2	24	28	29	19	N
3	39	14	14	33	N
4	100	0	0	0	A
5	100	0	0	0	A
6	100	0	0	0	A
7	0	0	100	0	G
8	14	48	14	24	N
9	29	29	32	10	N
10	38	29	19	14	N
XX
DE	T02841
0	42	18	0	40	w
1	35	26	21	18	n
2	45	13	25	17	N
3	39	38	11	12	N
4	6	0	25	69	T
5	0	68	18	14	C
6	9	54	37	0	S
7	5	55	21	19	N
8	20	50	21	9	N
9	25	3	56	16	R
10	42	26	26	6	N
11	25	9	48	18	N
12	30	42	25	3	N
13	21	17	50	12	N
14	66	8	0	26	A
15	41	17	23	19	N
16	32	24	29	15	N
17	14	27	48	11	N
18	7	0	86	7	G
19	57	37	0	6	M
XX
DE	T02846
0	60	0	40	0	A
1	20	20	0	60	T
2	0	100	0	0	C
3	0	0	100	0	G
4	0	60	40	0	C
5	60	40	0	0	A
6	20	0	60	20	G
7	0	40	40	20	S
8	40	40	0	20	M
9	0	40	40	20	S
10	0	0	60	40	G
11	0	100	0	0	C
12	0	100	0	0	C
13	0	0	100	0	G
14	80	20	0	0	A
15	0	60	0	40	C
XX
DE	T00884
0	17	3	78	2	G
1	15	3	80	2	G
2	0	2	50	48	K
3	0	4	23	73	T
4	12	57	25	6	S
5	83	6	4	7	A
6	26	21	36	17	N
7	25	23	30	22	N
8	40	17	39	4	N
9	41	11	41	7	R
10	4	6	83	7	G
11	0	0	58	42	k
12	23	15	15	47	n
13	0	59	34	7	s
14	66	4	15	15	a
XX
DE	T08482
0	17	3	78	2	G
1	15	3	80	2	G
2	0	2	50	48	K
3	0	4	23	73	T
4	12	57	25	6	S
5	83	6	4	7	A
6	26	21	36	17	N
7	25	23	30	22	N
8	40	17	39	4	N
9	41	11	41	7	R
10	4	6	83	7	G
11	0	0	58	42	k
12	23	15	15	47	n
13	0	59	34	7	s
14	66	4	15	15	a
XX
DE	T04652
0	79	1	11	9	A
1	8	1	87	4	G
2	47	30	5	18	N
3	97	2	0	1	A
4	8	82	5	5	C
5	62	0	19	19	A
6	28	23	14	35	N
7	25	39	18	18	n
8	47	25	19	9	n
9	8	22	8	62	t
10	0	13	87	0	g
11	8	13	2	77	t
12	55	8	2	35	w
13	2	92	0	6	c
14	4	46	2	48	y
XX
DE	T04653
0	79	1	11	9	A
1	8	1	87	4	G
2	47	30	5	18	N
3	97	2	0	1	A
4	8	82	5	5	C
5	62	0	19	19	A
6	28	23	14	35	N
7	25	39	18	18	n
8	47	25	19	9	n
9	8	22	8	62	t
10	0	13	87	0	g
11	8	13	2	77	t
12	55	8	2	35	w
13	2	92	0	6	c
14	4	46	2	48	y
XX
DE	T04654
0	79	1	11	9	A
1	8	1	87	4	G
2	47	30	5	18	N
3	97	2	0	1	A
4	8	82	5	5	C
5	62	0	19	19	A
6	28	23	14	35	N
7	25	39	18	18	n
8	47	25	19	9	n
9	8	22	8	62	t
10	0	13	87	0	g
11	8	13	2	77	t
12	55	8	2	35	w
13	2	92	0	6	c
14	4	46	2	48	y
XX
DE	T04655
0	79	1	11	9	A
1	8	1	87	4	G
2	47	30	5	18	N
3	97	2	0	1	A
4	8	82	5	5	C
5	62	0	19	19	A
6	28	23	14	35	N
7	25	39	18	18	n
8	47	25	19	9	n
9	8	22	8	62	t
10	0	13	87	0	g
11	8	13	2	77	t
12	55	8	2	35	w
13	2	92	0	6	c
14	4	46	2	48	y
XX
DE	T08487
0	79	1	11	9	A
1	8	1	87	4	G
2	47	30	5	18	N
3	97	2	0	1	A
4	8	82	5	5	C
5	62	0	19	19	A
6	28	23	14	35	N
7	25	39	18	18	n
8	47	25	19	9	n
9	8	22	8	62	t
10	0	13	87	0	g
11	8	13	2	77	t
12	55	8	2	35	w
13	2	92	0	6	c
14	4	46	2	48	y
XX
DE	T08528
0	79	2	8	11	A
1	1	3	94	2	G
2	83	4	3	10	A
3	86	1	12	1	A
4	2	95	1	2	C
5	87	1	4	8	A
6	23	42	14	21	N
7	27	28	23	22	N
8	37	21	27	15	N
9	8	28	6	58	y
10	2	8	89	1	g
11	7	10	2	81	t
12	50	14	5	31	w
13	4	90	1	5	c
14	8	50	2	40	y
XX
DE	T04669
0	3	20	33	44	N
1	20	10	67	3	G
2	7	7	79	7	G
3	7	13	63	17	G
4	7	7	20	66	T
5	13	17	57	13	N
6	10	10	80	0	G
7	3	17	13	67	T
8	17	66	10	7	C
XX
DE	T04237
0	20	3	44	33	N
1	10	10	67	13	G
2	10	10	73	7	G
3	10	7	73	10	G
4	10	10	17	63	T
5	13	7	70	10	G
6	10	13	70	7	G
7	3	7	10	80	T
8	10	57	20	13	N
XX
DE	T04670
0	20	3	44	33	N
1	10	10	67	13	G
2	10	10	73	7	G
3	10	7	73	10	G
4	10	10	17	63	T
5	13	7	70	10	G
6	10	13	70	7	G
7	3	7	10	80	T
8	10	57	20	13	N
XX
DE	T04671
0	17	26	14	43	N
1	9	3	88	0	G
2	3	3	83	11	G
3	6	6	82	6	G
4	14	3	29	54	K
5	14	11	66	9	G
6	17	17	55	11	N
7	9	20	9	62	T
8	9	63	14	14	C
XX
DE	T00669
0	0	100	0	0	C
1	23	24	12	41	N
2	0	0	100	0	G
3	0	0	0	100	T
4	0	0	0	100	T
5	68	11	11	10	A
6	10	61	24	5	c
7	29	0	19	52	w
XX
DE	T02684
0	22	7	3	68	T
1	100	0	0	0	A
2	0	1	0	99	T
3	1	98	0	1	C
4	34	9	18	39	N
XX
DE	T08541
0	22	7	3	68	T
1	100	0	0	0	A
2	0	1	0	99	T
3	1	98	0	1	C
4	34	9	18	39	N
XX
DE	T10207
0	22	7	3	68	T
1	100	0	0	0	A
2	0	1	0	99	T
3	1	98	0	1	C
4	34	9	18	39	N
XX
DE	T10208
0	22	7	3	68	T
1	100	0	0	0	A
2	0	1	0	99	T
3	1	98	0	1	C
4	34	9	18	39	N
XX
DE	T02714
0	22	7	3	68	T
1	100	0	0	0	A
2	0	1	0	99	T
3	1	98	0	1	C
4	34	9	18	39	N
XX
DE	T02715
0	22	7	3	68	T
1	100	0	0	0	A
2	0	1	0	99	T
3	1	98	0	1	C
4	34	9	18	39	N
XX
DE	T09561
0	0	0	100	0	G
1	0	100	0	0	C
2	100	0	0	0	A
3	0	100	0	0	C
4	0	100	0	0	C
5	0	100	0	0	C
6	71	0	0	29	A
7	64	0	0	36	A
8	0	0	100	0	G
9	0	0	100	0	G
10	0	0	100	0	G
11	0	0	0	100	T
12	0	7	93	0	G
13	43	50	0	7	M
XX
DE	T04686
0	18	73	0	9	C
1	64	18	0	18	A
2	9	9	82	0	G
3	0	18	0	82	T
4	18	9	64	9	G
5	9	9	64	18	G
6	18	9	55	18	N
XX
DE	T04324
0	67	11	0	22	A
1	20	30	50	0	S
2	10	60	10	20	C
3	0	0	0	100	T
4	90	0	0	10	A
5	10	0	0	90	T
6	0	100	0	0	C
7	0	0	100	0	G
8	80	0	0	20	A
9	20	0	0	80	T
10	70	0	0	30	A
11	30	0	30	40	N
12	40	10	30	20	N
13	20	20	10	50	N
XX
DE	T04796
0	29	12	33	26	N
1	13	32	55	0	S
2	15	10	72	3	G
3	5	0	90	5	G
4	8	0	92	0	G
5	15	0	75	10	G
6	0	0	100	0	G
7	3	0	97	0	G
8	0	0	100	0	G
9	0	0	100	0	G
10	31	51	0	18	M
11	23	52	10	15	N
12	44	28	15	13	N
XX
DE	T04797
0	29	12	33	26	N
1	13	32	55	0	S
2	15	10	72	3	G
3	5	0	90	5	G
4	8	0	92	0	G
5	15	0	75	10	G
6	0	0	100	0	G
7	3	0	97	0	G
8	0	0	100	0	G
9	0	0	100	0	G
10	31	51	0	18	M
11	23	52	10	15	N
12	44	28	15	13	N
XX
DE	T04849
0	36	16	16	32	N
1	16	24	32	28	N
2	32	28	20	20	N
3	20	8	12	60	T
4	32	40	24	4	N
5	64	4	24	8	A
6	92	4	0	4	A
7	0	0	100	0	G
8	0	0	100	0	G
9	12	0	0	88	T
10	0	92	8	0	C
11	92	4	0	4	A
12	20	24	20	36	N
13	44	16	16	24	N
XX
DE	T08639
0	2	2	92	4	g
1	6	0	90	4	g
2	26	13	16	45	N
3	22	59	5	14	M
4	76	7	14	3	A
5	61	5	6	28	A
6	84	1	12	3	A
7	1	2	95	2	G
8	0	1	84	15	G
9	3	1	8	88	T
10	1	81	14	4	C
11	84	3	2	11	A
12	21	48	7	24	n
13	26	31	30	13	n
14	14	21	46	19	n
15	16	3	19	62	t
XX
DE	T02736
0	2	2	92	4	g
1	6	0	90	4	g
2	26	13	16	45	N
3	22	59	5	14	M
4	76	7	14	3	A
5	61	5	6	28	A
6	84	1	12	3	A
7	1	2	95	2	G
8	0	1	84	15	G
9	3	1	8	88	T
10	1	81	14	4	C
11	84	3	2	11	A
12	21	48	7	24	n
13	26	31	30	13	n
14	14	21	46	19	n
15	16	3	19	62	t
XX
DE	T02529
0	2	2	92	4	g
1	6	0	90	4	g
2	26	13	16	45	N
3	22	59	5	14	M
4	76	7	14	3	A
5	61	5	6	28	A
6	84	1	12	3	A
7	1	2	95	2	G
8	0	1	84	15	G
9	3	1	8	88	T
10	1	81	14	4	C
11	84	3	2	11	A
12	21	48	7	24	n
13	26	31	30	13	n
14	14	21	46	19	n
15	16	3	19	62	t
XX
DE	T04794
0	2	2	92	4	g
1	6	0	90	4	g
2	26	13	16	45	N
3	22	59	5	14	M
4	76	7	14	3	A
5	61	5	6	28	A
6	84	1	12	3	A
7	1	2	95	2	G
8	0	1	84	15	G
9	3	1	8	88	T
10	1	81	14	4	C
11	84	3	2	11	A
12	21	48	7	24	n
13	26	31	30	13	n
14	14	21	46	19	n
15	16	3	19	62	t
XX
DE	T03731
0	18	4	65	13	g
1	8	3	31	58	K
2	3	8	62	27	G
3	63	29	6	2	A
4	41	58	0	1	M
5	6	84	5	5	C
6	8	13	12	67	T
7	9	7	23	61	T
8	2	1	2	95	T
9	8	10	77	5	G
10	70	15	8	7	A
11	4	93	0	3	C
12	2	94	1	3	C
13	7	44	3	46	Y
XX
DE	T04780
0	2	2	92	4	g
1	6	0	90	4	g
2	26	13	16	45	N
3	22	59	5	14	M
4	76	7	14	3	A
5	61	5	6	28	A
6	84	1	12	3	A
7	1	2	95	2	G
8	0	1	84	15	G
9	3	1	8	88	T
10	1	81	14	4	C
11	84	3	2	11	A
12	21	48	7	24	n
13	26	31	30	13	n
14	14	21	46	19	n
15	16	3	19	62	t
XX
DE	T01359
0	16	32	11	41	N
1	26	32	21	21	N
2	32	11	46	11	N
3	0	0	100	0	G
4	0	0	100	0	G
5	0	5	5	90	T
6	5	68	11	16	C
7	84	5	11	0	A
8	0	0	0	100	T
9	30	0	20	50	W
10	11	11	62	16	G
11	21	5	74	0	G
12	0	0	100	0	G
13	0	0	100	0	G
14	0	0	11	89	T
15	0	52	37	11	S
16	63	0	21	16	A
17	28	17	38	17	N
18	6	6	66	22	G
XX
DE	T08348
0	50	6	39	5	R
1	2	2	94	2	G
2	0	5	87	8	G
3	19	4	8	69	T
4	4	66	9	21	C
5	79	7	10	4	A
6	11	22	27	40	N
7	21	3	28	48	N
8	27	14	46	13	n
9	24	16	54	6	n
10	34	17	49	0	r
11	3	0	94	3	g
12	3	0	39	58	k
XX
DE	T08433
0	13	19	3	65	T
1	8	26	65	1	G
2	57	14	8	21	N
3	22	77	1	0	C
4	0	100	0	0	C
5	0	39	8	53	Y
6	6	40	15	39	N
7	36	28	7	29	n
8	64	22	7	7	a
9	0	5	2	93	t
10	8	20	66	6	g
11	81	13	6	0	a
12	25	75	0	0	c
13	0	93	0	7	c
14	5	60	5	30	y
XX
DE	T08930
0	16	32	11	41	N
1	26	32	21	21	N
2	32	11	46	11	N
3	0	0	100	0	G
4	0	0	100	0	G
5	0	5	5	90	T
6	5	68	11	16	C
7	84	5	11	0	A
8	0	0	0	100	T
9	30	0	20	50	W
10	11	11	62	16	G
11	21	5	74	0	G
12	0	0	100	0	G
13	0	0	100	0	G
14	0	0	11	89	T
15	0	52	37	11	S
16	63	0	21	16	A
17	28	17	38	17	N
18	6	6	66	22	G
XX
DE	T02772
0	24	40	22	14	N
1	5	14	19	62	T
2	8	75	14	3	C
3	83	3	11	3	A
4	94	0	3	3	A
5	3	0	97	0	G
6	0	3	35	62	T
7	0	0	0	100	T
8	0	100	0	0	C
9	100	0	0	0	A
10	97	3	0	0	A
11	0	0	92	8	G
12	3	3	46	48	K
13	3	3	5	89	T
14	0	95	0	5	C
15	91	3	3	3	A
16	24	38	16	22	N
17	16	38	19	27	N
XX
DE	T04401
0	24	40	22	14	N
1	5	14	19	62	T
2	8	75	14	3	C
3	83	3	11	3	A
4	94	0	3	3	A
5	3	0	97	0	G
6	0	3	35	62	T
7	0	0	0	100	T
8	0	100	0	0	C
9	100	0	0	0	A
10	97	3	0	0	A
11	0	0	92	8	G
12	3	3	46	48	K
13	3	3	5	89	T
14	0	95	0	5	C
15	91	3	3	3	A
16	24	38	16	22	N
17	16	38	19	27	N
XX
DE	T04400
0	24	40	22	14	N
1	5	14	19	62	T
2	8	75	14	3	C
3	83	3	11	3	A
4	94	0	3	3	A
5	3	0	97	0	G
6	0	3	35	62	T
7	0	0	0	100	T
8	0	100	0	0	C
9	100	0	0	0	A
10	97	3	0	0	A
11	0	0	92	8	G
12	3	3	46	48	K
13	3	3	5	89	T
14	0	95	0	5	C
15	91	3	3	3	A
16	24	38	16	22	N
17	16	38	19	27	N
XX
DE	T05040
0	17	17	36	30	N
1	42	19	25	14	N
2	73	27	0	0	A
3	95	0	5	0	A
4	0	100	0	0	C
5	100	0	0	0	A
6	0	0	2	98	T
7	0	98	2	0	C
8	0	0	0	100	T
9	0	0	100	0	G
10	0	3	74	23	G
11	61	29	10	0	A
XX
DE	T09633
0	17	0	83	0	g
1	3	5	62	30	G
2	11	12	3	74	T
3	0	35	9	56	Y
4	75	12	5	8	A
5	34	24	8	34	N
6	2	0	6	92	T
7	26	26	48	0	N
8	88	10	2	0	A
9	18	80	0	2	C
10	0	80	9	11	C
11	2	47	0	51	Y
12	12	17	0	71	T
13	17	17	66	0	g
XX
DE	T04498
0	0	66	17	17	C
1	100	0	0	0	A
2	67	0	33	0	A
3	0	17	83	0	G
4	0	0	67	33	G
5	0	0	17	83	T
6	0	50	50	0	S
7	100	0	0	0	A
8	33	0	17	50	W
9	0	0	0	100	T
10	67	0	33	0	A
11	100	0	0	0	A
12	17	83	0	0	C
13	0	83	0	17	C
XX
DE	T02682
0	0	14	0	86	t
1	0	57	29	14	s
2	14	57	0	29	y
3	0	100	0	0	c
4	0	29	0	71	t
5	5	30	30	35	N
6	17	33	2	48	Y
7	13	2	8	77	T
8	85	0	0	15	A
9	0	1	0	99	T
10	8	84	0	8	C
11	26	4	4	66	T
XX
DE	T02711
0	0	14	0	86	t
1	0	57	29	14	s
2	14	57	0	29	y
3	0	100	0	0	c
4	0	29	0	71	t
5	5	30	30	35	N
6	17	33	2	48	Y
7	13	2	8	77	T
8	85	0	0	15	A
9	0	1	0	99	T
10	8	84	0	8	C
11	26	4	4	66	T
XX
DE	T08358
0	0	14	0	86	t
1	0	57	29	14	s
2	14	57	0	29	y
3	0	100	0	0	c
4	0	29	0	71	t
5	5	30	30	35	N
6	17	33	2	48	Y
7	13	2	8	77	T
8	85	0	0	15	A
9	0	1	0	99	T
10	8	84	0	8	C
11	26	4	4	66	T
XX
DE	T08540
0	0	14	0	86	t
1	0	57	29	14	s
2	14	57	0	29	y
3	0	100	0	0	c
4	0	29	0	71	t
5	5	30	30	35	N
6	17	33	2	48	Y
7	13	2	8	77	T
8	85	0	0	15	A
9	0	1	0	99	T
10	8	84	0	8	C
11	26	4	4	66	T
XX
DE	T09359
0	0	14	0	86	t
1	0	57	29	14	s
2	14	57	0	29	y
3	0	100	0	0	c
4	0	29	0	71	t
5	5	30	30	35	N
6	17	33	2	48	Y
7	13	2	8	77	T
8	85	0	0	15	A
9	0	1	0	99	T
10	8	84	0	8	C
11	26	4	4	66	T
XX
DE	T02758
0	10	4	5	81	T
1	7	5	84	4	G
2	54	10	30	6	R
3	43	44	5	8	M
4	4	92	2	2	C
5	3	27	4	66	T
6	5	12	4	79	t
7	11	6	4	79	t
8	10	2	81	7	g
9	36	28	20	16	n
10	20	64	8	8	c
11	3	71	8	18	c
XX
DE	T08260
0	12	6	5	77	t
1	8	5	86	1	g
2	66	6	22	6	a
3	41	47	5	7	m
4	4	95	1	0	c
5	1	22	1	76	t
6	4	10	3	83	t
7	10	2	2	86	t
8	10	2	82	6	g
9	35	29	21	15	n
10	21	61	8	10	c
11	4	73	7	16	c
XX
DE	T02421
0	9	6	4	81	T
1	9	4	83	4	G
2	51	11	33	5	R
3	45	42	5	8	M
4	3	92	2	3	C
5	3	25	3	69	T
6	4	13	2	81	t
7	11	7	3	79	t
8	10	2	82	6	g
9	33	31	24	12	n
10	23	59	7	11	m
11	5	72	8	15	c
XX
DE	T02424
0	20	10	67	3	g
1	9	7	61	23	g
2	14	20	31	35	n
3	7	83	1	9	c
4	78	3	7	12	a
5	82	2	12	4	a
6	66	4	27	3	A
7	2	1	94	3	G
8	8	5	41	46	K
9	5	33	10	52	Y
10	4	84	4	8	C
11	84	3	5	8	A
XX
DE	T02429
0	10	7	2	81	T
1	12	2	84	2	G
2	55	14	26	5	R
3	45	42	4	9	M
4	2	95	1	2	C
5	4	24	3	69	T
6	0	9	2	89	t
7	9	4	1	86	t
8	10	2	78	10	g
9	37	35	19	9	n
10	34	53	3	10	m
11	5	62	15	18	c
XX
DE	T02422
0	20	10	67	3	g
1	9	7	61	23	g
2	14	20	31	35	n
3	7	83	1	9	c
4	78	3	7	12	a
5	82	2	12	4	a
6	66	4	27	3	A
7	2	1	94	3	G
8	8	5	41	46	K
9	5	33	10	52	Y
10	4	84	4	8	C
11	84	3	5	8	A
XX
DE	T02423
0	20	10	67	3	g
1	9	7	61	23	g
2	14	20	31	35	n
3	7	83	1	9	c
4	78	3	7	12	a
5	82	2	12	4	a
6	66	4	27	3	A
7	2	1	94	3	G
8	8	5	41	46	K
9	5	33	10	52	Y
10	4	84	4	8	C
11	84	3	5	8	A
XX
DE	T04430
0	0	20	6	74	T
1	8	0	89	3	G
2	65	21	6	8	A
3	29	68	0	3	C
4	3	94	0	3	C
5	0	15	41	44	K
6	12	42	26	20	N
7	12	34	21	33	N
8	60	17	15	8	N
9	9	28	55	8	S
10	3	3	9	85	T
11	44	0	53	3	R
12	88	6	3	3	A
13	8	86	6	0	C
14	3	91	3	3	C
15	9	66	9	16	C
16	17	54	6	23	N
17	62	0	25	13	a
XX
DE	T04434
0	0	20	6	74	T
1	8	0	89	3	G
2	65	21	6	8	A
3	29	68	0	3	C
4	3	94	0	3	C
5	0	15	41	44	K
6	12	42	26	20	N
7	12	34	21	33	N
8	60	17	15	8	N
9	9	28	55	8	S
10	3	3	9	85	T
11	44	0	53	3	R
12	88	6	3	3	A
13	8	86	6	0	C
14	3	91	3	3	C
15	9	66	9	16	C
16	17	54	6	23	N
17	62	0	25	13	a
XX
DE	T04451
0	13	25	0	62	T
1	25	0	62	13	G
2	0	13	74	13	G
3	0	0	100	0	G
4	0	0	100	0	G
5	0	0	0	100	T
6	0	50	0	50	Y
7	87	13	0	0	A
8	0	74	13	13	C
9	0	25	13	62	T
10	25	25	37	13	N
11	13	25	49	13	N
12	25	50	25	0	N
13	0	0	100	0	G
14	0	0	75	25	G
15	0	0	25	75	T
16	0	100	0	0	C
17	87	0	13	0	A
XX
DE	T04467
0	0	20	6	74	T
1	8	0	89	3	G
2	65	21	6	8	A
3	29	68	0	3	C
4	3	94	0	3	C
5	0	15	41	44	K
6	12	42	26	20	N
7	12	34	21	33	N
8	60	17	15	8	N
9	9	28	55	8	S
10	3	3	9	85	T
11	44	0	53	3	R
12	88	6	3	3	A
13	8	86	6	0	C
14	3	91	3	3	C
15	9	66	9	16	C
16	17	54	6	23	N
17	62	0	25	13	a
XX
DE	T09029
0	0	20	6	74	T
1	8	0	89	3	G
2	65	21	6	8	A
3	29	68	0	3	C
4	3	94	0	3	C
5	0	15	41	44	K
6	12	42	26	20	N
7	12	34	21	33	N
8	60	17	15	8	N
9	9	28	55	8	S
10	3	3	9	85	T
11	44	0	53	3	R
12	88	6	3	3	A
13	8	86	6	0	C
14	3	91	3	3	C
15	9	66	9	16	C
16	17	54	6	23	N
17	62	0	25	13	a
XX
DE	T00490
0	25	0	67	8	G
1	0	0	100	0	G
2	0	0	92	8	G
3	0	8	92	0	G
4	83	17	0	0	A
5	0	0	100	0	G
6	17	8	75	0	G
7	0	0	100	0	G
XX
DE	T02304
0	25	0	67	8	G
1	0	0	100	0	G
2	0	0	92	8	G
3	0	8	92	0	G
4	83	17	0	0	A
5	0	0	100	0	G
6	17	8	75	0	G
7	0	0	100	0	G
XX
DE	T10644
0	8	8	17	67	T
1	0	34	33	33	N
2	0	0	0	100	T
3	0	0	100	0	G
4	0	100	0	0	C
5	75	0	25	0	A
6	0	100	0	0	C
7	42	33	0	25	N
8	0	100	0	0	C
9	17	8	67	8	G
10	0	8	84	8	G
11	8	75	17	0	C
12	17	67	8	8	C
13	0	67	25	8	C
XX
DE	T10747
0	8	8	17	67	T
1	0	34	33	33	N
2	0	0	0	100	T
3	0	0	100	0	G
4	0	100	0	0	C
5	75	0	25	0	A
6	0	100	0	0	C
7	42	33	0	25	N
8	0	100	0	0	C
9	17	8	67	8	G
10	0	8	84	8	G
11	8	75	17	0	C
12	17	67	8	8	C
13	0	67	25	8	C
XX
DE	T02419
0	4	82	7	7	C
1	3	76	12	9	C
2	5	85	1	9	C
3	2	62	10	26	C
4	7	26	50	17	N
5	0	100	0	0	C
6	17	82	1	0	C
7	0	76	18	6	C
8	41	38	4	17	N
9	66	17	17	0	a
10	0	0	67	33	g
11	17	0	50	33	k
12	17	50	33	0	s
13	0	0	0	100	t
XX
DE	T09426
0	16	6	57	21	N
1	12	1	87	0	G
2	0	0	99	1	G
3	0	0	100	0	G
4	20	64	2	14	C
5	4	4	87	5	G
6	0	0	91	9	G
7	17	8	70	5	G
8	13	12	66	9	G
XX
DE	T00769
0	0	100	0	0	C
1	0	0	80	20	G
2	0	100	0	0	C
3	100	0	0	0	A
4	0	0	20	80	T
5	0	100	0	0	C
6	40	0	0	60	T
7	0	100	0	0	C
8	0	0	0	100	T
XX
DE	T00789
0	8	2	7	83	t
1	10	6	5	79	T
2	48	4	37	11	R
3	89	0	3	8	A
4	16	48	3	33	Y
5	1	9	0	90	T
6	3	12	3	82	T
7	13	15	10	62	t
XX
DE	T03718
0	0	20	0	80	T
1	0	0	20	80	T
2	80	0	0	20	A
3	0	40	0	60	T
4	0	0	0	100	T
5	0	60	0	40	C
6	60	0	40	0	A
7	0	0	100	0	G
8	0	20	0	80	T
9	0	100	0	0	C
10	100	0	0	0	A
XX
DE	T08805
0	0	20	0	80	T
1	0	0	20	80	T
2	80	0	0	20	A
3	0	40	0	60	T
4	0	0	0	100	T
5	0	60	0	40	C
6	60	0	40	0	A
7	0	0	100	0	G
8	0	20	0	80	T
9	0	100	0	0	C
10	100	0	0	0	A
XX
DE	T09147
0	0	20	0	80	T
1	0	0	20	80	T
2	80	0	0	20	A
3	0	40	0	60	T
4	0	0	0	100	T
5	0	60	0	40	C
6	60	0	40	0	A
7	0	0	100	0	G
8	0	20	0	80	T
9	0	100	0	0	C
10	100	0	0	0	A
XX
DE	T09148
0	0	20	0	80	T
1	0	0	20	80	T
2	80	0	0	20	A
3	0	40	0	60	T
4	0	0	0	100	T
5	0	60	0	40	C
6	60	0	40	0	A
7	0	0	100	0	G
8	0	20	0	80	T
9	0	100	0	0	C
10	100	0	0	0	A
XX
DE	T03975
0	57	0	0	43	W
1	57	43	0	0	M
2	100	0	0	0	A
3	0	29	0	71	T
4	100	0	0	0	A
5	0	0	100	0	G
6	0	0	0	100	T
7	72	14	14	0	A
8	43	0	14	43	W
9	43	0	0	57	W
XX
DE	T00077
0	0	86	0	14	C
1	71	0	29	0	A
2	28	14	29	29	N
3	0	72	14	14	C
4	29	57	14	0	M
5	14	43	14	29	N
6	14	28	29	29	N
7	43	0	0	57	W
8	0	0	100	0	G
9	0	0	100	0	G
10	0	0	100	0	G
11	0	0	14	86	T
12	0	0	100	0	G
13	29	0	29	42	N
14	14	0	86	0	G
15	0	14	86	0	G
XX
DE	T04014
0	3	86	9	2	C
1	97	0	3	0	A
2	98	0	0	2	A
3	0	0	100	0	G
4	0	0	97	3	G
5	5	26	0	69	T
6	13	60	4	23	Y
7	81	11	4	4	A
XX
DE	T04016
0	3	86	9	2	C
1	97	0	3	0	A
2	98	0	0	2	A
3	0	0	100	0	G
4	0	0	97	3	G
5	5	26	0	69	T
6	13	60	4	23	Y
7	81	11	4	4	A
XX
DE	T04017
0	3	86	9	2	C
1	97	0	3	0	A
2	98	0	0	2	A
3	0	0	100	0	G
4	0	0	97	3	G
5	5	26	0	69	T
6	13	60	4	23	Y
7	81	11	4	4	A
XX
DE	T04018
0	3	86	9	2	C
1	97	0	3	0	A
2	98	0	0	2	A
3	0	0	100	0	G
4	0	0	97	3	G
5	5	26	0	69	T
6	13	60	4	23	Y
7	81	11	4	4	A
XX
DE	T04069
0	3	86	9	2	C
1	97	0	3	0	A
2	98	0	0	2	A
3	0	0	100	0	G
4	0	0	97	3	G
5	5	26	0	69	T
6	13	60	4	23	Y
7	81	11	4	4	A
XX
DE	T09467
0	3	86	9	2	C
1	97	0	3	0	A
2	98	0	0	2	A
3	0	0	100	0	G
4	0	0	97	3	G
5	5	26	0	69	T
6	13	60	4	23	Y
7	81	11	4	4	A
XX
DE	T01147
0	3	86	9	2	C
1	97	0	3	0	A
2	98	0	0	2	A
3	0	0	100	0	G
4	0	0	97	3	G
5	5	26	0	69	T
6	13	60	4	23	Y
7	81	11	4	4	A
XX
DE	T03227
0	0	100	0	0	c
1	0	0	100	0	G
2	0	0	100	0	G
3	25	31	12	32	N
4	0	44	18	38	Y
5	20	27	33	20	N
6	80	0	20	0	A
7	77	3	20	0	A
8	19	26	8	47	N
9	0	0	100	0	G
10	0	0	100	0	G
XX
DE	T05137
0	0	44	56	0	S
1	100	0	0	0	A
2	100	0	0	0	A
3	100	0	0	0	A
4	100	0	0	0	A
5	100	0	0	0	A
6	38	26	33	3	N
7	13	33	15	39	N
8	23	38	18	21	N
XX
DE	T05136
0	0	44	56	0	S
1	100	0	0	0	A
2	100	0	0	0	A
3	100	0	0	0	A
4	100	0	0	0	A
5	100	0	0	0	A
6	38	26	33	3	N
7	13	33	15	39	N
8	23	38	18	21	N
XX
DE	T03722
0	2	0	2	96	T
1	2	0	0	98	T
2	2	0	98	0	G
3	96	2	2	0	A
4	4	96	0	0	C
5	2	90	4	4	C
6	8	10	76	6	G
7	63	23	8	6	A
8	4	15	71	10	G
9	4	54	13	29	Y
XX
DE	T03525
0	0	0	0	100	T
1	0	76	24	0	C
2	0	100	0	0	C
3	0	0	100	0	G
4	0	56	0	44	Y
5	0	0	100	0	G
6	0	0	100	0	G
7	100	0	0	0	A
XX
DE	T03717
0	100	0	0	0	A
1	0	100	0	0	C
2	0	100	0	0	C
3	0	86	0	14	C
4	0	14	0	86	T
5	57	29	0	14	M
6	100	0	0	0	A
7	100	0	0	0	A
8	0	0	100	0	G
9	0	0	100	0	G
10	0	0	0	100	T
XX
DE	T02430
0	18	0	81	1	g
1	7	14	74	5	g
2	23	21	21	35	n
3	3	84	3	10	c
4	74	6	7	13	A
5	71	5	15	9	A
6	64	4	31	1	A
7	2	4	88	6	G
8	6	6	46	42	K
9	8	37	3	52	Y
10	7	83	9	1	C
11	83	8	0	9	A
XX
DE	T01353
0	28	0	11	61	T
1	6	17	77	0	G
2	72	17	0	11	A
3	28	72	0	0	C
4	6	88	6	0	C
5	6	17	0	77	T
6	11	17	11	61	T
7	6	0	6	88	T
8	11	11	72	6	G
9	39	22	22	17	N
10	11	78	0	11	C
11	11	77	6	6	C
12	17	44	6	33	N
XX
DE	T02428
0	75	4	7	14	a
1	75	3	16	6	a
2	65	5	27	3	A
3	3	2	92	3	G
4	8	4	44	44	K
5	6	38	12	44	Y
6	5	82	5	8	C
7	86	4	4	6	A
XX
DE	T02425
0	75	4	7	14	a
1	75	3	16	6	a
2	65	5	27	3	A
3	3	2	92	3	G
4	8	4	44	44	K
5	6	38	12	44	Y
6	5	82	5	8	C
7	86	4	4	6	A
XX
DE	T02427
0	4	0	6	90	T
1	0	7	84	9	G
2	45	2	47	6	R
3	50	38	6	6	M
4	4	90	3	3	C
5	0	33	5	62	T
6	9	16	3	72	T
7	16	10	6	68	T
8	8	0	92	0	g
9	31	23	23	23	n
10	0	77	15	8	c
11	0	77	0	23	c
XX
DE	T05285
0	8	0	8	84	T
1	0	8	92	0	G
2	69	0	23	8	A
3	31	53	8	8	M
4	8	92	0	0	C
5	0	23	0	77	T
6	8	8	0	84	T
7	15	0	0	85	T
8	8	0	92	0	G
9	31	23	23	23	N
10	0	77	15	8	C
11	0	77	0	23	C
12	17	42	8	33	N
XX
DE	T05174
0	29	0	71	0	G
1	14	0	86	0	G
2	14	0	86	0	G
3	0	0	0	100	T
4	0	29	29	42	N
5	86	0	0	14	A
6	86	14	0	0	A
7	0	0	0	100	T
8	43	0	57	0	R
9	86	0	0	14	A
10	0	100	0	0	C
11	0	100	0	0	C
12	0	43	0	57	Y
XX
DE	T05175
0	29	0	71	0	G
1	14	0	86	0	G
2	14	0	86	0	G
3	0	0	0	100	T
4	0	29	29	42	N
5	86	0	0	14	A
6	86	14	0	0	A
7	0	0	0	100	T
8	43	0	57	0	R
9	86	0	0	14	A
10	0	100	0	0	C
11	0	100	0	0	C
12	0	43	0	57	Y
XX
DE	T02683
0	47	8	8	37	W
1	1	0	98	1	G
2	99	0	1	0	A
3	0	0	0	100	T
4	85	1	3	11	A
5	55	3	37	5	R
6	27	17	46	10	N
XX
DE	T02685
0	47	8	8	37	W
1	1	0	98	1	G
2	99	0	1	0	A
3	0	0	0	100	T
4	85	1	3	11	A
5	55	3	37	5	R
6	27	17	46	10	N
XX
DE	T02712
0	47	8	8	37	W
1	1	0	98	1	G
2	99	0	1	0	A
3	0	0	0	100	T
4	85	1	3	11	A
5	55	3	37	5	R
6	27	17	46	10	N
XX
DE	T02713
0	47	8	8	37	W
1	1	0	98	1	G
2	99	0	1	0	A
3	0	0	0	100	T
4	85	1	3	11	A
5	55	3	37	5	R
6	27	17	46	10	N
XX
DE	T10284
0	16	7	58	19	N
1	11	2	87	0	G
2	0	1	98	1	G
3	0	0	100	0	G
4	17	68	2	13	C
5	3	3	91	3	G
6	0	1	90	9	G
7	17	7	71	5	G
8	13	13	66	8	G
9	13	51	17	19	N
XX
DE	T02356
0	17	5	56	22	N
1	13	1	86	0	G
2	1	0	98	1	G
3	0	1	98	1	G
4	22	60	3	15	C
5	4	5	85	6	G
6	1	0	89	10	G
7	17	9	69	5	G
8	13	11	67	9	G
XX
DE	T00262
0	23	41	21	15	N
1	74	8	18	0	A
2	3	0	92	5	G
3	0	0	100	0	G
4	3	0	8	89	T
5	3	89	8	0	C
6	94	3	0	3	A
7	15	43	21	21	N
8	18	28	41	13	N
9	18	28	44	10	N
10	10	28	8	54	Y
XX
DE	T00263
0	23	41	21	15	N
1	74	8	18	0	A
2	3	0	92	5	G
3	0	0	100	0	G
4	3	0	8	89	T
5	3	89	8	0	C
6	94	3	0	3	A
7	15	43	21	21	N
8	18	28	41	13	N
9	18	28	44	10	N
10	10	28	8	54	Y
XX
DE	T04651
0	23	41	21	15	N
1	74	8	18	0	A
2	3	0	92	5	G
3	0	0	100	0	G
4	3	0	8	89	T
5	3	89	8	0	C
6	94	3	0	3	A
7	15	43	21	21	N
8	18	28	41	13	N
9	18	28	44	10	N
10	10	28	8	54	Y
XX
DE	T04649
0	23	41	21	15	N
1	74	8	18	0	A
2	3	0	92	5	G
3	0	0	100	0	G
4	3	0	8	89	T
5	3	89	8	0	C
6	94	3	0	3	A
7	15	43	21	21	N
8	18	28	41	13	N
9	18	28	44	10	N
10	10	28	8	54	Y
XX
DE	T04685
0	20	10	50	20	N
1	55	10	5	30	W
2	35	10	30	25	N
3	60	0	20	20	A
4	0	0	100	0	G
5	55	0	35	10	R
6	100	0	0	0	A
7	0	95	5	0	C
8	95	0	0	5	A
9	15	25	30	30	N
XX
DE	T05075
0	20	10	50	20	N
1	55	10	5	30	W
2	35	10	30	25	N
3	60	0	20	20	A
4	0	0	100	0	G
5	55	0	35	10	R
6	100	0	0	0	A
7	0	95	5	0	C
8	95	0	0	5	A
9	15	25	30	30	N
XX
DE	T04680
0	20	10	50	20	N
1	55	10	5	30	W
2	35	10	30	25	N
3	60	0	20	20	A
4	0	0	100	0	G
5	55	0	35	10	R
6	100	0	0	0	A
7	0	95	5	0	C
8	95	0	0	5	A
9	15	25	30	30	N
XX
DE	T01661
0	20	10	50	20	N
1	55	10	5	30	W
2	35	10	30	25	N
3	60	0	20	20	A
4	0	0	100	0	G
5	55	0	35	10	R
6	100	0	0	0	A
7	0	95	5	0	C
8	95	0	0	5	A
9	15	25	30	30	N
XX
DE	T00696
0	20	10	50	20	N
1	55	10	5	30	W
2	35	10	30	25	N
3	60	0	20	20	A
4	0	0	100	0	G
5	55	0	35	10	R
6	100	0	0	0	A
7	0	95	5	0	C
8	95	0	0	5	A
9	15	25	30	30	N
XX
DE	T00697
0	20	10	50	20	N
1	55	10	5	30	W
2	35	10	30	25	N
3	60	0	20	20	A
4	0	0	100	0	G
5	55	0	35	10	R
6	100	0	0	0	A
7	0	95	5	0	C
8	95	0	0	5	A
9	15	25	30	30	N
XX
DE	T01660
0	20	10	50	20	N
1	55	10	5	30	W
2	35	10	30	25	N
3	60	0	20	20	A
4	0	0	100	0	G
5	55	0	35	10	R
6	100	0	0	0	A
7	0	95	5	0	C
8	95	0	0	5	A
9	15	25	30	30	N
XX
DE	T00698
0	20	10	50	20	N
1	55	10	5	30	W
2	35	10	30	25	N
3	60	0	20	20	A
4	0	0	100	0	G
5	55	0	35	10	R
6	100	0	0	0	A
7	0	95	5	0	C
8	95	0	0	5	A
9	15	25	30	30	N
XX
DE	T00719
0	4	20	11	65	T
1	11	10	75	4	G
2	46	12	7	35	W
3	19	76	2	3	C
4	3	94	0	3	C
5	0	8	18	74	T
6	7	33	27	33	N
7	11	32	16	41	n
8	58	21	5	16	n
9	5	42	37	16	n
10	5	5	5	85	t
11	37	0	58	5	r
12	79	11	5	5	a
13	16	73	11	0	c
14	5	85	5	5	c
15	5	58	5	32	y
XX
DE	T01326
0	33	45	3	19	N
1	17	38	28	17	N
2	8	14	11	67	T
3	6	19	72	3	G
4	36	8	3	53	W
5	6	91	3	0	C
6	0	100	0	0	C
7	0	11	3	86	T
8	3	28	28	41	N
XX
DE	T08793
0	4	20	11	65	T
1	11	10	75	4	G
2	46	12	7	35	W
3	19	76	2	3	C
4	3	94	0	3	C
5	0	8	18	74	T
6	7	33	27	33	N
7	11	32	16	41	n
8	58	21	5	16	n
9	5	42	37	16	n
10	5	5	5	85	t
11	37	0	58	5	r
12	79	11	5	5	a
13	16	73	11	0	c
14	5	85	5	5	c
15	5	58	5	32	y
XX
DE	T08867
0	4	20	11	65	T
1	11	10	75	4	G
2	46	12	7	35	W
3	19	76	2	3	C
4	3	94	0	3	C
5	0	8	18	74	T
6	7	33	27	33	N
7	11	32	16	41	n
8	58	21	5	16	n
9	5	42	37	16	n
10	5	5	5	85	t
11	37	0	58	5	r
12	79	11	5	5	a
13	16	73	11	0	c
14	5	85	5	5	c
15	5	58	5	32	y
XX
DE	T01366
0	33	45	3	19	N
1	17	38	28	17	N
2	8	14	11	67	T
3	6	19	72	3	G
4	36	8	3	53	W
5	6	91	3	0	C
6	0	100	0	0	C
7	0	11	3	86	T
8	3	28	28	41	N
XX
DE	T01333
0	33	45	3	19	N
1	17	38	28	17	N
2	8	14	11	67	T
3	6	19	72	3	G
4	36	8	3	53	W
5	6	91	3	0	C
6	0	100	0	0	C
7	0	11	3	86	T
8	3	28	28	41	N
XX
DE	T04807
0	33	45	3	19	N
1	17	38	28	17	N
2	8	14	11	67	T
3	6	19	72	3	G
4	36	8	3	53	W
5	6	91	3	0	C
6	0	100	0	0	C
7	0	11	3	86	T
8	3	28	28	41	N
XX
DE	T01152
0	33	45	3	19	N
1	17	38	28	17	N
2	8	14	11	67	T
3	6	19	72	3	G
4	36	8	3	53	W
5	6	91	3	0	C
6	0	100	0	0	C
7	0	11	3	86	T
8	3	28	28	41	N
XX
DE	T01342
0	33	45	3	19	N
1	17	38	28	17	N
2	8	14	11	67	T
3	6	19	72	3	G
4	36	8	3	53	W
5	6	91	3	0	C
6	0	100	0	0	C
7	0	11	3	86	T
8	3	28	28	41	N
XX
DE	T01153
0	33	45	3	19	N
1	17	38	28	17	N
2	8	14	11	67	T
3	6	19	72	3	G
4	36	8	3	53	W
5	6	91	3	0	C
6	0	100	0	0	C
7	0	11	3	86	T
8	3	28	28	41	N
XX
DE	T01173
0	33	45	3	19	N
1	17	38	28	17	N
2	8	14	11	67	T
3	6	19	72	3	G
4	36	8	3	53	W
5	6	91	3	0	C
6	0	100	0	0	C
7	0	11	3	86	T
8	3	28	28	41	N
XX
DE	T00851
0	33	45	3	19	N
1	17	38	28	17	N
2	8	14	11	67	T
3	6	19	72	3	G
4	36	8	3	53	W
5	6	91	3	0	C
6	0	100	0	0	C
7	0	11	3	86	T
8	3	28	28	41	N
XX
DE	T00853
0	33	45	3	19	N
1	17	38	28	17	N
2	8	14	11	67	T
3	6	19	72	3	G
4	36	8	3	53	W
5	6	91	3	0	C
6	0	100	0	0	C
7	0	11	3	86	T
8	3	28	28	41	N
XX
DE	T01350
0	33	45	3	19	N
1	17	38	28	17	N
2	8	14	11	67	T
3	6	19	72	3	G
4	36	8	3	53	W
5	6	91	3	0	C
6	0	100	0	0	C
7	0	11	3	86	T
8	3	28	28	41	N
XX
DE	T05309
0	43	0	33	24	N
1	36	0	61	3	G
2	21	0	79	0	G
3	3	0	94	3	G
4	0	3	3	94	T
5	0	45	3	52	Y
6	85	12	0	3	A
7	37	15	30	18	N
8	15	9	24	52	N
9	46	18	36	0	R
10	49	6	24	21	N
11	43	42	9	6	M
XX
DE	T04618
0	32	2	63	3	G
1	13	2	83	2	G
2	1	4	72	23	G
3	2	5	12	81	T
4	4	55	11	30	Y
5	89	6	2	3	A
6	22	22	39	17	N
7	20	9	27	44	N
8	50	14	32	4	R
9	44	15	30	11	N
10	36	25	37	2	N
11	3	0	67	30	g
XX
DE	T04617
0	32	2	63	3	G
1	13	2	83	2	G
2	1	4	72	23	G
3	2	5	12	81	T
4	4	55	11	30	Y
5	89	6	2	3	A
6	22	22	39	17	N
7	20	9	27	44	N
8	50	14	32	4	R
9	44	15	30	11	N
10	36	25	37	2	N
11	3	0	67	30	g
XX
DE	T04619
0	32	2	63	3	G
1	13	2	83	2	G
2	1	4	72	23	G
3	2	5	12	81	T
4	4	55	11	30	Y
5	89	6	2	3	A
6	22	22	39	17	N
7	20	9	27	44	N
8	50	14	32	4	R
9	44	15	30	11	N
10	36	25	37	2	N
11	3	0	67	30	g
XX
DE	T05539
0	4	52	22	22	N
1	4	62	17	17	C
2	9	82	0	9	C
3	9	0	87	4	G
4	0	100	0	0	C
5	0	100	0	0	C
6	0	91	0	9	C
7	30	66	0	4	C
8	0	100	0	0	C
9	26	9	52	13	N
10	13	70	4	13	C
11	17	53	13	17	N
12	13	57	17	13	N
13	13	70	13	4	C
XX
DE	T05990
0	34	3	9	54	w
1	25	6	22	47	n
2	32	25	2	41	N
3	61	15	19	5	A
4	47	21	15	17	N
5	0	94	3	3	C
6	3	94	3	0	C
7	70	3	11	16	A
8	66	5	8	21	A
9	17	17	12	54	N
10	64	12	7	17	A
11	13	12	10	65	T
12	73	2	6	19	A
13	72	2	5	21	A
14	0	100	0	0	C
15	0	100	0	0	C
16	71	8	8	13	A
17	54	17	16	13	N
18	13	5	18	64	T
19	22	4	7	67	T
20	67	16	3	14	A
21	70	16	3	11	A
22	20	8	8	64	T
23	77	0	10	13	A
24	76	2	8	14	A
25	0	58	21	21	n
26	0	73	27	0	c
XX
DE	T06012
0	17	12	10	61	T
1	18	8	11	63	T
2	32	10	9	49	W
3	6	0	3	91	T
4	0	100	0	0	C
5	0	100	0	0	C
6	15	49	0	36	Y
XX
DE	T06043
0	26	26	5	43	N
1	11	52	16	21	N
2	100	0	0	0	A
3	0	0	100	0	G
4	100	0	0	0	A
5	0	0	0	100	T
6	0	100	0	0	C
7	0	21	0	79	T
8	73	0	16	11	A
9	21	27	26	26	N
XX
DE	T03994
0	0	19	0	81	T
1	0	0	0	100	T
2	0	6	0	94	T
3	0	0	87	13	G
4	0	6	6	88	T
5	0	94	0	6	C
6	0	31	56	13	S
7	0	38	0	62	T
8	25	13	0	62	T
9	31	13	0	56	W
10	19	6	0	75	T
XX
DE	T06356
0	0	91	0	9	C
1	0	100	0	0	C
2	82	9	9	0	A
3	100	0	0	0	A
4	0	0	96	4	G
5	44	30	9	17	N
6	72	23	0	5	A
7	66	24	0	10	A
XX
DE	T02761
0	4	34	27	35	N
1	12	38	23	27	N
2	23	35	23	19	N
3	15	35	27	23	N
4	19	38	31	12	N
5	4	4	4	88	T
6	4	0	96	0	G
7	70	15	15	0	A
8	19	69	0	12	C
9	0	100	0	0	C
10	0	35	0	65	T
11	0	27	8	65	T
12	12	4	12	72	T
13	23	23	54	0	N
14	23	42	27	8	N
15	35	45	8	12	M
16	12	72	12	4	C
17	19	27	23	31	N
18	8	49	8	35	Y
19	8	19	27	46	N
20	15	15	51	19	N
21	31	57	4	8	M
22	15	39	15	31	N
XX
DE	T06153
0	4	34	27	35	N
1	12	38	23	27	N
2	23	35	23	19	N
3	15	35	27	23	N
4	19	38	31	12	N
5	4	4	4	88	T
6	4	0	96	0	G
7	70	15	15	0	A
8	19	69	0	12	C
9	0	100	0	0	C
10	0	35	0	65	T
11	0	27	8	65	T
12	12	4	12	72	T
13	23	23	54	0	N
14	23	42	27	8	N
15	35	45	8	12	M
16	12	72	12	4	C
17	19	27	23	31	N
18	8	49	8	35	Y
19	8	19	27	46	N
20	15	15	51	19	N
21	31	57	4	8	M
22	15	39	15	31	N
XX
DE	T06155
0	4	34	27	35	N
1	12	38	23	27	N
2	23	35	23	19	N
3	15	35	27	23	N
4	19	38	31	12	N
5	4	4	4	88	T
6	4	0	96	0	G
7	70	15	15	0	A
8	19	69	0	12	C
9	0	100	0	0	C
10	0	35	0	65	T
11	0	27	8	65	T
12	12	4	12	72	T
13	23	23	54	0	N
14	23	42	27	8	N
15	35	45	8	12	M
16	12	72	12	4	C
17	19	27	23	31	N
18	8	49	8	35	Y
19	8	19	27	46	N
20	15	15	51	19	N
21	31	57	4	8	M
22	15	39	15	31	N
XX
DE	T06156
0	4	34	27	35	N
1	12	38	23	27	N
2	23	35	23	19	N
3	15	35	27	23	N
4	19	38	31	12	N
5	4	4	4	88	T
6	4	0	96	0	G
7	70	15	15	0	A
8	19	69	0	12	C
9	0	100	0	0	C
10	0	35	0	65	T
11	0	27	8	65	T
12	12	4	12	72	T
13	23	23	54	0	N
14	23	42	27	8	N
15	35	45	8	12	M
16	12	72	12	4	C
17	19	27	23	31	N
18	8	49	8	35	Y
19	8	19	27	46	N
20	15	15	51	19	N
21	31	57	4	8	M
22	15	39	15	31	N
XX
DE	T09429
0	4	34	27	35	N
1	12	38	23	27	N
2	23	35	23	19	N
3	15	35	27	23	N
4	19	38	31	12	N
5	4	4	4	88	T
6	4	0	96	0	G
7	70	15	15	0	A
8	19	69	0	12	C
9	0	100	0	0	C
10	0	35	0	65	T
11	0	27	8	65	T
12	12	4	12	72	T
13	23	23	54	0	N
14	23	42	27	8	N
15	35	45	8	12	M
16	12	72	12	4	C
17	19	27	23	31	N
18	8	49	8	35	Y
19	8	19	27	46	N
20	15	15	51	19	N
21	31	57	4	8	M
22	15	39	15	31	N
XX
DE	T00330
0	27	33	7	33	N
1	0	34	33	33	N
2	0	7	0	93	T
3	0	0	80	20	G
4	0	0	100	0	G
5	0	0	100	0	G
6	13	0	7	80	T
7	0	0	93	7	G
8	0	0	87	13	G
9	7	7	7	79	T
10	0	80	13	7	C
11	7	46	27	20	N
XX
DE	T06385
0	27	33	7	33	N
1	0	34	33	33	N
2	0	7	0	93	T
3	0	0	80	20	G
4	0	0	100	0	G
5	0	0	100	0	G
6	13	0	7	80	T
7	0	0	93	7	G
8	0	0	87	13	G
9	7	7	7	79	T
10	0	80	13	7	C
11	7	46	27	20	N
XX
DE	T06386
0	27	33	7	33	N
1	0	34	33	33	N
2	0	7	0	93	T
3	0	0	80	20	G
4	0	0	100	0	G
5	0	0	100	0	G
6	13	0	7	80	T
7	0	0	93	7	G
8	0	0	87	13	G
9	7	7	7	79	T
10	0	80	13	7	C
11	7	46	27	20	N
XX
DE	T04961
0	27	33	7	33	N
