DE	AAH36092
0	64	3	26	7	A
1	17	62	6	15	C
2	0	100	0	0	C
3	94	3	3	0	A
4	0	97	0	3	C
5	6	0	94	0	G
6	0	0	0	100	T
7	0	0	97	3	G
8	20	31	35	14	N
9	5	19	5	71	t
XX
DE	At1g22640
0	0	0	0	100	T
1	100	0	0	0	A
2	100	0	0	0	A
3	0	100	0	0	C
4	0	0	0	100	T
5	100	0	0	0	A
6	100	0	0	0	A
7	0	100	0	0	C
XX
DE	At2g46830
0	0	0	0	100	T
1	100	0	0	0	A
2	0	0	100	0	G
3	100	0	0	0	A
4	0	0	0	100	T
5	0	0	0	100	T
6	0	0	50	50	K
7	0	0	0	100	T
8	0	0	0	100	T
9	0	0	0	100	T
XX
DE	At2g47190
0	0	100	0	0	C
1	0	0	0	100	T
2	100	0	0	0	A
3	100	0	0	0	A
4	0	100	0	0	C
5	0	100	0	0	C
6	100	0	0	0	A
XX
DE	At3g09230
0	50	50	0	0	M
1	0	0	0	100	T
2	0	100	0	0	C
3	0	100	0	0	C
4	50	0	0	50	W
5	100	0	0	0	A
6	0	100	0	0	C
7	0	100	0	0	C
XX
DE	Espl
0	0	25	0	75	T
1	0	0	75	25	G
2	0	0	0	100	T
3	0	0	100	0	G
4	25	50	25	0	N
5	0	100	0	0	C
6	25	25	25	25	N
7	0	50	25	25	N
8	0	25	75	0	G
9	0	0	0	100	T
10	0	0	100	0	G
11	0	75	25	0	C
XX
DE	Med
0	74	13	13	0	a
1	13	38	13	36	n
2	25	13	25	37	n
3	0	38	49	13	s
4	19	48	26	7	N
5	32	68	0	0	C
6	62	25	0	13	A
7	0	0	100	0	G
8	37	31	13	19	N
9	0	93	7	0	C
10	31	7	62	0	G
11	25	62	13	0	c
XX
DE	O18381
0	0	67	0	33	C
1	0	67	0	33	C
2	0	100	0	0	C
3	67	33	0	0	A
4	0	100	0	0	C
5	0	0	0	100	T
6	0	100	0	0	C
7	100	0	0	0	A
8	0	67	0	33	C
9	0	0	33	67	T
10	0	34	33	33	N
11	0	0	100	0	G
12	0	0	67	33	G
13	0	67	33	0	C
14	67	0	0	33	A
15	34	33	33	0	N
16	100	0	0	0	A
17	67	33	0	0	A
XX
DE	P07272
0	0	100	0	0	C
1	0	0	100	0	G
2	0	0	100	0	G
3	25	25	25	25	N
4	25	25	25	25	N
5	25	25	25	25	N
6	25	25	25	25	N
7	25	25	25	25	N
8	25	25	25	25	N
9	0	100	0	0	C
10	0	100	0	0	C
11	0	0	100	0	G
XX
DE	P29617
0	0	100	0	0	C
1	80	0	0	20	A
2	7	33	0	60	T
3	13	27	40	20	N
4	27	13	27	33	N
5	7	93	0	0	C
6	0	20	0	80	T
XX
DE	P39572
0	62	13	0	25	a
1	25	0	13	62	t
2	30	6	17	47	N
3	59	11	30	0	R
4	42	47	0	11	M
5	12	24	64	0	G
6	0	17	18	65	T
7	63	37	0	0	A
8	100	0	0	0	A
9	18	13	6	63	T
10	93	7	0	0	A
11	75	0	0	25	A
12	22	0	0	78	t
XX
DE	P42950
0	0	100	0	0	C
1	0	100	0	0	C
2	0	0	100	0	G
3	25	25	25	25	N
4	25	25	25	25	N
5	25	25	25	25	N
6	25	25	25	25	N
7	25	25	25	25	N
8	25	25	25	25	N
9	25	25	25	25	N
10	25	25	25	25	N
11	13	61	13	13	C
12	0	100	0	0	C
13	0	50	50	0	S
14	0	0	100	0	g
XX
DE	P51023
0	63	6	6	25	A
1	6	75	13	6	C
2	13	75	6	6	C
3	6	0	88	6	G
4	6	0	94	0	G
5	100	0	0	0	A
6	87	0	0	13	A
7	44	0	50	6	R
XX
DE	P52168
0	100	0	0	0	A
1	20	20	20	40	N
2	34	25	8	33	N
3	20	13	34	33	N
4	20	13	27	40	N
5	11	34	33	22	N
6	26	32	0	42	N
7	0	0	100	0	G
8	100	0	0	0	A
9	0	0	0	100	T
10	100	0	0	0	A
11	70	10	10	10	A
12	0	21	63	16	G
13	13	31	50	6	S
14	33	7	40	20	N
15	23	23	31	23	N
16	25	25	33	17	N
17	8	25	25	42	N
XX
DE	P52172
0	3	41	9	47	y
1	9	56	35	0	s
2	0	26	13	61	T
3	0	0	0	100	T
4	87	13	0	0	A
5	13	0	0	87	T
6	0	87	13	0	C
7	19	0	71	10	G
8	26	37	32	5	N
9	0	25	0	75	t
10	50	0	0	50	w
11	0	0	100	0	g
12	75	25	0	0	a
13	0	25	25	50	n
XX
DE	P55965
0	50	0	50	0	r
1	50	0	0	50	w
2	50	0	0	50	w
3	25	25	25	25	n
4	11	0	0	89	T
5	24	34	13	29	N
6	31	0	63	6	G
7	0	100	0	0	C
8	94	0	6	0	A
9	6	94	0	0	C
10	17	36	0	47	Y
11	6	0	0	94	T
XX
DE	P82280
0	0	100	0	0	C
1	100	0	0	0	A
2	0	100	0	0	C
3	0	100	0	0	C
4	0	0	0	100	T
5	0	0	100	0	G
XX
DE	P98149
0	9	0	88	3	G
1	0	0	100	0	G
2	0	0	100	0	G
3	0	0	100	0	G
4	100	0	0	0	A
5	56	0	0	44	W
6	0	3	0	97	T
7	0	100	0	0	C
8	16	84	0	0	C
9	3	94	0	3	C
10	16	50	9	25	N
XX
DE	Q05958
0	0	0	0	100	T
1	0	100	0	0	C
2	0	0	100	0	G
3	0	0	0	100	T
4	100	0	0	0	A
5	0	0	0	100	T
6	100	0	0	0	A
XX
DE	Q06149
0	0	0	0	100	T
1	0	100	0	0	C
2	0	100	0	0	C
3	0	0	100	0	G
4	34	33	0	33	N
5	0	0	100	0	G
6	0	0	100	0	G
7	100	0	0	0	A
XX
DE	Q12151
0	0	100	0	0	c
1	0	0	0	100	T
2	75	0	25	0	A
3	50	0	0	50	W
4	100	0	0	0	A
5	0	100	0	0	C
6	0	0	100	0	G
7	100	0	0	0	A
XX
DE	Q12172
0	50	0	0	50	W
1	0	100	0	0	C
2	0	100	0	0	C
3	0	0	100	0	G
4	0	50	0	50	Y
5	0	0	50	50	K
6	0	0	50	50	K
7	50	0	0	50	W
8	50	0	0	50	W
XX
DE	Q24248
0	0	0	0	100	T
1	0	0	0	100	T
2	50	0	50	0	R
3	100	0	0	0	A
4	0	0	0	100	T
5	0	0	0	100	T
XX
DE	Q24533
0	25	0	25	50	N
1	75	0	0	25	A
2	0	75	0	25	C
3	100	0	0	0	A
4	75	25	0	0	A
5	25	0	0	75	T
XX
DE	Q39204
0	0	100	0	0	C
1	100	0	0	0	A
2	0	100	0	0	C
3	100	0	0	0	A
4	0	0	0	100	T
5	0	0	100	0	G
XX
DE	Q94527
0	6	13	71	10	G
1	0	0	100	0	G
2	0	0	100	0	G
3	0	0	100	0	G
4	100	0	0	0	A
5	55	10	3	32	W
6	6	20	16	58	N
7	3	81	0	16	C
8	48	52	0	0	M
9	0	94	0	6	C
10	19	39	23	19	N
XX
DE	Q95RW8
0	0	100	0	0	C
1	20	80	0	0	C
2	40	40	20	0	M
3	20	80	0	0	C
4	0	0	0	100	T
5	0	100	0	0	C
6	100	0	0	0	A
7	0	60	0	40	C
8	0	20	20	60	T
9	0	60	40	0	C
10	60	0	40	0	A
11	0	20	20	60	T
XX
DE	Q9FJA2
0	100	0	0	0	A
1	50	0	50	0	R
2	0	50	0	50	Y
3	0	25	25	50	N
4	100	0	0	0	A
5	0	0	100	0	G
6	0	0	0	100	T
7	0	0	0	100	T
8	100	0	0	0	A
XX
DE	Q9LV52
0	100	0	0	0	A
1	0	0	100	0	G
2	100	0	0	0	A
3	100	0	0	0	A
4	25	25	25	25	N
5	25	25	25	25	N
6	0	0	0	100	T
7	0	0	0	100	T
8	0	100	0	0	C
9	0	0	0	100	T
XX
DE	Q9LZM8
0	67	0	0	33	A
1	0	67	0	33	C
2	0	0	0	100	T
3	100	0	0	0	A
4	100	0	0	0	A
5	0	0	0	100	T
6	0	0	0	100	T
7	0	0	0	100	T
XX
DE	Q9SZP1
0	100	0	0	0	A
1	50	50	0	0	M
2	0	100	0	0	C
3	50	0	0	50	W
4	100	0	0	0	A
5	50	50	0	0	M
6	0	100	0	0	C
XX
DE	Q9U1H0
0	0	0	0	100	T
1	0	50	0	50	Y
2	0	100	0	0	C
3	50	0	50	0	R
4	0	0	50	50	K
5	0	0	100	0	G
6	0	0	100	0	G
7	0	0	100	0	G
8	0	100	0	0	C
9	0	0	100	0	G
10	0	0	0	100	T
11	0	0	0	100	T
12	50	0	50	0	R
13	0	100	0	0	C
XX
DE	Q9W0K7
0	27	0	9	64	t
1	66	19	5	10	A
2	83	0	0	17	A
3	30	25	0	45	N
4	66	6	0	28	A
5	68	0	0	32	A
6	20	9	0	71	T
7	63	0	0	37	A
8	78	0	0	22	A
9	10	5	5	80	T
10	46	6	17	31	N
11	0	0	67	33	g
XX
DE	T00179
0	0	100	0	0	C
1	100	0	0	0	A
2	0	0	100	0	G
3	0	100	0	0	C
4	65	5	25	5	A
5	65	5	25	5	A
6	86	0	7	7	A
7	100	0	0	0	A
8	66	0	27	7	A
9	75	0	25	0	a
10	33	0	67	0	g
XX
DE	T00349
0	0	14	36	50	k
1	7	36	36	21	n
2	0	4	0	96	T
3	20	20	33	27	N
4	93	0	7	0	A
5	0	0	0	100	T
6	0	0	0	100	T
7	0	0	100	0	G
8	0	0	100	0	G
9	15	15	0	70	T
10	0	36	35	29	n
11	7	21	65	7	g
12	50	0	43	7	r
XX
DE	T00383
0	0	0	0	100	T
1	0	0	0	100	T
2	0	100	0	0	C
3	0	60	20	20	C
4	60	40	0	0	A
5	0	0	100	0	G
6	60	20	20	0	A
7	40	0	60	0	G
8	0	0	100	0	G
9	0	40	0	60	T
10	0	0	0	100	T
11	0	0	0	100	T
12	0	100	0	0	C
XX
DE	T00665
0	13	7	13	67	T
1	22	32	25	21	N
2	76	14	2	8	A
3	6	2	0	92	T
4	7	5	1	87	T
5	13	2	2	83	T
6	10	3	73	14	G
7	3	95	0	2	C
8	93	0	5	2	A
9	1	1	1	97	T
10	56	4	22	18	N
XX
DE	T00772
0	80	10	0	10	a
1	0	0	0	100	T
2	0	0	100	0	G
3	100	0	0	0	A
4	100	0	0	0	A
5	100	0	0	0	A
6	8	92	0	0	C
7	62	25	0	13	a
XX
DE	T00956
0	9	26	39	26	N
1	13	26	13	48	N
2	48	8	44	0	R
3	42	27	12	19	N
4	15	33	22	30	N
5	100	0	0	0	A
6	3	88	3	6	C
7	88	0	0	12	A
8	100	0	0	0	A
9	18	0	3	79	T
10	3	6	85	6	G
11	0	3	0	97	T
12	45	10	19	26	N
13	27	10	27	36	N
14	0	52	22	26	N
15	27	19	23	31	N
16	19	27	23	31	N
XX
DE	T01128
0	0	100	0	0	C
1	97	2	0	1	A
2	5	63	17	15	C
3	8	73	16	3	C
4	0	0	0	100	T
5	0	1	98	1	G
6	21	28	17	34	N
7	3	59	9	29	Y
XX
DE	T01265
0	0	50	0	50	Y
1	0	0	100	0	G
2	75	25	0	0	A
3	0	0	100	0	G
4	0	100	0	0	C
5	100	0	0	0	A
6	100	0	0	0	A
7	100	0	0	0	A
8	50	0	0	50	w
9	50	0	0	50	w
10	50	0	0	50	w
XX
DE	T01289
0	60	20	0	20	A
1	0	0	0	100	T
2	0	0	100	0	G
3	100	0	0	0	A
4	100	0	0	0	A
5	100	0	0	0	A
6	0	100	0	0	C
XX
DE	T01526
0	64	20	13	3	a
1	71	3	13	13	a
2	13	8	0	79	t
3	10	0	13	77	T
4	0	0	0	100	T
5	10	69	18	3	C
6	95	0	5	0	A
7	0	100	0	0	C
8	100	0	0	0	A
9	0	100	0	0	C
10	0	100	0	0	C
11	0	0	0	100	T
12	94	0	3	3	A
13	5	20	70	5	G
14	5	5	85	5	g
15	0	5	0	95	t
16	0	0	100	0	g
17	8	18	0	74	t
18	0	48	47	5	s
19	92	0	5	3	a
20	18	39	30	13	n
21	28	0	35	37	n
XX
DE	T01614
0	100	0	0	0	A
1	0	0	0	100	T
2	0	0	100	0	G
3	100	0	0	0	A
4	0	50	0	50	Y
5	63	3	10	24	A
XX
DE	T01615
0	60	10	20	10	A
1	10	30	30	30	N
2	0	40	0	60	T
3	0	0	100	0	G
4	0	0	0	100	T
5	0	0	100	0	G
6	30	0	70	0	G
7	0	0	100	0	G
8	100	0	0	0	A
9	100	0	0	0	A
10	50	50	0	0	M
11	10	70	10	10	C
12	10	20	40	30	N
XX
DE	T01616
0	0	0	0	100	T
1	0	0	0	100	T
2	0	100	0	0	C
3	0	100	0	0	C
4	0	100	0	0	C
5	100	0	0	0	A
6	0	70	0	30	C
7	20	0	50	30	K
XX
DE	T01851
0	8	4	56	32	k
1	12	40	32	16	n
2	69	8	15	8	A
3	51	8	6	35	W
4	22	0	2	76	T
5	0	4	0	96	T
6	8	0	2	90	T
7	18	46	16	20	N
8	6	64	2	28	C
9	12	28	0	60	y
XX
DE	T01859
0	44	24	8	24	N
1	28	28	24	20	N
2	16	4	28	52	N
3	8	4	56	32	K
4	12	40	32	16	N
5	72	8	4	16	A
6	56	0	12	32	W
7	28	0	4	68	T
8	0	8	0	92	T
9	16	0	4	80	T
10	12	32	16	40	N
11	12	36	4	48	Y
12	12	28	0	60	T
13	20	16	36	28	N
14	40	8	20	32	N
XX
DE	T01980
0	8	4	56	32	k
1	12	40	32	16	n
2	69	8	15	8	A
3	51	8	6	35	W
4	22	0	2	76	T
5	0	4	0	96	T
6	8	0	2	90	T
7	18	46	16	20	N
8	6	64	2	28	C
9	12	28	0	60	y
XX
DE	T02111
0	11	10	17	62	T
1	80	0	7	13	A
2	5	3	5	87	T
3	100	0	0	0	A
4	100	0	0	0	A
5	84	4	7	5	A
6	6	6	13	75	t
XX
DE	T02302
0	87	2	9	2	A
1	0	0	0	100	T
2	6	0	92	2	G
3	0	98	2	0	C
4	2	0	88	10	G
5	0	0	100	0	G
6	2	0	98	0	G
7	0	31	5	64	T
XX
DE	T02307
0	29	57	0	14	M
1	43	29	14	14	N
2	14	28	29	29	N
3	43	0	43	14	R
4	0	100	0	0	C
5	0	100	0	0	C
6	14	86	0	0	C
7	14	0	72	14	G
8	0	100	0	0	C
9	100	0	0	0	A
10	0	0	14	86	T
11	29	0	29	42	N
XX
DE	T02308
0	29	57	0	14	M
1	43	29	14	14	N
2	14	28	29	29	N
3	43	0	43	14	R
4	0	100	0	0	C
5	0	100	0	0	C
6	14	86	0	0	C
7	14	0	72	14	G
8	0	100	0	0	C
9	100	0	0	0	A
10	0	0	14	86	T
11	29	0	29	42	N
XX
DE	T02636
0	0	0	0	100	T
1	0	0	100	0	G
2	0	0	100	0	G
3	0	100	0	0	C
4	0	100	0	0	C
5	0	0	100	0	G
6	100	0	0	0	A
7	0	100	0	0	C
XX
DE	T02637
0	19	67	6	8	c
1	20	0	0	80	T
2	0	0	100	0	G
3	2	2	19	77	T
4	3	7	8	82	T
5	2	0	96	2	G
XX
DE	T02639
0	0	94	0	6	C
1	88	3	6	3	A
2	0	100	0	0	C
3	66	3	31	0	A
4	26	15	44	15	N
5	47	3	3	47	W
6	0	6	3	91	T
7	15	70	0	15	C
8	0	100	0	0	C
9	0	97	0	3	C
10	30	4	57	9	R
11	95	0	0	5	A
12	14	0	45	41	K
13	9	0	91	0	G
XX
DE	T02649
0	0	0	100	0	G
1	0	100	0	0	C
2	0	100	0	0	C
3	0	0	100	0	G
4	0	100	0	0	C
5	0	100	0	0	C
XX
DE	T02652
0	0	0	0	100	T
1	0	0	0	100	T
2	0	100	0	0	C
3	100	0	0	0	A
4	100	0	0	0	A
5	0	0	100	0	G
6	0	0	100	0	G
7	0	0	100	0	G
8	0	0	100	0	G
9	0	0	100	0	G
10	0	100	0	0	C
11	100	0	0	0	A
12	0	0	0	100	T
13	0	0	100	0	G
14	0	0	0	100	T
15	100	0	0	0	A
16	0	0	0	100	T
17	0	100	0	0	C
18	0	0	0	100	T
19	0	0	0	100	T
20	0	0	100	0	G
21	100	0	0	0	A
22	100	0	0	0	A
XX
DE	T02654
0	6	79	3	12	C
1	0	3	94	3	G
2	3	79	18	0	C
3	0	91	6	3	C
4	3	0	97	0	G
5	9	85	6	0	C
6	0	97	3	0	C
XX
DE	T02692
0	55	3	5	37	W
1	100	0	0	0	A
2	100	0	0	0	A
3	100	0	0	0	A
4	0	0	100	0	G
XX
DE	T03480
0	100	0	0	0	A
1	0	100	0	0	C
2	0	0	100	0	G
3	0	100	0	0	C
4	0	0	100	0	G
5	0	0	0	100	T
XX
DE	T03481
0	22	0	78	0	g
1	0	0	58	42	K
2	0	93	0	7	C
3	0	22	0	78	T
4	0	12	88	0	G
5	0	0	100	0	G
6	0	71	29	0	C
7	0	100	0	0	c
XX
DE	T03513
0	0	0	100	0	G
1	25	25	25	25	N
2	0	100	0	0	C
3	50	0	50	0	R
4	0	100	0	0	C
5	100	0	0	0	A
6	100	0	0	0	A
7	100	0	0	0	A
8	50	0	0	50	W
XX
DE	T03590
0	100	0	0	0	A
1	0	0	100	0	G
2	100	0	0	0	A
3	100	0	0	0	A
4	25	25	25	25	N
5	0	0	0	100	T
6	0	0	0	100	T
7	0	100	0	0	C
8	0	100	0	0	C
XX
DE	T03600
0	0	100	0	0	C
1	0	0	100	0	G
2	0	0	100	0	G
3	42	25	8	25	N
4	0	44	11	45	Y
5	17	33	33	17	N
6	83	0	17	0	A
7	83	0	17	0	A
8	19	19	8	54	N
9	0	0	100	0	G
10	0	0	100	0	G
11	59	8	25	8	R
XX
DE	T03707
0	1	86	1	12	C
1	0	5	0	95	T
2	0	100	0	0	C
3	29	0	71	0	G
4	71	0	29	0	A
5	65	6	14	15	a
XX
DE	T03995
0	6	9	35	50	K
1	14	37	28	21	N
2	5	10	33	52	K
3	0	96	0	4	C
4	0	96	0	4	C
5	32	9	0	59	W
6	8	3	0	89	T
7	71	5	4	20	A
8	1	6	1	92	T
9	56	2	4	38	W
10	8	7	4	81	T
11	6	0	94	0	G
12	1	0	92	7	G
XX
DE	T03996
0	6	9	35	50	K
1	14	37	28	21	N
2	5	10	33	52	K
3	0	96	0	4	C
4	0	96	0	4	C
5	32	9	0	59	W
6	8	3	0	89	T
7	71	5	4	20	A
8	1	6	1	92	T
9	56	2	4	38	W
10	8	7	4	81	T
11	6	0	94	0	G
12	1	0	92	7	G
XX
DE	T03997
0	6	9	35	50	K
1	14	37	28	21	N
2	5	10	33	52	K
3	0	96	0	4	C
4	0	96	0	4	C
5	32	9	0	59	W
6	8	3	0	89	T
7	71	5	4	20	A
8	1	6	1	92	T
9	56	2	4	38	W
10	8	7	4	81	T
11	6	0	94	0	G
12	1	0	92	7	G
XX
DE	T04345
0	3	18	10	69	T
1	28	55	16	1	M
2	91	0	8	1	A
3	0	100	0	0	C
4	100	0	0	0	A
5	5	95	0	0	C
6	2	98	0	0	C
7	4	16	2	78	T
XX
DE	T04347
0	13	62	0	25	C
1	0	0	0	100	T
2	0	100	0	0	C
3	100	0	0	0	A
4	0	100	0	0	C
5	100	0	0	0	A
6	0	100	0	0	C
7	0	100	0	0	C
8	0	0	0	100	T
9	13	0	25	62	T
XX
DE	T04348
0	13	62	0	25	C
1	0	0	0	100	T
2	0	100	0	0	C
3	100	0	0	0	A
4	0	100	0	0	C
5	100	0	0	0	A
6	0	100	0	0	C
7	0	100	0	0	C
8	0	0	0	100	T
9	13	0	25	62	T
XX
DE	T04422
0	13	62	0	25	C
1	0	0	0	100	T
2	0	100	0	0	C
3	100	0	0	0	A
4	0	100	0	0	C
5	100	0	0	0	A
6	0	100	0	0	C
7	0	100	0	0	C
8	0	0	0	100	T
9	13	0	25	62	T
XX
DE	T04507
0	0	60	0	40	C
1	0	0	17	83	T
2	0	0	0	100	T
3	0	0	100	0	G
4	0	0	0	100	T
5	0	100	0	0	C
6	17	17	0	66	T
7	0	100	0	0	C
XX
DE	T04528
0	0	60	0	40	C
1	0	0	17	83	T
2	0	0	0	100	T
3	0	0	100	0	G
4	0	0	0	100	T
5	0	100	0	0	C
6	17	17	0	66	T
7	0	100	0	0	C
XX
DE	T04530
0	0	60	0	40	C
1	0	0	17	83	T
2	0	0	0	100	T
3	0	0	100	0	G
4	0	0	0	100	T
5	0	100	0	0	C
6	17	17	0	66	T
7	0	100	0	0	C
XX
DE	T04531
0	0	60	0	40	C
1	0	0	17	83	T
2	0	0	0	100	T
3	0	0	100	0	G
4	0	0	0	100	T
5	0	100	0	0	C
6	17	17	0	66	T
7	0	100	0	0	C
XX
DE	T04675
0	24	11	62	3	G
1	23	14	22	41	N
2	21	76	3	0	C
3	76	0	0	24	A
4	1	18	48	33	K
5	11	15	69	5	G
6	5	2	6	87	T
7	5	3	90	2	G
XX
DE	T04679
0	21	17	17	45	N
1	21	36	17	26	N
2	50	0	50	0	R
3	100	0	0	0	A
4	2	0	0	98	T
5	2	0	0	98	T
6	88	0	12	0	A
7	67	12	14	7	A
8	21	12	14	53	N
9	29	26	24	21	N
XX
DE	T04728
0	0	10	90	0	G
1	60	10	10	20	A
2	10	0	30	60	T
3	10	0	10	80	T
4	10	0	0	90	T
5	100	0	0	0	A
6	80	10	0	10	A
7	10	70	0	20	C
8	60	0	30	10	A
9	10	10	0	80	T
10	80	10	10	0	A
11	60	0	20	20	A
XX
DE	T04783
0	0	11	45	44	K
1	22	34	22	22	N
2	30	60	10	0	C
3	0	0	0	100	T
4	0	0	0	100	T
5	100	0	0	0	A
6	0	0	0	100	T
7	0	82	18	0	C
8	46	27	18	9	N
9	18	27	37	18	N
10	22	34	11	33	N
XX
DE	T05418
0	18	23	57	2	S
1	17	19	11	53	N
2	1	93	5	1	C
3	91	5	2	2	A
4	2	61	22	15	C
5	6	16	73	5	G
6	4	2	10	84	T
7	2	0	95	3	G
XX
DE	T05459
0	93	7	0	0	A
1	0	0	100	0	G
2	93	0	7	0	A
3	0	0	0	100	T
4	27	40	0	33	N
5	7	53	0	40	Y
6	0	0	60	40	G
7	20	40	27	13	N
XX
DE	T05553
0	24	40	24	12	N
1	22	39	28	11	N
2	28	33	28	11	N
3	0	45	10	45	Y
4	100	0	0	0	A
5	100	0	0	0	A
6	0	100	0	0	C
7	16	21	31	32	N
8	11	21	47	21	N
9	16	47	16	21	N
10	11	45	0	44	Y
XX
DE	T05743
0	8	10	79	3	g
1	1	98	0	1	C
2	50	0	50	0	R
3	0	71	29	0	C
4	0	73	1	26	C
5	4	3	93	0	G
6	0	96	4	0	C
7	8	76	6	10	C
8	6	60	21	13	C
9	6	64	10	20	c
XX
DE	T05885
0	12	35	3	50	Y
1	3	11	7	79	T
2	5	85	3	7	C
3	5	7	88	0	G
4	7	5	77	11	G
5	7	12	67	14	G
6	28	9	22	41	N
7	45	7	36	12	R
8	7	14	10	69	T
9	5	21	0	74	T
10	3	9	7	81	T
11	2	83	0	15	C
12	0	88	2	10	C
13	0	12	85	3	G
14	19	3	53	25	N
15	40	14	34	12	N
16	43	6	43	8	R
XX
DE	T06532
0	42	0	58	0	R
1	8	0	75	17	G
2	50	8	0	42	W
3	17	0	58	25	K
4	25	25	33	17	N
5	0	100	0	0	C
6	0	0	100	0	G
7	0	0	0	100	T
8	71	0	29	0	A
9	14	36	7	43	N
10	29	7	43	21	N
11	7	29	35	29	N
12	21	14	44	21	N
13	43	7	29	21	N
14	0	29	0	71	T
15	100	0	0	0	A
16	0	100	0	0	C
17	0	0	100	0	G
18	0	14	14	72	T
19	71	29	0	0	A
20	93	0	0	7	A
21	0	71	0	29	C
22	7	50	0	43	Y
XX
DE	T08289
0	34	23	31	12	N
1	0	0	100	0	G
2	89	4	7	0	A
3	74	4	7	15	A
4	15	22	26	37	N
5	29	26	30	15	N
6	30	7	7	56	W
7	15	0	8	77	T
8	0	100	0	0	C
9	7	15	45	33	N
XX
DE	T08525
0	20	40	20	20	N
1	14	21	29	36	N
2	29	14	57	0	R
3	43	7	43	7	R
4	7	93	0	0	C
5	0	100	0	0	C
6	0	7	0	93	T
7	0	0	0	100	T
8	0	0	100	0	G
9	35	29	36	0	N
10	76	8	8	8	A
11	17	49	17	17	N
XX
DE	T08786
0	0	60	0	40	C
1	0	0	17	83	T
2	0	0	0	100	T
3	0	0	100	0	G
4	0	0	0	100	T
5	0	100	0	0	C
6	17	17	0	66	T
7	0	100	0	0	C
XX
DE	T08787
0	0	60	0	40	C
1	0	0	17	83	T
2	0	0	0	100	T
3	0	0	100	0	G
4	0	0	0	100	T
5	0	100	0	0	C
6	17	17	0	66	T
7	0	100	0	0	C
XX
DE	T09196
0	34	23	31	12	N
1	0	0	100	0	G
2	89	4	7	0	A
3	74	4	7	15	A
4	15	22	26	37	N
5	29	26	30	15	N
6	30	7	7	56	W
7	15	0	8	77	T
8	0	100	0	0	C
9	7	15	45	33	N
XX
DE	T09441
0	18	0	39	43	k
1	0	5	0	95	T
2	3	0	0	97	T
3	0	98	0	2	C
4	5	88	0	7	C
5	0	98	0	2	C
6	100	0	0	0	A
7	2	80	0	18	C
8	19	2	62	17	G
XX
DE	T09519
0	8	8	8	76	T
1	21	8	58	13	N
2	62	0	28	10	A
3	5	95	0	0	C
4	0	100	0	0	C
5	3	0	0	97	T
6	0	5	0	95	T
7	3	18	74	5	G
8	39	11	32	18	N
XX
DE	T10059
0	29	57	0	14	M
1	43	29	14	14	N
2	14	28	29	29	N
3	43	0	43	14	R
4	0	100	0	0	C
5	0	100	0	0	C
6	14	86	0	0	C
7	14	0	72	14	G
8	0	100	0	0	C
9	100	0	0	0	A
10	0	0	14	86	T
11	29	0	29	42	N
XX
DE	T10234
0	7	21	2	70	T
1	2	21	69	8	G
2	97	2	1	0	A
3	2	2	5	91	T
4	0	0	0	100	T
5	0	1	98	1	G
6	0	0	100	0	G
7	2	46	2	50	Y
8	6	27	9	58	Y
9	59	14	20	7	N
XX
DE	T10285
0	8	8	8	76	T
1	21	8	58	13	N
2	62	0	28	10	A
3	5	95	0	0	C
4	0	100	0	0	C
5	3	0	0	97	T
6	0	5	0	95	T
7	3	18	74	5	G
8	39	11	32	18	N
XX
DE	T10363
0	20	40	20	20	N
1	14	21	29	36	N
2	29	14	57	0	R
3	43	7	43	7	R
4	7	93	0	0	C
5	0	100	0	0	C
6	0	7	0	93	T
7	0	0	0	100	T
8	0	0	100	0	G
9	35	29	36	0	N
10	76	8	8	8	A
11	17	49	17	17	N
XX
DE	T10672
0	8	4	56	32	k
1	12	40	32	16	n
2	69	8	15	8	A
3	51	8	6	35	W
4	22	0	2	76	T
5	0	4	0	96	T
6	8	0	2	90	T
7	18	46	16	20	N
8	6	64	2	28	C
9	12	28	0	60	y
XX
DE	T10712
0	9	27	0	64	T
1	9	0	23	68	T
2	0	0	100	0	G
3	46	36	0	18	M
4	27	0	5	68	T
5	100	0	0	0	A
6	0	100	0	0	C
7	95	0	0	5	A
8	41	0	0	59	W
9	0	0	0	100	T
10	0	0	95	5	G
11	0	5	0	95	T
12	27	0	5	68	T
13	5	0	54	41	K
14	9	64	9	18	C
XX
DE	T10723
0	41	13	28	18	N
1	49	3	18	30	W
2	38	3	10	49	W
3	5	3	0	92	T
4	3	10	10	77	T
5	3	0	97	0	G
6	50	5	0	45	W
7	3	0	0	97	T
8	97	0	3	0	A
9	0	100	0	0	C
10	92	0	0	8	A
11	35	0	0	65	T
12	15	3	5	77	T
13	13	10	35	42	N
14	15	18	8	59	T
XX
DE	T10725
0	13	3	0	84	T
1	10	3	20	67	T
2	0	0	97	3	G
3	17	20	0	63	T
4	23	13	7	57	N
5	66	0	17	17	A
6	0	77	10	13	C
7	77	10	3	10	A
8	37	0	23	40	N
9	0	13	3	84	T
10	7	0	50	43	K
11	10	13	7	70	T
12	13	7	27	53	N
13	7	3	63	27	G
XX
DE	T10727
0	74	5	13	8	A
1	69	13	0	18	A
2	20	0	0	80	T
3	0	0	97	3	G
4	3	0	0	97	T
5	64	0	8	28	A
6	39	0	33	28	N
7	0	95	5	0	C
8	79	0	18	3	A
9	71	3	18	8	A
10	35	10	10	45	N
11	23	3	18	56	N
12	20	15	5	60	T
XX
DE	T10754
0	35	24	0	41	N
1	0	100	0	0	C
2	0	0	100	0	G
3	0	0	0	100	T
4	28	24	17	31	N
5	19	15	17	49	N
6	54	10	19	17	N
7	23	15	20	42	N
8	63	18	12	7	A
9	52	0	48	0	R
10	8	18	2	72	T
11	0	0	98	2	G
12	98	2	0	0	A
13	0	37	0	63	T
14	36	19	26	19	N
15	29	17	0	54	w
XX
DE	bin
0	0	20	0	80	t
1	0	100	0	0	c
2	0	20	40	40	n
3	0	40	0	60	y
4	0	0	0	100	T
5	50	0	50	0	R
6	0	0	10	90	T
7	10	0	0	90	T
8	10	0	0	90	T
9	100	0	0	0	A
10	0	50	0	50	y
XX
DE	d-mtTFA
0	0	0	0	100	T
1	0	0	0	100	T
2	100	0	0	0	A
3	0	0	0	100	T
4	0	82	18	0	C
XX
DE	eyg
0	15	15	42	28	N
1	42	29	26	3	N
2	33	7	45	15	N
3	8	11	21	60	T
4	45	5	43	7	R
5	23	30	18	29	N
6	0	12	5	83	T
7	0	87	3	10	C
8	100	0	0	0	A
9	2	98	0	0	C
10	0	0	0	100	T
11	1	26	73	0	G
12	73	3	24	0	A
13	20	18	42	20	N
14	14	15	16	55	N
15	38	27	30	5	N
16	21	37	15	27	N
17	23	4	43	30	N
18	16	37	18	29	N
XX
DE	ind
0	9	9	9	73	T
1	0	18	0	82	T
2	0	46	36	18	S
3	73	9	9	9	A
4	100	0	0	0	A
5	0	9	0	91	T
6	46	0	36	18	R
7	100	0	0	0	A
8	100	0	0	0	A
XX
DE	mirr
0	37	14	36	13	N
1	49	12	8	31	W
2	51	0	0	49	W
3	56	5	12	27	W
4	64	8	14	14	A
5	1	81	18	0	C
6	58	5	4	33	W
7	4	39	25	32	N
8	25	0	55	20	R
9	10	22	9	59	Y
10	13	30	57	0	S
11	14	8	17	61	T
12	31	17	18	34	N
13	43	34	13	10	N
14	51	14	12	23	N
XX
DE	tin
0	0	100	0	0	C
1	97	3	0	0	A
2	10	90	0	0	C
3	0	5	0	95	T
4	0	0	0	100	T
5	37	13	50	0	R
6	87	5	8	0	A
XX
