DE	0001
0	79	13	5	3	A
1	54	5	13	28	W
2	0	0	10	90	T
3	0	0	0	100	T
4	100	0	0	0	A
5	100	0	0	0	A
6	0	3	0	97	T
7	3	5	3	89	T
8	84	3	0	13	A
9	57	10	15	18	N
XX
DE	0002
0	16	3	2	79	T
1	91	2	5	2	A
2	98	0	2	0	A
3	0	0	0	100	T
4	0	0	0	100	T
5	100	0	0	0	A
6	73	12	15	0	A
7	26	7	3	64	T
8	3	5	13	79	t
XX
DE	0003
0	50	0	40	10	r
1	29	15	5	51	N
2	14	0	4	82	T
3	91	2	5	2	A
4	88	0	7	5	A
5	0	0	0	100	T
6	3	0	0	97	T
7	100	0	0	0	A
8	95	5	0	0	A
9	17	7	3	73	T
10	2	8	12	78	T
11	40	15	0	45	w
XX
DE	0004
0	50	0	40	10	r
1	29	15	5	51	N
2	14	0	4	82	T
3	91	2	5	2	A
4	88	0	7	5	A
5	0	0	0	100	T
6	3	0	0	97	T
7	100	0	0	0	A
8	95	5	0	0	A
9	17	7	3	73	T
10	2	8	12	78	T
11	40	15	0	45	w
XX
