DE	T00179|P15315|TransFac
0	17	0	50	33	K
1	0	89	0	11	C
2	61	0	0	39	A
3	0	11	0	89	T
4	0	0	0	100	T
5	0	0	0	100	T
6	0	55	14	31	Y
7	0	42	0	58	Y
8	0	0	72	28	G
9	0	100	0	0	C
10	0	0	0	100	T
11	22	0	78	0	G
XX
DE	T00211|P03211|TransFac
0	4	0	96	0	G
1	60	0	40	0	A
2	10	19	0	71	T
3	99	0	0	1	A
4	4	0	96	0	G
5	7	37	22	34	N
6	59	23	15	3	M
7	21	16	4	59	N
8	39	18	38	5	N
9	4	16	3	77	T
10	12	10	78	0	G
11	0	90	0	10	C
12	0	0	0	100	T
13	44	1	26	29	N
14	0	84	0	16	C
15	0	89	0	11	C
XX
DE	T00349|P06774|TransFac
0	7	43	0	50	Y
1	7	65	21	7	C
2	29	35	36	0	N
3	41	2	34	23	N
4	0	100	0	0	C
5	0	99	0	1	C
6	99	1	0	0	A
7	100	0	0	0	A
8	0	14	0	86	T
9	29	43	14	14	N
10	93	0	7	0	A
11	21	36	36	7	N
12	50	36	14	0	M
XX
DE	T00925|P41772|TransFac
0	22	0	0	78	T
1	0	100	0	0	C
2	100	0	0	0	A
3	0	0	100	0	G
4	0	100	0	0	C
5	22	22	22	34	N
6	67	0	22	11	A
7	78	0	0	22	A
XX
DE	T01246|Q02457|TransFac
0	2	6	6	86	T
1	98	0	2	0	A
2	0	1	99	0	G
3	0	0	100	0	G
4	0	0	95	5	G
5	3	33	3	61	T
6	12	5	3	80	T
XX
DE	T01265|P35192|TransFac
0	0	0	33	67	T
1	2	13	0	85	T
2	0	0	100	0	G
3	83	17	0	0	A
4	0	0	100	0	G
5	0	98	0	2	C
6	100	0	0	0	A
7	94	4	0	2	A
8	98	0	0	2	A
XX
DE	T01289|Q08400|TransFac
0	60	20	0	20	A
1	0	0	0	100	T
2	0	0	100	0	G
3	100	0	0	0	A
4	100	0	0	0	A
5	100	0	0	0	A
6	0	100	0	0	C
XX
DE	T01614|P34707|TransFac
0	24	10	3	63	T
1	50	0	50	0	R
2	0	0	0	100	T
3	0	100	0	0	C
4	100	0	0	0	A
5	0	0	0	100	T
XX
DE	T01615|P28159|TransFac
0	60	10	20	10	A
1	10	30	30	30	N
2	0	40	0	60	T
3	0	0	100	0	G
4	0	0	0	100	T
5	0	0	100	0	G
6	30	0	70	0	G
7	0	0	100	0	G
8	100	0	0	0	A
9	100	0	0	0	A
10	50	50	0	0	M
11	10	70	10	10	C
12	10	20	40	30	N
XX
DE	T01859|P52926|TransFac
0	74	13	10	3	A
1	72	5	2	21	A
2	12	0	1	87	T
3	12	2	15	71	T
4	34	3	9	54	W
XX
DE	T02302|Q27403|TransFac
0	36	28	28	8	N
1	33	15	26	26	N
2	62	9	29	0	A
3	0	98	0	2	C
4	0	100	0	0	C
5	10	88	0	2	C
6	0	2	98	0	G
7	2	92	0	6	C
8	100	0	0	0	A
9	2	9	2	87	T
10	43	26	17	14	N
11	24	24	10	42	N
12	26	16	21	37	N
XX
DE	T02637|Q9ZWM9|TransFac
0	12	62	4	22	C
1	41	19	0	40	W
2	0	0	100	0	G
3	3	4	56	37	K
4	7	10	11	72	T
5	7	18	70	5	G
XX
DE	T02639|Q38914|TransFac
0	43	0	57	0	R
1	0	90	0	10	C
2	78	2	18	2	A
3	0	100	0	0	C
4	54	2	44	0	R
5	19	13	49	19	N
6	40	2	2	56	W
7	0	3	2	95	T
8	13	79	0	8	C
9	0	100	0	0	C
10	0	98	0	2	C
11	32	2	61	5	G
12	97	0	0	3	A
13	18	0	50	32	K
14	5	0	95	0	G
15	0	42	29	29	N
XX
DE	T02653|Q40476|TransFac
0	0	0	100	0	G
1	0	0	86	14	G
2	0	100	0	0	C
3	0	0	100	0	G
4	0	0	100	0	G
5	0	86	0	14	C
6	14	0	14	72	T
7	0	42	29	29	N
XX
DE	T02654|Q40479|TransFac
0	6	79	3	12	C
1	0	3	94	3	G
2	3	79	18	0	C
3	0	91	6	3	C
4	3	0	97	0	G
5	9	85	6	0	C
6	0	97	3	0	C
XX
DE	T03426|Q02516|TransFac
0	15	21	23	41	N
1	5	44	49	2	S
2	2	33	55	10	S
3	18	25	47	10	N
4	39	31	9	21	N
5	3	14	29	54	K
6	2	69	15	14	C
7	0	16	0	84	T
8	12	29	42	17	N
9	100	0	0	0	A
10	0	0	0	100	T
11	0	0	6	94	T
12	9	0	91	0	G
13	9	12	73	6	G
14	0	38	0	62	T
XX
DE	T03480|P39678|TransFac
0	32	13	51	4	R
1	77	6	9	8	A
2	0	99	1	0	C
3	12	0	88	0	G
4	0	95	0	5	C
5	1	1	98	0	G
6	24	7	3	66	T
XX
DE	T03481|P38889|TransFac
0	2	25	19	54	N
1	8	16	75	1	G
2	3	3	93	1	G
3	1	93	3	3	C
4	1	83	8	8	C
5	62	22	13	3	A
XX
DE	T03496|P53050|TransFac
0	36	7	50	7	R
1	3	8	4	85	T
2	16	2	81	1	G
3	1	0	0	99	T
4	0	0	0	100	T
5	0	99	0	1	C
6	0	10	20	70	T
7	53	17	11	19	N
8	1	20	0	79	T
XX
DE	T03513|P38830|TransFac
0	15	10	63	12	G
1	24	8	18	50	N
2	2	24	2	72	T
3	4	1	0	95	T
4	1	2	1	96	T
5	2	1	0	97	T
6	1	1	96	2	G
7	1	5	1	93	T
8	3	0	96	1	G
9	3	4	49	44	K
10	12	67	2	19	C
XX
DE	T03541|P48743|TransFac
0	0	0	100	0	G
1	0	0	0	100	T
2	0	0	0	100	T
3	16	0	74	10	G
4	0	90	0	10	C
5	1	74	1	24	C
6	100	0	0	0	A
7	0	20	0	80	T
8	20	0	80	0	G
9	0	0	100	0	G
10	0	100	0	0	C
11	40	0	60	0	G
12	100	0	0	0	A
XX
DE	T03590|P20134|TransFac
0	23	4	13	60	T
1	4	22	13	61	T
2	12	81	5	2	C
3	1	2	1	96	T
4	2	1	2	95	T
5	1	96	1	2	C
6	1	23	26	50	N
7	58	11	18	13	N
8	12	12	3	73	T
XX
DE	T03600|P46954|TransFac
0	10	21	5	64	T
1	1	17	11	71	T
2	8	77	1	14	C
3	1	95	3	1	C
4	1	3	95	1	G
5	3	1	95	1	G
6	78	3	18	1	A
XX
DE	T03677|P38114|TransFac
0	25	9	62	4	G
1	5	85	5	5	C
2	0	1	98	1	G
3	0	1	98	1	G
4	71	9	8	12	A
5	6	6	6	82	T
6	2	95	2	1	C
7	2	94	2	2	C
8	4	3	86	7	G
XX
DE	T03707|P40489|TransFac
0	5	74	6	15	C
1	0	1	0	99	T
2	0	98	1	1	C
3	1	0	99	0	G
4	95	0	5	0	A
5	41	3	48	8	R
XX
DE	T04146|Q14527|TransFac
0	31	20	24	25	N
1	38	23	9	30	N
2	44	56	0	0	M
3	0	100	0	0	C
4	42	0	0	58	W
5	0	0	0	100	T
6	41	8	20	31	N
7	0	0	37	63	T
8	30	27	27	16	N
9	24	24	20	32	N
XX
DE	T04284|Q43326|TransFac
0	0	0	0	100	T
1	25	17	17	41	N
2	17	0	8	75	T
3	17	0	41	42	K
4	0	0	0	100	T
5	25	0	17	58	W
6	25	0	17	58	W
7	25	0	0	75	T
8	0	25	8	67	T
9	83	0	17	0	A
10	51	33	8	8	M
11	17	42	8	33	N
XX
DE	T04348|Q9PWE8|TransFac
0	13	62	0	25	C
1	0	0	0	100	T
2	0	100	0	0	C
3	100	0	0	0	A
4	0	100	0	0	C
5	100	0	0	0	A
6	0	100	0	0	C
7	0	100	0	0	C
8	0	0	0	100	T
9	13	0	25	62	T
XX
DE	T04613|Q12286|TransFac
0	2	17	2	79	T
1	0	100	0	0	C
2	0	1	99	0	G
3	0	0	100	0	G
4	98	0	2	0	A
5	0	29	71	0	G
6	2	1	0	97	T
7	4	1	1	94	T
XX
DE	T04637|O80341|TransFac
0	15	2	54	29	K
1	9	0	91	0	G
2	0	2	81	17	G
3	0	100	0	0	C
4	5	0	95	0	G
5	0	10	90	0	G
6	6	88	6	0	C
7	8	13	17	62	T
XX
DE	T04675|Q14865-1|TransFac
0	24	11	62	3	G
1	23	14	22	41	N
2	21	76	3	0	C
3	76	0	0	24	A
4	1	18	48	33	K
5	11	15	69	5	G
6	5	2	6	87	T
7	5	3	90	2	G
XX
DE	T04679|Q24573|TransFac
0	21	17	17	45	N
1	21	36	17	26	N
2	50	0	50	0	R
3	100	0	0	0	A
4	2	0	0	98	T
5	2	0	0	98	T
6	88	0	12	0	A
7	67	12	14	7	A
8	21	12	14	53	N
9	29	26	24	21	N
XX
DE	T04804|Q9ZWK1|TransFac
0	80	7	7	6	A
1	1	24	0	75	T
2	0	1	99	0	G
3	36	14	3	47	W
4	99	0	1	0	A
5	1	57	2	40	Y
6	6	70	15	9	C
7	3	9	5	83	T
XX
DE	T05553|Q9FR42|TransFac
0	24	40	24	12	N
1	22	39	28	11	N
2	28	33	28	11	N
3	0	45	10	45	Y
4	100	0	0	0	A
5	100	0	0	0	A
6	0	100	0	0	C
7	16	21	31	32	N
8	11	21	47	21	N
9	16	47	16	21	N
10	11	45	0	44	Y
XX
DE	T05606|Q6PQQ4|TransFac
0	6	3	85	6	G
1	0	0	94	6	G
2	1	1	98	0	G
3	0	97	1	2	C
4	0	0	100	0	G
5	0	98	1	1	C
6	1	92	7	0	C
7	99	0	0	1	A
8	23	31	28	18	N
9	1	18	1	80	T
XX
DE	T05743|Q8L7W9|TransFac
0	36	26	32	6	N
1	38	15	35	12	N
2	8	10	79	3	G
3	2	96	0	2	C
4	77	0	23	0	A
5	0	100	0	0	C
6	0	100	0	0	C
7	5	0	95	0	G
8	0	100	0	0	C
9	5	95	0	0	C
10	5	70	20	5	C
XX
DE	T06532|NA|TransFac
0	42	0	58	0	R
1	8	0	75	17	G
2	50	8	0	42	W
3	17	0	58	25	K
4	25	25	33	17	N
5	0	100	0	0	C
6	0	0	100	0	G
7	0	0	0	100	T
8	71	0	29	0	A
9	14	36	7	43	N
10	29	7	43	21	N
11	7	29	35	29	N
12	21	14	44	21	N
13	43	7	29	21	N
14	0	29	0	71	T
15	100	0	0	0	A
16	0	100	0	0	C
17	0	0	100	0	G
18	0	14	14	72	T
19	71	29	0	0	A
20	93	0	0	7	A
21	0	71	0	29	C
22	7	50	0	43	Y
XX
DE	T06533|NA|TransFac
0	14	23	49	14	N
1	9	23	68	0	G
2	0	0	100	0	G
3	64	9	9	18	A
4	100	0	0	0	A
5	0	0	0	100	T
6	100	0	0	0	A
7	0	0	0	100	T
8	18	36	32	14	N
9	5	95	0	0	C
10	5	40	32	23	N
XX
DE	T06607|Q8K585|TransFac
0	70	15	10	5	A
1	72	6	6	16	A
2	12	5	5	78	T
3	16	2	20	62	T
4	39	4	13	44	W
5	45	27	19	9	N
6	9	52	1	38	Y
XX
DE	T06739|Q9SFE4|TransFac
0	35	19	18	28	N
1	1	2	73	24	G
2	0	0	100	0	G
3	0	100	0	0	C
4	0	100	0	0	C
5	0	0	100	0	G
6	2	94	3	1	C
7	0	99	0	1	C
8	50	46	2	2	M
9	38	26	13	23	N
XX
DE	T06746|Q8W4I5|TransFac
0	32	22	18	28	N
1	1	15	32	52	K
2	0	0	100	0	G
3	0	100	0	0	C
4	0	100	0	0	C
5	0	0	100	0	G
6	0	100	0	0	C
7	0	96	1	3	C
8	9	89	1	1	C
9	72	13	2	13	A
XX
DE	T06838|Q8LC30|TransFac
0	36	19	18	27	N
1	1	1	4	94	T
2	0	0	100	0	G
3	0	100	0	0	C
4	0	100	0	0	C
5	0	0	100	0	G
6	2	41	56	1	S
7	0	88	0	12	C
8	0	88	11	1	C
9	18	58	22	2	S
XX
DE	T06857|Q9C6P5|TransFac
0	26	33	21	20	N
1	1	1	15	83	T
2	99	0	1	0	A
3	1	76	22	1	C
4	0	100	0	0	C
5	0	0	100	0	G
6	91	1	7	1	A
7	1	1	49	49	K
8	65	3	31	1	A
9	2	88	5	5	C
XX
DE	T06859|Q9C688|TransFac
0	25	32	21	22	N
1	1	1	15	83	T
2	99	0	1	0	A
3	0	89	10	1	C
4	0	100	0	0	C
5	0	0	100	0	G
6	50	19	30	1	R
7	2	0	2	96	T
8	35	0	65	0	G
9	0	0	2	98	T
XX
DE	T07228|Q8L9K1|TransFac
0	32	22	18	28	N
1	0	12	61	27	G
2	0	0	100	0	G
3	0	100	0	0	C
4	0	100	0	0	C
5	0	0	100	0	G
6	2	91	6	1	C
7	0	89	0	11	C
8	1	94	4	1	C
9	15	12	72	1	G
XX
DE	T07573|Q9SUK8|TransFac
0	33	22	18	27	N
1	1	18	2	79	T
2	0	0	100	0	G
3	0	100	0	0	C
4	0	100	0	0	C
5	0	0	100	0	G
6	0	100	0	0	C
7	0	1	0	99	T
8	1	56	41	2	S
9	37	37	22	4	N
XX
DE	T07658|Q9M080|TransFac
0	34	22	17	27	N
1	1	19	8	72	T
2	0	0	100	0	G
3	0	100	0	0	C
4	0	100	0	0	C
5	0	0	100	0	G
6	4	91	3	2	C
7	0	1	0	99	T
8	1	25	72	2	G
9	38	37	22	3	N
XX
DE	T07750|Q9LY05|TransFac
0	32	22	18	28	N
1	1	63	21	15	C
2	0	0	100	0	G
3	0	100	0	0	C
4	0	100	0	0	C
5	0	0	100	0	G
6	30	60	9	1	C
7	0	96	0	4	C
8	1	95	3	1	C
9	23	4	68	5	G
XX
DE	T07947|Q9FJ90|TransFac
0	23	34	23	20	N
1	0	1	0	99	T
2	28	26	45	1	N
3	1	88	7	4	C
4	0	100	0	0	C
5	0	0	100	0	G
6	0	99	1	0	C
7	0	95	0	5	C
8	1	7	92	0	G
9	31	11	51	7	R
XX
DE	T08178|Q9QY90|TransFac
0	6	22	3	69	T
1	2	0	5	93	T
2	0	0	96	4	G
3	1	1	98	0	G
4	8	84	3	5	C
5	48	12	17	23	N
6	25	38	21	16	N
7	12	24	41	23	N
8	17	27	33	23	N
9	38	14	22	26	N
10	11	18	51	20	N
11	8	68	6	18	C
12	13	64	10	13	C
XX
DE	T08180|O70185|TransFac
0	13	62	0	25	C
1	62	0	38	0	A
2	0	49	38	13	S
3	13	74	0	13	C
4	13	13	13	61	T
5	0	25	62	13	G
6	0	13	0	87	T
7	0	25	25	50	N
8	0	37	25	38	N
9	36	13	13	38	N
10	37	13	25	25	N
11	25	0	13	62	T
12	0	25	0	75	T
13	0	0	13	87	T
14	0	0	87	13	G
15	0	0	100	0	G
16	14	72	0	14	C
17	62	0	25	13	A
18	13	61	13	13	C
19	0	25	50	25	N
20	0	38	49	13	S
21	36	13	13	38	N
22	0	13	87	0	G
23	0	87	0	13	C
24	13	87	0	0	C
25	74	0	13	13	A
26	49	0	38	13	R
27	13	49	13	25	N
28	37	25	0	38	N
XX
DE	T08189|P70255-4|TransFac
0	12	9	8	71	T
1	9	6	76	9	G
2	13	4	78	5	G
3	13	68	12	7	C
4	45	17	10	28	N
5	20	38	29	13	N
6	20	44	24	12	N
7	25	16	36	23	N
8	23	18	11	48	N
9	4	2	88	6	G
10	0	98	1	1	C
11	5	95	0	0	C
12	95	4	0	1	A
13	82	0	13	5	A
XX
DE	T08415|NA|TransFac
0	18	12	13	57	N
1	35	33	24	8	N
2	0	100	0	0	C
3	0	0	100	0	G
4	0	67	0	33	C
5	0	0	100	0	G
6	0	1	4	95	T
7	11	5	27	57	K
8	9	10	30	51	K
9	13	11	30	46	N
10	9	10	40	41	K
11	0	5	0	95	T
12	14	5	44	37	K
13	0	96	0	4	C
14	1	0	96	3	G
XX
DE	T08661|P42736|TransFac
0	5	0	95	0	G
1	0	11	85	4	G
2	0	100	0	0	C
3	5	0	95	0	G
4	0	10	90	0	G
5	6	88	6	0	C
6	28	7	4	61	T
XX
DE	T08679|P23511|TransFac
0	7	21	2	70	T
1	2	21	69	8	G
2	97	2	1	0	A
3	2	2	5	91	T
4	0	0	0	100	T
5	0	1	98	1	G
6	0	0	100	0	G
7	2	46	2	50	Y
8	6	27	9	58	Y
9	59	14	20	7	N
XX
DE	T08786|Q94JM3|TransFac
0	0	0	100	0	G
1	49	0	11	40	W
2	0	0	100	0	G
3	100	0	0	0	A
4	0	100	0	0	C
5	100	0	0	0	A
XX
DE	T08787|Q8L7G0|TransFac
0	0	0	100	0	G
1	49	0	11	40	W
2	0	0	100	0	G
3	100	0	0	0	A
4	0	100	0	0	C
5	100	0	0	0	A
XX
DE	T08789|O80338|TransFac
0	15	1	55	29	K
1	6	0	94	0	G
2	0	2	82	16	G
3	0	100	0	0	C
4	5	0	95	0	G
5	0	10	90	0	G
6	6	88	6	0	C
7	10	9	19	62	T
XX
DE	T08823|NA|TransFac
0	20	27	7	46	N
1	13	27	20	40	N
2	13	0	0	87	T
3	0	0	0	100	T
4	0	0	0	100	T
5	0	73	27	0	C
6	0	67	33	0	C
7	0	100	0	0	C
8	0	0	100	0	G
9	0	67	33	0	C
10	0	53	27	20	N
XX
DE	T08846|Q9LDE4|TransFac
0	8	0	92	0	G
1	0	2	97	1	G
2	0	100	0	0	C
3	5	0	95	0	G
4	0	10	90	0	G
5	6	88	6	0	C
6	5	26	7	62	T
XX
DE	T08909|NA|TransFac
0	0	0	100	0	G
1	0	0	86	14	G
2	0	100	0	0	C
3	0	0	100	0	G
4	0	0	100	0	G
5	0	86	0	14	C
6	14	0	14	72	T
7	0	42	29	29	N
XX
DE	T09081|NA|TransFac
0	25	25	31	19	N
1	13	31	37	19	N
2	25	25	19	31	N
3	38	25	31	6	N
4	43	19	13	25	N
5	0	0	100	0	G
6	0	0	0	100	T
7	100	0	0	0	A
8	100	0	0	0	A
9	100	0	0	0	A
10	0	25	0	75	T
11	100	0	0	0	A
12	88	6	0	6	A
13	74	0	13	13	A
14	0	69	25	6	C
15	68	13	19	0	A
XX
DE	T09119|Q9PVZ3|TransFac
0	25	25	31	19	N
1	13	31	37	19	N
2	25	25	19	31	N
3	38	25	31	6	N
4	43	19	13	25	N
5	0	0	100	0	G
6	0	0	0	100	T
7	100	0	0	0	A
8	100	0	0	0	A
9	100	0	0	0	A
10	0	25	0	75	T
11	100	0	0	0	A
12	88	6	0	6	A
13	74	0	13	13	A
14	0	69	25	6	C
15	68	13	19	0	A
XX
DE	T09140|Q9SV15|TransFac
0	27	9	37	27	N
1	0	0	0	100	T
2	0	0	0	100	T
3	0	0	100	0	G
4	100	0	0	0	A
5	0	100	0	0	C
6	0	73	0	27	C
7	64	9	9	18	A
XX
DE	T09195|Q8RY95|TransFac
0	0	100	0	0	C
1	0	100	0	0	C
2	0	0	100	0	G
3	0	0	0	100	T
4	100	0	0	0	A
5	0	100	0	0	C
6	71	0	29	0	A
XX
DE	T09206|Q6X5Y6|TransFac
0	2	4	44	50	K
1	0	0	0	100	T
2	95	2	2	1	A
3	3	96	0	1	C
4	80	12	7	1	A
5	6	1	1	92	T
6	6	44	5	45	Y
7	1	95	1	3	C
8	2	9	1	88	T
XX
DE	T09301|NA|TransFac
0	38	8	0	54	W
1	71	4	16	9	A
2	84	7	7	2	A
3	66	2	24	8	A
4	11	45	0	44	Y
5	76	16	0	8	A
6	90	4	0	6	A
7	100	0	0	0	A
8	2	67	0	31	C
9	91	4	3	2	A
10	52	4	9	35	W
11	29	4	3	64	T
XX
DE	T09331|O82132|TransFac
0	40	0	60	0	G
1	0	100	0	0	C
2	0	100	0	0	C
3	0	0	100	0	G
4	33	61	6	0	C
5	0	99	0	1	C
XX
DE	T09400|Q8CFN5-4|TransFac
0	0	15	0	85	T
1	59	8	5	28	W
2	67	0	0	33	A
3	96	0	0	4	A
4	74	0	0	26	A
5	97	0	0	3	A
6	8	0	4	88	T
7	88	0	7	5	A
8	31	0	69	0	G
9	8	77	15	0	C
10	23	46	0	31	N
XX
DE	T09533|Q13950-3|TransFac
0	2	18	26	54	K
1	17	32	8	43	N
2	2	4	0	94	T
3	0	0	100	0	G
4	0	19	0	81	T
5	0	0	100	0	G
6	0	0	100	0	G
7	0	9	4	87	T
8	7	29	16	48	N
9	56	0	7	37	W
XX
DE	T09536|Q08775-6|TransFac
0	2	18	26	54	K
1	17	32	8	43	N
2	2	4	0	94	T
3	0	0	100	0	G
4	0	19	0	81	T
5	0	0	100	0	G
6	0	0	100	0	G
7	0	9	4	87	T
8	7	29	16	48	N
9	56	0	7	37	W
XX
DE	T09537|Q08775-9|TransFac
0	2	18	26	54	K
1	17	32	8	43	N
2	2	4	0	94	T
3	0	0	100	0	G
4	0	19	0	81	T
5	0	0	100	0	G
6	0	0	100	0	G
7	0	9	4	87	T
8	7	29	16	48	N
9	56	0	7	37	W
XX
DE	T09594|O80337|TransFac
0	15	1	55	29	K
1	6	0	94	0	G
2	0	2	83	15	G
3	0	100	0	0	C
4	5	0	95	0	G
5	0	10	90	0	G
6	6	88	6	0	C
7	9	9	20	62	T
XX
DE	T09890|Q60641-1|TransFac
0	3	5	62	30	G
1	11	12	3	74	T
2	0	35	9	56	Y
3	75	12	5	8	A
4	35	21	14	30	N
5	1	0	4	95	T
6	21	18	61	0	G
7	84	8	3	5	A
8	16	83	0	1	C
9	0	87	6	7	C
10	1	40	0	59	Y
11	12	17	0	71	T
XX
DE	T10059|Q99468|TransFac
0	29	57	0	14	M
1	43	29	14	14	N
2	14	28	29	29	N
3	43	0	43	14	R
4	0	100	0	0	C
5	0	100	0	0	C
6	14	86	0	0	C
7	14	0	72	14	G
8	0	100	0	0	C
9	100	0	0	0	A
10	0	0	14	86	T
11	29	0	29	42	N
XX
DE	T10094|Q9JL60|TransFac
0	69	7	18	6	A
1	2	94	2	2	C
2	2	2	94	2	G
3	6	18	7	69	T
4	32	42	10	16	N
XX
DE	T10376|P27889-2|TransFac
0	14	8	69	9	G
1	9	9	7	75	T
2	11	6	5	78	T
3	76	4	11	9	A
4	82	8	4	6	A
5	13	35	4	48	Y
6	19	18	11	52	N
7	79	4	5	12	A
8	17	6	30	47	N
9	9	17	9	65	T
XX
DE	T10606|Q39127|TransFac
0	24	3	70	3	G
1	0	94	6	0	C
2	0	97	0	3	C
3	0	0	100	0	G
4	20	76	4	0	C
5	0	80	0	20	C
XX
DE	T10714|Q9Y5R5|TransFac
0	6	38	28	28	N
1	77	0	17	6	A
2	50	0	17	33	W
3	67	0	0	33	A
4	22	0	11	67	T
5	6	0	11	83	T
6	6	0	94	0	G
7	55	17	0	28	W
8	6	0	0	94	T
9	94	6	0	0	A
10	0	100	0	0	C
11	94	0	0	6	A
12	28	0	0	72	T
13	0	0	0	100	T
14	0	11	61	28	G
15	33	0	0	67	T
XX
DE	T10721|NA|TransFac
0	6	38	28	28	N
1	77	0	17	6	A
2	50	0	17	33	W
3	67	0	0	33	A
4	22	0	11	67	T
5	6	0	11	83	T
6	6	0	94	0	G
7	55	17	0	28	W
8	6	0	0	94	T
9	94	6	0	0	A
10	0	100	0	0	C
11	94	0	0	6	A
12	28	0	0	72	T
13	0	0	0	100	T
14	0	11	61	28	G
15	33	0	0	67	T
XX
DE	T10723|Q80WT2|TransFac
0	41	13	28	18	N
1	49	3	18	30	W
2	38	3	10	49	W
3	5	3	0	92	T
4	3	10	10	77	T
5	3	0	97	0	G
6	50	5	0	45	W
7	3	0	0	97	T
8	97	0	3	0	A
9	0	100	0	0	C
10	92	0	0	8	A
11	35	0	0	65	T
12	15	3	5	77	T
13	13	10	35	42	N
14	15	18	8	59	T
XX
DE	T10725|Q8CGW9|TransFac
0	13	3	0	84	T
1	10	3	20	67	T
2	0	0	97	3	G
3	17	20	0	63	T
4	23	13	7	57	N
5	66	0	17	17	A
6	0	77	10	13	C
7	77	10	3	10	A
8	37	0	23	40	N
9	0	13	3	84	T
10	7	0	50	43	K
11	10	13	7	70	T
12	13	7	27	53	N
13	7	3	63	27	G
XX
DE	T10727|Q8CFG4|TransFac
0	74	5	13	8	A
1	69	13	0	18	A
2	20	0	0	80	T
3	0	0	97	3	G
4	3	0	0	97	T
5	64	0	8	28	A
6	39	0	33	28	N
7	0	95	5	0	C
8	79	0	18	3	A
9	71	3	18	8	A
10	35	10	10	45	N
11	23	3	18	56	N
12	20	15	5	60	T
XX
DE	T10731|A2A9A2|TransFac
0	29	4	24	43	N
1	35	8	14	43	N
2	6	12	6	76	T
3	10	12	6	72	T
4	0	0	100	0	G
5	18	8	0	74	T
6	29	0	4	67	T
7	90	0	2	8	A
8	0	96	4	0	C
9	55	4	0	41	W
10	14	0	55	31	K
11	10	0	2	88	T
12	14	0	43	43	K
13	6	0	27	67	T
14	18	64	4	14	C
XX
DE	T10754|P14164|TransFac
0	3	95	1	1	C
1	0	3	96	1	G
2	1	1	0	98	T
3	38	17	24	21	N
4	17	15	19	49	N
5	46	14	18	22	N
6	30	12	23	35	N
7	47	27	16	10	N
8	46	0	50	4	R
9	7	13	3	77	T
10	2	0	92	6	G
11	91	5	2	2	A
12	2	27	5	66	T
XX
DE	T10800|NA|TransFac
0	2	3	4	91	T
1	0	9	91	0	G
2	99	0	1	0	A
3	4	89	2	5	C
4	3	2	94	1	G
5	16	12	6	66	T
6	22	55	16	7	N
7	64	9	16	11	A
XX
DE	T10819|NA|TransFac
0	0	0	100	0	G
1	0	0	86	14	G
2	0	100	0	0	C
3	0	0	100	0	G
4	0	0	100	0	G
5	0	86	0	14	C
6	14	0	14	72	T
7	0	42	29	29	N
XX
DE	T10866|P13574|TransFac
0	6	23	7	64	T
1	0	0	100	0	G
2	0	0	0	100	T
3	0	3	0	97	T
4	0	2	0	98	T
5	0	95	0	5	C
6	96	0	4	0	A
XX
DE	T10990|P93024|TransFac
0	0	0	100	0	G
1	49	0	11	40	W
2	0	0	100	0	G
3	100	0	0	0	A
4	0	100	0	0	C
5	100	0	0	0	A
XX
DE	T10991|Q9FGV1|TransFac
0	0	0	100	0	G
1	49	0	11	40	W
2	0	0	100	0	G
3	100	0	0	0	A
4	0	100	0	0	C
5	100	0	0	0	A
XX
DE	T11035|P79820|TransFac
0	26	5	63	6	G
1	63	5	28	4	A
2	0	98	0	2	C
3	78	4	3	15	A
4	18	1	4	77	T
5	1	0	99	0	G
6	4	58	4	34	Y
7	5	79	3	13	C
8	6	62	6	26	C
9	28	9	52	11	N
10	16	6	74	4	G
11	42	5	48	5	R
12	0	96	1	3	C
13	63	5	4	28	A
14	15	4	3	78	T
15	2	2	95	1	G
16	2	37	1	60	T
17	4	63	3	30	C
18	7	45	7	41	Y
XX
DE	T11036|P25035|TransFac
0	26	5	63	6	G
1	63	5	28	4	A
2	0	98	0	2	C
3	78	4	3	15	A
4	18	1	4	77	T
5	1	0	99	0	G
6	4	58	4	34	Y
7	5	79	3	13	C
8	6	62	6	26	C
9	28	9	52	11	N
10	16	6	74	4	G
11	42	5	48	5	R
12	0	96	1	3	C
13	63	5	4	28	A
14	15	4	3	78	T
15	2	2	95	1	G
16	2	37	1	60	T
17	4	63	3	30	C
18	7	45	7	41	Y
XX
DE	T11048|Q9SAD4|TransFac
0	15	3	53	29	K
1	0	0	100	0	G
2	0	2	98	0	G
3	0	100	0	0	C
4	5	0	95	0	G
5	0	10	90	0	G
6	6	88	6	0	C
7	5	32	1	62	T
XX
DE	T11216|Q9Y458|TransFac
0	100	0	0	0	A
1	0	0	100	0	G
2	0	0	100	0	G
3	0	0	0	100	T
4	0	0	100	0	G
5	0	13	0	87	T
6	0	0	100	0	G
7	100	0	0	0	A
8	100	0	0	0	A
9	60	7	0	33	A
10	0	0	6	94	T
11	0	0	0	100	T
12	13	31	56	0	S
13	25	13	6	56	W
14	0	100	0	0	C
15	100	0	0	0	A
16	0	94	0	6	C
17	0	81	0	19	C
18	0	0	0	100	T
XX
DE	T11250|P20293|TransFac
0	38	41	8	13	M
1	13	8	38	41	K
2	37	35	0	28	N
3	13	30	39	18	N
4	3	5	0	92	T
5	5	47	48	0	S
6	74	0	18	8	A
7	0	100	0	0	C
8	95	0	5	0	A
9	5	85	5	5	C
10	5	70	20	5	C
11	3	3	0	94	T
12	100	0	0	0	A
13	0	0	100	0	G
14	0	0	100	0	G
15	0	0	0	100	T
16	0	0	100	0	G
17	0	5	0	95	T
18	3	18	69	10	G
19	100	0	0	0	A
20	77	13	0	10	A
21	79	0	8	13	A
22	13	13	3	71	T
23	3	13	20	64	T
XX
DE	T11256|O09102|TransFac
0	29	57	0	14	M
1	43	29	14	14	N
2	14	28	29	29	N
3	43	0	43	14	R
4	0	100	0	0	C
5	0	100	0	0	C
6	14	86	0	0	C
7	14	0	72	14	G
8	0	100	0	0	C
9	100	0	0	0	A
10	0	0	14	86	T
11	29	0	29	42	N
XX
DE	T11258|O09103|TransFac
0	84	9	6	1	A
1	1	1	0	98	T
2	26	2	72	0	G
3	8	64	19	9	C
4	1	0	91	8	G
5	0	0	99	1	G
6	0	0	99	1	G
XX
DE	T11332|Q9EPZ6|TransFac
0	74	0	26	0	A
1	0	0	100	0	G
2	0	0	100	0	G
3	0	0	0	100	T
4	0	0	100	0	G
5	0	0	0	100	T
6	0	0	100	0	G
7	100	0	0	0	A
8	100	0	0	0	A
9	100	0	0	0	A
10	29	0	0	71	T
11	0	0	0	100	T
12	11	63	26	0	C
13	11	0	63	26	G
14	0	100	0	0	C
15	100	0	0	0	A
16	0	100	0	0	C
17	0	100	0	0	C
18	0	0	0	100	T
XX
DE	T11467|NA|TransFac
0	38	43	13	6	M
1	0	100	0	0	C
2	0	0	0	100	T
3	0	0	0	100	T
4	0	0	0	100	T
5	38	6	13	43	W
XX
DE	T13800|Q61985-2|TransFac
0	7	11	9	73	T
1	9	9	78	4	G
2	11	72	4	13	C
3	15	4	11	70	T
4	10	8	72	10	G
5	67	11	4	18	A
6	4	7	83	6	G
7	1	1	7	91	T
8	0	93	6	1	C
9	100	0	0	0	A
XX
DE	T13934|P34161|TransFac
0	10	20	8	62	T
1	16	13	2	69	T
2	98	1	0	1	A
3	98	0	0	2	A
4	2	0	0	98	T
5	1	0	1	98	T
6	89	0	5	6	A
7	68	5	26	1	A
8	17	11	9	63	T
XX
DE	T13968|Q9LFQ9|TransFac
0	50	0	17	33	W
1	67	0	0	33	A
2	0	68	32	0	C
3	0	68	32	0	C
4	0	100	0	0	C
5	0	0	100	0	G
6	0	83	17	0	C
7	0	83	17	0	C
8	85	0	0	15	A
9	100	0	0	0	A
10	83	0	0	17	A
11	83	17	0	0	A
XX
DE	T13969|NA|TransFac
0	29	0	0	71	T
1	0	0	100	0	G
2	0	0	100	0	G
3	0	100	0	0	C
4	0	0	100	0	G
5	0	14	86	0	G
6	0	14	86	0	G
XX
DE	T13971|NA|TransFac
0	29	0	0	71	T
1	0	0	100	0	G
2	0	0	100	0	G
3	0	100	0	0	C
4	0	0	100	0	G
5	0	14	86	0	G
6	0	14	86	0	G
XX
DE	T14258|NA|TransFac
0	18	15	4	63	T
1	5	9	11	75	T
2	74	2	17	7	A
3	99	0	1	0	A
4	0	0	98	2	G
5	3	0	0	97	T
6	18	0	82	0	G
7	1	26	68	5	G
XX
DE	T14433|Q9FX53|TransFac
0	39	0	28	33	N
1	0	4	96	0	G
2	3	0	9	88	T
3	26	4	35	35	N
4	68	0	16	16	A
5	86	0	0	14	A
6	40	3	11	46	W
7	87	0	4	9	A
8	33	0	11	56	W
XX
DE	T14470|Q9ZTX8|TransFac
0	0	0	100	0	G
1	49	0	11	40	W
2	0	0	100	0	G
3	100	0	0	0	A
4	0	100	0	0	C
5	100	0	0	0	A
XX
DE	T14471|Q9ZTX9|TransFac
0	0	0	100	0	G
1	49	0	11	40	W
2	0	0	100	0	G
3	100	0	0	0	A
4	0	100	0	0	C
5	100	0	0	0	A
XX
DE	T14491|NA|TransFac
0	7	10	21	62	T
1	20	10	8	62	T
2	0	0	100	0	G
3	0	100	0	0	C
4	0	0	0	100	T
5	0	0	0	100	T
6	64	13	13	10	A
7	30	23	27	20	N
8	20	30	13	37	N
9	30	17	17	36	N
10	30	7	43	20	N
11	20	36	17	27	N
12	3	13	33	51	K
13	71	3	13	13	A
14	66	20	7	7	A
15	7	10	70	13	G
XX
DE	T14719|Q62431|TransFac
0	7	6	4	83	T
1	2	5	3	90	T
2	68	1	10	21	A
3	91	0	0	9	A
4	5	0	0	95	T
5	7	18	1	74	T
6	77	7	10	6	A
7	69	9	12	10	A
8	57	6	10	27	W
XX
DE	T14830|Q9Z1T5|TransFac
0	12	35	3	50	Y
1	3	11	7	79	T
2	5	85	3	7	C
3	5	7	88	0	G
4	7	5	77	11	G
5	7	12	67	14	G
6	28	9	22	41	N
7	45	7	36	12	R
8	7	14	10	69	T
9	5	21	0	74	T
10	3	9	7	81	T
11	2	83	0	15	C
12	0	88	2	10	C
13	0	12	85	3	G
14	19	3	53	25	N
15	40	14	34	12	N
16	43	6	43	8	R
XX
DE	T15349|Q8LDC8|TransFac
0	0	0	100	0	G
1	0	0	95	5	G
2	0	100	0	0	C
3	5	0	95	0	G
4	0	10	90	0	G
5	6	83	6	5	C
6	9	0	5	86	T
7	0	56	22	22	N
XX
DE	T15626|O77627|TransFac
0	0	0	0	100	T
1	1	0	96	3	G
2	100	0	0	0	A
3	4	76	13	7	C
4	15	10	12	63	T
5	18	56	6	20	N
6	67	19	6	8	A
XX
DE	T15787|Q9YGL7-1|TransFac
0	12	67	9	12	C
1	49	13	5	33	W
2	11	1	4	84	T
3	55	9	15	21	N
4	50	15	3	32	W
5	29	3	4	64	T
6	13	10	8	69	T
7	83	6	7	4	A
8	35	2	0	63	T
9	20	11	11	58	N
10	9	59	6	26	Y
11	74	16	3	7	A
XX
DE	T15934|NA|TransFac
0	9	27	0	64	T
1	9	0	23	68	T
2	0	0	100	0	G
3	46	36	0	18	M
4	27	0	5	68	T
5	100	0	0	0	A
6	0	100	0	0	C
7	95	0	0	5	A
8	41	0	0	59	W
9	0	0	0	100	T
10	0	0	95	5	G
11	0	5	0	95	T
12	27	0	5	68	T
13	5	0	54	41	K
14	9	64	9	18	C
XX
DE	T15951|Q24180|TransFac
0	5	0	0	95	T
1	9	79	9	3	C
2	5	0	92	3	G
3	3	5	67	25	G
4	10	34	32	24	N
XX
DE	T15980|Q04649|TransFac
0	6	9	3	82	T
1	9	0	3	88	T
2	8	3	2	87	T
3	98	0	1	1	A
4	4	17	3	76	T
5	22	4	37	37	N
6	46	4	42	8	R
XX
DE	T15994|P83758|TransFac
0	41	13	28	18	N
1	49	3	18	30	W
2	38	3	10	49	W
3	5	3	0	92	T
4	3	10	10	77	T
5	3	0	97	0	G
6	50	5	0	45	W
7	3	0	0	97	T
8	97	0	3	0	A
9	0	100	0	0	C
10	92	0	0	8	A
11	35	0	0	65	T
12	15	3	5	77	T
13	13	10	35	42	N
14	15	18	8	59	T
XX
DE	T16064|Q9FKG1|TransFac
0	34	22	17	27	N
1	0	2	80	18	G
2	0	0	100	0	G
3	0	100	0	0	C
4	0	100	0	0	C
5	0	0	100	0	G
6	9	87	3	1	C
7	0	94	0	6	C
8	16	60	22	2	C
9	35	7	49	9	R
XX
DE	T16093|O14978|TransFac
0	14	27	52	7	N
1	34	9	44	13	N
2	18	1	77	4	G
3	1	0	97	2	G
4	1	5	94	0	G
5	98	1	0	1	A
6	2	0	97	1	G
7	1	25	74	0	G
8	93	2	3	2	A
9	2	30	66	2	G
10	5	23	59	13	S
11	36	18	39	7	N
XX
DE	T16161|O70306|TransFac
0	100	0	0	0	A
1	0	0	100	0	G
2	0	0	100	0	G
3	0	0	0	100	T
4	0	0	100	0	G
5	0	0	0	100	T
6	0	22	78	0	G
7	100	0	0	0	A
8	87	0	0	13	A
9	13	0	13	74	T
10	13	0	0	87	T
11	0	0	0	100	T
12	22	69	9	0	C
13	94	0	6	0	A
14	0	100	0	0	C
15	100	0	0	0	A
16	0	100	0	0	C
17	0	91	9	0	C
18	0	6	0	94	T
19	0	17	0	83	T
20	50	50	0	0	M
21	100	0	0	0	A
22	0	100	0	0	C
23	100	0	0	0	A
24	0	100	0	0	C
25	0	100	0	0	C
26	0	0	0	100	T
XX
DE	T16622|O75603-1|TransFac
0	29	57	0	14	M
1	43	29	14	14	N
2	14	28	29	29	N
3	43	0	43	14	R
4	0	100	0	0	C
5	0	100	0	0	C
6	14	86	0	0	C
7	14	0	72	14	G
8	0	100	0	0	C
9	100	0	0	0	A
10	0	0	14	86	T
11	29	0	29	42	N
XX
DE	T16744|Q8K402|TransFac
0	100	0	0	0	A
1	0	0	100	0	G
2	0	0	100	0	G
3	0	0	0	100	T
4	0	0	100	0	G
5	0	13	0	87	T
6	0	0	100	0	G
7	100	0	0	0	A
8	100	0	0	0	A
9	60	7	0	33	A
10	0	0	6	94	T
11	0	0	0	100	T
12	13	31	56	0	S
13	25	13	6	56	W
14	0	100	0	0	C
15	100	0	0	0	A
16	0	94	0	6	C
17	0	81	0	19	C
18	0	0	0	100	T
XX
DE	T16751|Q6VUP9|TransFac
0	11	60	14	15	C
1	14	53	26	7	N
2	36	17	10	37	N
3	37	23	32	8	N
4	65	10	22	3	A
5	35	6	54	5	R
6	40	4	50	6	R
XX
DE	T16776|P40467|TransFac
0	3	80	1	16	C
1	1	94	4	1	C
2	1	5	93	1	G
3	3	4	91	2	G
4	57	13	24	6	R
5	52	4	3	41	W
6	22	65	7	6	C
7	23	22	7	48	N
8	25	65	6	4	C
9	17	6	51	26	N
10	6	28	43	23	N
11	4	84	7	5	C
12	2	87	10	1	C
13	1	8	89	2	G
14	7	2	86	5	G
XX
DE	T16791|P38140|TransFac
0	21	5	70	4	G
1	1	2	1	96	T
2	3	1	1	95	T
3	0	98	0	2	C
4	0	99	1	0	C
5	0	1	99	0	G
6	22	3	72	3	G
7	53	12	6	29	W
8	95	1	3	1	A
XX
DE	T16795|Q04411|TransFac
0	0	100	0	0	C
1	0	0	100	0	G
2	0	0	100	0	G
3	85	5	10	0	A
4	14	9	69	8	G
5	73	0	0	27	A
6	12	0	0	88	T
7	96	3	0	1	A
XX
DE	T16810|P35995|TransFac
0	12	17	11	60	T
1	29	4	8	59	W
2	77	6	6	11	A
3	21	4	5	70	T
4	3	44	4	49	Y
5	0	12	1	87	T
6	0	99	1	0	C
7	0	99	1	0	C
8	1	0	98	1	G
9	2	24	14	60	T
XX
DE	T16812|P42580-6|TransFac
0	26	16	29	29	N
1	19	16	23	42	N
2	12	25	35	28	N
3	20	49	18	13	N
4	47	7	40	6	R
5	11	47	7	35	Y
6	2	30	0	68	T
7	94	6	0	0	A
8	96	0	0	4	A
9	4	0	0	96	T
10	0	0	6	94	T
11	68	0	30	2	A
12	35	7	47	11	R
13	11	15	18	56	N
14	28	15	34	23	N
15	10	56	20	14	N
16	57	5	2	36	W
XX
DE	T16813|Q12244|TransFac
0	21	7	14	58	N
1	5	77	5	13	C
2	9	16	66	9	G
3	1	13	38	48	K
4	2	95	1	2	C
5	1	90	8	1	C
6	1	2	96	1	G
7	20	25	19	36	N
8	25	25	25	25	N
9	25	25	25	25	N
10	25	25	25	25	N
11	25	25	25	25	N
12	25	25	25	25	N
13	25	25	25	25	N
14	25	25	25	25	N
15	25	25	25	25	N
16	25	25	25	25	N
17	1	93	4	2	C
18	2	16	81	1	G
19	4	2	91	3	G
20	75	11	12	2	A
XX
DE	T16815|P40969|TransFac
0	5	3	2	90	T
1	5	8	3	84	T
2	1	98	1	0	C
3	0	86	14	0	C
4	1	1	97	1	G
5	97	1	2	0	A
6	44	7	45	4	R
XX
DE	T16836|Q12340|TransFac
0	24	59	10	7	M
1	13	43	25	19	N
2	14	16	48	22	N
3	26	30	12	32	N
4	16	39	21	24	N
5	12	13	17	58	N
6	24	12	2	62	T
7	72	5	6	17	A
8	8	3	3	86	T
9	17	16	8	59	N
10	3	10	3	84	T
11	3	94	1	2	C
12	3	91	2	4	C
13	5	6	85	4	G
XX
DE	T16845|Q3UY88|TransFac
0	5	9	3	83	T
1	3	0	0	97	T
2	2	0	98	0	G
3	99	0	1	0	A
4	0	0	2	98	T
5	0	0	1	99	T
6	25	0	75	0	G
7	22	9	67	2	G
8	16	11	67	6	G
9	5	16	2	77	T
10	13	47	5	35	Y
11	29	10	55	6	R
XX
DE	T16857|O54839|TransFac
0	7	40	3	50	Y
1	24	42	32	2	N
2	82	3	7	8	A
3	0	97	1	2	C
4	93	0	7	0	A
5	1	96	2	1	C
6	4	84	4	8	C
7	6	16	1	77	T
XX
DE	T16870|Q3URS2|TransFac
0	10	2	66	22	G
1	8	6	20	66	T
2	30	8	60	2	G
3	9	2	3	86	T
4	1	1	97	1	G
5	0	3	0	97	T
6	3	1	95	1	G
7	1	89	1	9	C
XX
DE	T16907|P53749|TransFac
0	67	2	2	29	A
1	15	2	0	83	T
2	9	82	1	8	C
3	1	1	1	97	T
4	0	100	0	0	C
5	0	98	2	0	C
6	0	0	100	0	G
7	75	10	10	5	A
XX
DE	T16935|P42950|TransFac
0	5	22	6	67	T
1	1	88	0	11	C
2	0	96	4	0	C
3	0	2	98	0	G
4	1	1	97	1	G
5	68	6	22	4	A
6	12	6	77	5	G
7	24	21	19	36	N
8	15	7	7	71	T
9	39	2	2	57	W
XX
DE	T16940|P34219|TransFac
0	2	19	65	14	G
1	5	89	2	4	C
2	1	0	99	0	G
3	99	1	0	0	A
4	1	0	0	99	T
5	0	0	100	0	G
6	65	19	15	1	A
7	2	29	66	3	G
8	10	49	33	8	S
9	20	10	5	65	T
XX
DE	T16943|P40059|TransFac
0	3	77	20	0	C
1	1	5	8	86	T
2	0	100	0	0	C
3	98	0	0	2	A
4	0	0	2	98	T
5	0	98	0	2	C
6	9	3	76	12	G
7	22	58	18	2	N
XX
DE	T16944|Q08904|TransFac
0	38	2	1	59	W
1	1	8	1	90	T
2	0	100	0	0	C
3	0	99	1	0	C
4	1	1	98	0	G
5	4	90	5	1	C
XX
DE	T16945|P25611|TransFac
0	0	1	19	80	T
1	1	94	1	4	C
2	1	8	91	0	G
3	0	1	99	0	G
4	0	91	9	0	C
5	0	94	5	1	C
6	0	6	94	0	G
7	54	26	17	3	M
XX
DE	T16946|P38781|TransFac
0	11	71	6	12	C
1	10	24	63	3	G
2	1	78	18	3	C
3	1	12	86	1	G
4	1	97	1	1	C
5	1	5	93	1	G
6	1	89	9	1	C
7	3	6	90	1	G
8	2	52	35	11	S
9	12	13	60	15	G
XX
DE	T17013|P53564-2|TransFac
0	86	4	6	4	A
1	7	5	1	87	T
2	3	62	5	30	C
3	5	8	82	5	G
4	79	2	18	1	A
5	1	1	2	96	T
XX
DE	T17346|D2EAC2|TransFac
0	11	47	25	17	N
1	47	10	38	5	R
2	35	0	63	2	G
3	1	2	97	0	G
4	0	99	1	0	C
5	3	0	0	97	T
6	1	80	17	2	C
7	5	3	72	20	G
8	2	88	8	2	C
9	13	57	4	26	Y
10	11	23	28	38	N
11	11	30	41	18	N
XX
DE	T17369|Q02710|TransFac
0	31	25	23	21	N
1	33	25	22	20	N
2	72	11	10	7	A
3	10	2	86	2	G
4	100	0	0	0	A
5	3	0	0	97	T
6	1	89	3	7	C
7	14	19	14	53	N
8	30	23	21	26	N
9	31	25	25	19	N
XX
DE	T17370|P38073|TransFac
0	14	53	14	19	N
1	0	0	100	0	G
2	0	0	100	0	G
3	100	0	0	0	A
4	76	0	0	24	A
5	47	24	10	19	N
6	100	0	0	0	A
7	83	1	1	15	A
XX
DE	T17373|Q06149|TransFac
0	39	15	38	8	N
1	0	100	0	0	C
2	0	0	100	0	G
3	0	0	100	0	G
4	100	0	0	0	A
5	8	8	84	0	G
6	100	0	0	0	A
XX
DE	T17375|P39961|TransFac
0	29	36	6	29	N
1	2	17	10	71	T
2	0	77	15	8	C
3	0	100	0	0	C
4	0	0	100	0	G
5	0	0	100	0	G
6	69	31	0	0	A
XX
DE	T17376|Q05854|TransFac
0	13	43	13	31	N
1	0	100	0	0	C
2	0	0	100	0	G
3	0	0	100	0	G
4	96	0	4	0	A
5	4	14	82	0	G
6	23	2	5	70	T
XX
DE	T17377|Q12139|TransFac
0	15	65	0	20	C
1	0	100	0	0	C
2	0	100	0	0	C
3	0	100	0	0	C
4	100	0	0	0	A
5	0	100	0	0	C
XX
DE	T17386|Q03347-5|TransFac
0	5	4	2	89	T
1	1	1	98	0	G
2	2	18	0	80	T
3	0	0	100	0	G
4	1	0	99	0	G
5	1	3	6	90	T
6	6	24	21	49	N
7	56	0	7	37	W
XX
DE	T17389|Q01196-8|TransFac
0	5	4	2	89	T
1	1	1	98	0	G
2	2	18	0	80	T
3	0	0	100	0	G
4	1	0	99	0	G
5	1	3	6	90	T
6	6	24	21	49	N
7	56	0	7	37	W
XX
DE	T17390|Q01196-7|TransFac
0	5	4	2	89	T
1	1	1	98	0	G
2	2	18	0	80	T
3	0	0	100	0	G
4	1	0	99	0	G
5	1	3	6	90	T
6	6	24	21	49	N
7	56	0	7	37	W
XX
DE	T17394|Q03347-3|TransFac
0	5	4	2	89	T
1	1	1	98	0	G
2	2	18	0	80	T
3	0	0	100	0	G
4	1	0	99	0	G
5	1	3	6	90	T
6	6	24	21	49	N
7	56	0	7	37	W
XX
DE	T17435|NA|TransFac
0	15	1	8	76	T
1	1	0	99	0	G
2	0	3	95	2	G
3	0	100	0	0	C
4	5	0	95	0	G
5	0	10	90	0	G
6	6	88	6	0	C
7	10	9	19	62	T
XX
DE	T17579|Q60611|TransFac
0	62	0	13	25	A
1	13	0	38	49	K
2	50	0	0	50	W
3	62	13	0	25	A
4	49	13	0	38	W
5	0	0	0	100	T
6	100	0	0	0	A
7	100	0	0	0	A
8	25	25	0	50	N
9	0	0	100	0	G
10	62	0	38	0	A
11	14	43	0	43	Y
12	57	43	0	0	M
13	14	43	14	29	N
14	50	0	0	50	W
15	50	0	0	50	W
XX
DE	T17708|Q7F2L3-1|TransFac
0	71	9	6	14	A
1	22	64	5	9	C
2	8	14	71	7	G
3	5	20	5	70	T
4	68	5	5	22	A
5	75	9	9	7	A
XX
DE	T17956|P81270-2|TransFac
0	13	55	28	4	S
1	52	39	6	3	M
2	1	0	99	0	G
3	0	0	100	0	G
4	99	0	0	1	A
5	76	1	1	22	A
6	27	5	65	3	G
XX
DE	T18330|O14802|TransFac
0	6	11	21	62	T
1	3	81	2	14	C
2	46	35	12	7	M
3	9	26	45	20	N
4	10	6	74	10	G
5	54	1	42	3	R
6	3	1	96	0	G
7	9	1	1	89	T
8	0	2	1	97	T
9	1	85	2	12	C
10	40	3	55	2	R
11	96	1	1	2	A
12	26	3	59	12	R
13	47	13	7	33	W
14	5	91	2	2	C
15	4	85	1	10	C
XX
DE	T18338|Q9FV71|TransFac
0	20	27	7	46	N
1	13	27	20	40	N
2	13	0	0	87	T
3	0	0	0	100	T
4	0	0	0	100	T
5	0	73	27	0	C
6	0	67	33	0	C
7	0	100	0	0	C
8	0	0	100	0	G
9	0	67	33	0	C
10	0	53	27	20	N
XX
DE	T18374|NA|TransFac
0	36	0	0	64	T
1	43	7	0	50	W
2	29	0	0	71	T
3	21	0	0	79	T
4	7	0	0	93	T
5	8	8	15	69	T
XX
DE	T18404|NA|TransFac
0	32	22	18	28	N
1	1	54	30	15	S
2	0	0	100	0	G
3	0	100	0	0	C
4	0	100	0	0	C
5	0	0	100	0	G
6	6	87	6	1	C
7	0	90	0	10	C
8	87	10	2	1	A
9	57	3	35	5	R
XX
DE	T18585|P24781|TransFac
0	38	41	8	13	M
1	13	8	38	41	K
2	37	35	0	28	N
3	13	30	39	18	N
4	3	5	0	92	T
5	5	47	48	0	S
6	74	0	18	8	A
7	0	100	0	0	C
8	95	0	5	0	A
9	5	85	5	5	C
10	5	70	20	5	C
11	3	3	0	94	T
12	100	0	0	0	A
13	0	0	100	0	G
14	0	0	100	0	G
15	0	0	0	100	T
16	0	0	100	0	G
17	0	5	0	95	T
18	3	18	69	10	G
19	100	0	0	0	A
20	77	13	0	10	A
21	79	0	8	13	A
22	13	13	3	71	T
23	3	13	20	64	T
XX
DE	T18599|P32243-2|TransFac
0	9	0	0	91	T
1	100	0	0	0	A
2	100	0	0	0	A
3	0	0	11	89	T
4	0	97	0	3	C
5	4	74	11	11	C
6	4	57	19	20	N
XX
DE	T18625|NA|TransFac
0	5	94	0	1	C
1	0	97	0	3	C
2	70	6	5	19	A
3	29	3	2	66	T
4	89	0	6	5	A
5	14	4	4	78	T
6	87	0	3	10	A
7	46	0	5	49	W
8	2	0	98	0	G
9	1	0	99	0	G
10	33	32	25	10	N
11	21	49	22	8	N
12	61	20	8	11	A
XX
DE	T18703|P39880-2|TransFac
0	86	4	6	4	A
1	7	5	1	87	T
2	3	62	5	30	C
3	5	8	82	5	G
4	79	2	18	1	A
5	1	1	2	96	T
XX
DE	T18705|P39880-5|TransFac
0	86	4	6	4	A
1	7	5	1	87	T
2	3	62	5	30	C
3	5	8	82	5	G
4	79	2	18	1	A
5	1	1	2	96	T
XX
DE	T18706|P39880-6|TransFac
0	86	4	6	4	A
1	7	5	1	87	T
2	3	62	5	30	C
3	5	8	82	5	G
4	79	2	18	1	A
5	1	1	2	96	T
XX
DE	T18759|Q9Z0E3-6|TransFac
0	34	3	9	54	W
1	25	6	22	47	N
2	32	25	2	41	N
3	61	15	19	5	A
4	47	21	15	17	N
5	0	94	3	3	C
6	3	94	3	0	C
7	70	3	11	16	A
8	66	5	8	21	A
9	17	17	12	54	N
10	64	12	7	17	A
11	13	12	10	65	T
12	73	2	6	19	A
13	72	2	5	21	A
14	0	100	0	0	C
15	0	100	0	0	C
16	71	8	8	13	A
17	54	17	16	13	N
18	13	5	18	64	T
19	22	4	7	67	T
20	67	16	3	14	A
21	70	16	3	11	A
22	20	8	8	64	T
23	77	0	10	13	A
24	76	2	8	14	A
25	0	58	21	21	N
26	0	73	27	0	C
XX
DE	T18830|Q6A068|TransFac
0	0	10	90	0	G
1	60	10	10	20	A
2	10	0	30	60	T
3	10	0	10	80	T
4	10	0	0	90	T
5	100	0	0	0	A
6	80	10	0	10	A
7	10	70	0	20	C
8	60	0	30	10	A
9	10	10	0	80	T
10	80	10	10	0	A
11	60	0	20	20	A
XX
DE	T18887|Q5VZB9|TransFac
0	74	5	13	8	A
1	69	13	0	18	A
2	20	0	0	80	T
3	0	0	97	3	G
4	3	0	0	97	T
5	64	0	8	28	A
6	39	0	33	28	N
7	0	95	5	0	C
8	79	0	18	3	A
9	71	3	18	8	A
10	35	10	10	45	N
11	23	3	18	56	N
12	20	15	5	60	T
XX
DE	T18908|Q92731-7|TransFac
0	23	41	21	15	N
1	74	8	18	0	A
2	3	0	92	5	G
3	0	0	100	0	G
4	3	0	8	89	T
5	3	89	8	0	C
6	94	3	0	3	A
7	15	43	21	21	N
8	18	28	41	13	N
9	18	28	44	10	N
10	10	28	8	54	Y
XX
DE	T18950|P04150-7|TransFac
0	62	12	6	20	A
1	7	68	8	17	C
2	55	25	8	12	M
3	45	22	16	17	N
4	28	12	13	47	N
5	26	31	30	13	N
6	7	0	1	92	T
7	0	1	98	1	G
8	3	2	0	95	T
9	8	29	10	53	Y
10	1	94	4	1	C
11	17	13	0	70	T
XX
DE	T19005|P17096-3|TransFac
0	46	9	2	43	W
1	34	5	11	50	W
2	11	5	3	81	T
3	3	4	2	91	T
4	23	30	11	36	N
5	6	62	8	24	C
XX
DE	T19095|P10242-6|TransFac
0	9	72	7	12	C
1	50	29	15	6	N
2	1	2	97	0	G
3	0	0	0	100	T
4	0	0	3	97	T
XX
DE	T19097|P10242-4|TransFac
0	9	72	7	12	C
1	50	29	15	6	N
2	1	2	97	0	G
3	0	0	0	100	T
4	0	0	3	97	T
XX
DE	T19137|O75469-3|TransFac
0	30	67	0	3	C
1	2	37	25	36	N
2	11	30	15	44	N
3	4	32	14	50	Y
4	44	27	9	20	N
5	17	39	22	22	N
6	3	2	6	89	T
7	30	11	55	4	R
8	81	12	5	2	A
9	23	72	4	1	C
10	2	83	2	13	C
11	3	63	2	32	C
XX
DE	T19140|O75469-6|TransFac
0	30	67	0	3	C
1	2	37	25	36	N
2	11	30	15	44	N
3	4	32	14	50	Y
4	44	27	9	20	N
5	17	39	22	22	N
6	3	2	6	89	T
7	30	11	55	4	R
8	81	12	5	2	A
9	23	72	4	1	C
10	2	83	2	13	C
11	3	63	2	32	C
XX
DE	T19147|O00482-3|TransFac
0	20	40	20	20	N
1	14	21	29	36	N
2	29	14	57	0	R
3	43	7	43	7	R
4	7	93	0	0	C
5	0	100	0	0	C
6	0	7	0	93	T
7	0	0	0	100	T
8	0	0	100	0	G
9	35	29	36	0	N
10	76	8	8	8	A
11	17	49	17	17	N
XX
DE	T19178|Q02962-2|TransFac
0	16	10	64	10	G
1	8	6	7	79	T
2	10	2	34	54	K
3	55	5	1	39	W
4	16	19	46	19	N
5	12	15	15	58	N
6	12	18	20	50	N
7	12	70	9	9	C
XX
DE	T19205|Q33E94-2|TransFac
0	20	50	30	0	S
1	30	30	0	40	N
2	0	0	100	0	G
3	30	0	0	70	T
4	0	0	0	100	T
5	0	10	90	0	G
6	20	70	0	10	C
7	0	50	40	10	S
8	40	10	30	20	N
XX
DE	T20009|Q9Z2D6-2|TransFac
0	18	14	7	61	T
1	57	0	7	36	W
2	58	0	2	40	W
3	56	4	3	37	W
4	23	14	14	49	N
5	13	18	32	37	N
6	7	69	9	15	C
7	11	54	9	26	Y
8	7	13	69	11	G
9	18	13	58	11	N
10	17	30	31	22	N
11	0	35	43	22	N
12	0	100	0	0	C
13	0	100	0	0	C
14	0	4	96	0	G
15	0	0	100	0	G
XX
DE	T21763|Q6Z1Z3|TransFac
0	0	75	25	0	C
1	100	0	0	0	A
2	25	0	13	62	T
3	0	13	74	13	G
4	0	74	13	13	C
5	62	0	0	38	A
6	0	0	0	100	T
7	13	49	38	0	S
8	74	13	0	13	A
9	25	13	0	62	T
10	14	0	86	0	G
11	14	57	29	0	S
XX
DE	T22072|P27008|TransFac
0	8	0	0	92	T
1	0	0	0	100	T
2	0	25	8	67	T
3	0	84	8	8	C
4	8	42	0	50	Y
5	25	25	17	33	N
XX
DE	T22338|P53774|TransFac
0	30	30	30	10	N
1	0	0	0	100	T
2	100	0	0	0	A
3	100	0	0	0	A
4	0	0	0	100	T
5	0	3	3	94	T
6	64	0	33	3	A
7	7	46	30	17	N
XX
DE	T22511|P28069-2|TransFac
0	33	19	20	28	N
1	28	20	9	43	N
2	46	10	10	34	N
3	29	12	11	48	N
4	74	9	3	14	A
5	8	0	0	92	T
6	9	11	17	63	T
7	5	88	2	5	C
8	87	9	2	2	A
9	6	11	18	65	T
XX
DE	T22650|Q9VEI9|TransFac
0	5	15	0	80	T
1	0	0	0	100	T
2	100	0	0	0	A
3	100	0	0	0	A
4	5	0	0	95	T
5	0	15	0	85	T
6	20	0	80	0	G
XX
DE	T22665|O18400|TransFac
0	0	25	5	70	T
1	0	0	0	100	T
2	100	0	0	0	A
3	100	0	0	0	A
4	0	0	0	100	T
5	0	100	0	0	C
6	0	95	0	5	C
XX
DE	T22672|Q06453|TransFac
0	0	0	0	100	T
1	100	0	0	0	A
2	100	0	0	0	A
3	0	0	0	100	T
4	0	0	0	100	T
5	85	0	15	0	A
6	90	0	10	0	A
XX
DE	T22692|P05527|TransFac
0	25	0	19	56	W
1	6	56	0	38	Y
2	0	0	0	100	T
3	100	0	0	0	A
4	100	0	0	0	A
5	0	0	0	100	T
6	0	0	0	100	T
7	69	0	31	0	A
XX
DE	T22704|P23758|TransFac
0	48	19	0	33	W
1	5	19	66	10	G
2	19	10	10	61	T
3	95	0	0	5	A
4	100	0	0	0	A
5	0	100	0	0	C
6	33	24	14	29	N
7	0	0	100	0	G
8	24	19	10	47	N
XX
DE	T22710|O77215|TransFac
0	5	24	10	61	T
1	0	0	0	100	T
2	100	0	0	0	A
3	100	0	0	0	A
4	0	0	0	100	T
5	5	0	0	95	T
6	29	5	66	0	G
XX
DE	T22712|Q4V5A3|TransFac
0	5	29	19	47	N
1	5	0	0	95	T
2	100	0	0	0	A
3	100	0	0	0	A
4	0	0	0	100	T
5	0	0	10	90	T
6	67	0	33	0	A
XX
DE	T22724|P53127|TransFac
0	0	3	10	87	T
1	0	0	100	0	G
2	41	8	51	0	R
3	0	0	0	100	T
4	99	0	1	0	A
5	0	0	100	0	G
6	0	100	0	0	C
7	0	0	100	0	G
8	0	98	2	0	C
9	5	95	0	0	C
10	28	7	48	17	N
XX
DE	T22726|Q12457|TransFac
0	9	0	14	77	T
1	0	0	2	98	T
2	0	5	0	95	T
3	100	0	0	0	A
4	0	100	0	0	C
5	0	100	0	0	C
6	6	94	0	0	C
7	0	0	100	0	G
8	3	0	97	0	G
9	38	42	6	14	N
XX
DE	T22766|P34555|TransFac
0	46	23	18	13	N
1	54	8	27	11	R
2	29	9	7	55	W
3	55	0	1	44	W
4	23	29	19	29	N
5	0	100	0	0	C
6	100	0	0	0	A
7	0	93	5	2	C
8	0	100	0	0	C
9	0	0	0	100	T
10	0	0	100	0	G
11	0	70	4	26	C
12	8	17	6	69	T
13	25	29	19	27	N
14	38	18	23	21	N
15	24	23	18	35	N
16	16	31	21	32	N
XX
DE	T22786|P10035|TransFac
0	19	9	13	59	N
1	6	3	0	91	T
2	50	3	3	44	W
3	97	0	0	3	A
4	0	0	0	100	T
5	25	0	28	47	N
6	75	0	22	3	A
XX
DE	T22970|Q9SK03-2|TransFac
0	24	29	24	23	N
1	5	0	95	0	G
2	0	0	0	100	T
3	0	1	98	1	G
4	15	0	0	85	T
5	0	100	0	0	C
6	2	98	0	0	C
7	0	98	0	2	C
8	0	100	0	0	C
9	3	94	1	2	C
XX
DE	T22977|Q5YGP8|TransFac
0	6	3	85	6	G
1	0	1	93	6	G
2	1	0	99	0	G
3	1	96	1	2	C
4	0	0	100	0	G
5	0	100	0	0	C
6	1	90	9	0	C
7	99	0	0	1	A
8	13	4	18	65	T
9	1	15	1	83	T
XX
DE	T22997|Q52QU2-2|TransFac
0	85	1	13	1	A
1	72	18	4	6	A
2	1	1	0	98	T
3	0	8	91	1	G
4	1	1	95	3	G
5	0	100	0	0	C
6	0	97	3	0	C
7	3	97	0	0	C
8	99	1	0	0	A
XX
DE	DDF1|Q9LN86|MatBase
0	54	7	32	7	R
1	17	23	23	37	N
2	0	0	100	0	G
3	0	9	42	49	K
4	0	100	0	0	C
5	0	0	100	0	G
6	0	0	100	0	G
7	0	37	0	63	T
8	29	15	47	9	N
9	39	31	14	16	N
10	15	32	17	36	N
11	0	33	33	34	N
XX
DE	ARF19|Q8RYC8|MatBase
0	33	0	33	34	N
1	45	29	20	6	N
2	36	12	20	32	N
3	17	12	37	34	N
4	0	0	100	0	G
5	40	0	9	51	W
6	0	0	100	0	G
7	100	0	0	0	A
8	0	100	0	0	C
9	100	0	0	0	A
XX
DE	ERF8|Q9MAI5|MatBase
0	50	0	17	33	W
1	29	0	14	57	W
2	0	0	100	0	G
3	0	0	100	0	G
4	0	100	0	0	C
5	7	0	93	0	G
6	0	15	85	0	G
7	9	82	9	0	C
8	7	0	0	93	T
9	0	72	14	14	C
10	0	0	14	86	T
11	17	17	0	66	T
XX
DE	ddf2|Q9SGJ6|MatBase
0	54	7	32	7	R
1	17	23	23	37	N
2	0	0	100	0	G
3	0	9	42	49	K
4	0	100	0	0	C
5	0	0	100	0	G
6	0	0	100	0	G
7	0	37	0	63	T
8	29	15	47	9	N
9	39	31	14	16	N
10	15	32	17	36	N
11	0	33	33	34	N
XX
DE	DREB2B|O82133|MatBase
0	54	7	32	7	R
1	17	23	23	37	N
2	0	0	100	0	G
3	0	9	42	49	K
4	0	100	0	0	C
5	0	0	100	0	G
6	0	0	100	0	G
7	0	37	0	63	T
8	29	15	47	9	N
9	39	31	14	16	N
10	15	32	17	36	N
11	0	33	33	34	N
XX
DE	CBF4|Q9FJ93|MatBase
0	54	7	32	7	R
1	17	23	23	37	N
2	0	0	100	0	G
3	0	9	42	49	K
4	0	100	0	0	C
5	0	0	100	0	G
6	0	0	100	0	G
7	0	37	0	63	T
8	29	15	47	9	N
9	39	31	14	16	N
10	15	32	17	36	N
11	0	33	33	34	N
XX
DE	TEM1|Q9C6M5|MatBase
0	15	73	5	7	C
1	50	0	0	50	W
2	0	0	100	0	G
3	4	5	45	46	K
4	9	13	14	64	T
5	6	1	87	6	G
XX
DE	ERF3|O80339|MatBase
0	50	0	17	33	W
1	29	0	14	57	W
2	0	0	100	0	G
3	0	0	100	0	G
4	0	100	0	0	C
5	7	0	93	0	G
6	0	15	85	0	G
7	9	82	9	0	C
8	7	0	0	93	T
9	0	72	14	14	C
10	0	0	14	86	T
11	17	17	0	66	T
XX
DE	ETT|O23661|MatBase
0	33	0	33	34	N
1	45	29	20	6	N
2	36	12	20	32	N
3	17	12	37	34	N
4	0	0	100	0	G
5	40	0	9	51	W
6	0	0	100	0	G
7	100	0	0	0	A
8	0	100	0	0	C
9	100	0	0	0	A
XX
DE	AT2G36080|Q8GYJ2|MatBase
0	15	73	5	7	C
1	50	0	0	50	W
2	0	0	100	0	G
3	4	5	45	46	K
4	9	13	14	64	T
5	6	1	87	6	G
XX
DE	ABI4|A0MES8|MatBase
0	52	6	42	0	R
1	11	11	23	55	N
2	22	0	78	0	G
3	9	6	68	17	G
4	50	50	0	0	M
5	9	0	91	0	G
6	0	0	100	0	G
7	0	0	0	100	T
8	0	0	100	0	G
9	11	22	67	0	G
10	0	33	0	67	T
11	11	45	22	22	N
12	29	42	29	0	N
XX
DE	ERF4|O80340|MatBase
0	50	0	17	33	W
1	29	0	14	57	W
2	0	0	100	0	G
3	0	0	100	0	G
4	0	100	0	0	C
5	7	0	93	0	G
6	0	15	85	0	G
7	9	82	9	0	C
8	7	0	0	93	T
9	0	72	14	14	C
10	0	0	14	86	T
11	17	17	0	66	T
XX
DE	ABI3|Q01593|MatBase
0	15	0	58	27	K
1	4	80	16	0	C
2	0	100	0	0	C
3	84	6	6	4	A
4	15	2	7	76	T
5	0	0	98	2	G
6	0	97	0	3	C
7	91	0	7	2	A
8	21	7	2	70	T
9	10	2	82	6	G
10	10	63	14	13	C
11	12	10	0	78	T
12	0	13	43	44	K
13	46	48	0	6	M
14	67	8	3	22	A
15	3	20	39	38	N
16	58	0	36	6	R
17	59	38	3	0	M
XX
DE	FUS3|Q9LW31|MatBase
0	15	0	58	27	K
1	4	80	16	0	C
2	0	100	0	0	C
3	84	6	6	4	A
4	15	2	7	76	T
5	0	0	98	2	G
6	0	97	0	3	C
7	91	0	7	2	A
8	21	7	2	70	T
9	10	2	82	6	G
10	10	63	14	13	C
11	12	10	0	78	T
12	0	13	43	44	K
13	46	48	0	6	M
14	67	8	3	22	A
15	3	20	39	38	N
16	58	0	36	6	R
17	59	38	3	0	M
XX
DE	ATERF6|Q8VZ91|MatBase
0	50	0	17	33	W
1	29	0	14	57	W
2	0	0	100	0	G
3	0	0	100	0	G
4	0	100	0	0	C
5	7	0	93	0	G
6	0	15	85	0	G
7	9	82	9	0	C
8	7	0	0	93	T
9	0	72	14	14	C
10	0	0	14	86	T
11	17	17	0	66	T
XX
DE	ARF9|Q9XED8|MatBase
0	33	0	33	34	N
1	45	29	20	6	N
2	36	12	20	32	N
3	17	12	37	34	N
4	0	0	100	0	G
5	40	0	9	51	W
6	0	0	100	0	G
7	100	0	0	0	A
8	0	100	0	0	C
9	100	0	0	0	A
XX
DE	CBF2|Q9SYS6|MatBase
0	54	7	32	7	R
1	17	23	23	37	N
2	0	0	100	0	G
3	0	9	42	49	K
4	0	100	0	0	C
5	0	0	100	0	G
6	0	0	100	0	G
7	0	37	0	63	T
8	29	15	47	9	N
9	39	31	14	16	N
10	15	32	17	36	N
11	0	33	33	34	N
XX
DE	NPH4|P93022|MatBase
0	33	0	33	34	N
1	45	29	20	6	N
2	36	12	20	32	N
3	17	12	37	34	N
4	0	0	100	0	G
5	40	0	9	51	W
6	0	0	100	0	G
7	100	0	0	0	A
8	0	100	0	0	C
9	100	0	0	0	A
XX
DE	LOC544043|O04682|MatBase
0	50	0	17	33	W
1	29	0	14	57	W
2	0	0	100	0	G
3	0	0	100	0	G
4	0	100	0	0	C
5	7	0	93	0	G
6	0	15	85	0	G
7	9	82	9	0	C
8	7	0	0	93	T
9	0	72	14	14	C
10	0	0	14	86	T
11	17	17	0	66	T
XX
DE	LOC544042|O04681|MatBase
0	50	0	17	33	W
1	29	0	14	57	W
2	0	0	100	0	G
3	0	0	100	0	G
4	0	100	0	0	C
5	7	0	93	0	G
6	0	15	85	0	G
7	9	82	9	0	C
8	7	0	0	93	T
9	0	72	14	14	C
10	0	0	14	86	T
11	17	17	0	66	T
XX
DE	ARF18|Q9C5W9|MatBase
0	33	0	33	34	N
1	45	29	20	6	N
2	36	12	20	32	N
3	17	12	37	34	N
4	0	0	100	0	G
5	40	0	9	51	W
6	0	0	100	0	G
7	100	0	0	0	A
8	0	100	0	0	C
9	100	0	0	0	A
XX
DE	ARF21|Q9C8N9|MatBase
0	33	0	33	34	N
1	45	29	20	6	N
2	36	12	20	32	N
3	17	12	37	34	N
4	0	0	100	0	G
5	40	0	9	51	W
6	0	0	100	0	G
7	100	0	0	0	A
8	0	100	0	0	C
9	100	0	0	0	A
XX
DE	ERF1|Q6DKU6|MatBase
0	50	0	17	33	W
1	29	0	14	57	W
2	0	0	100	0	G
3	0	0	100	0	G
4	0	100	0	0	C
5	7	0	93	0	G
6	0	15	85	0	G
7	9	82	9	0	C
8	7	0	0	93	T
9	0	72	14	14	C
10	0	0	14	86	T
11	17	17	0	66	T
XX
