DE	T00028|P19880|TransFac
0	36	54	2	8	M
1	5	0	0	95	T
2	2	1	20	77	T
3	98	0	1	1	A
4	0	95	2	3	C
5	5	2	45	48	K
6	44	0	7	49	W
7	97	1	1	1	A
8	50	2	12	36	W
9	7	3	49	41	K
XX
DE	T00052|P17544|TransFac
0	21	16	3	60	T
1	14	9	46	31	N
2	78	2	11	9	A
3	1	96	1	2	C
4	6	0	93	1	G
5	0	1	0	99	T
6	0	100	0	0	C
7	99	1	0	0	A
XX
DE	T00104|P53566|TransFac
0	5	1	0	94	T
1	5	3	2	90	T
2	30	6	50	14	R
3	7	72	15	6	C
4	29	37	19	15	N
5	41	22	8	29	N
6	58	29	4	9	M
7	73	8	9	10	A
XX
DE	T00106|Q02637|TransFac
0	6	0	18	76	T
1	0	13	37	50	K
2	9	12	16	63	T
3	7	0	77	16	G
4	0	64	17	19	C
5	70	19	11	0	A
6	81	11	5	3	A
7	18	11	5	66	T
XX
DE	T00125|P11939|TransFac
0	0	0	0	100	T
1	1	0	96	3	G
2	100	0	0	0	A
3	4	76	13	7	C
4	15	10	12	63	T
5	18	56	6	20	N
6	67	19	6	8	A
XX
DE	T00163|P16220|TransFac
0	71	3	21	5	A
1	2	93	2	3	C
2	3	1	96	0	G
3	0	0	0	100	T
4	2	97	1	0	C
5	99	1	0	0	A
XX
DE	T00167|P15336|TransFac
0	1	0	2	97	T
1	10	1	72	17	G
2	99	0	1	0	A
3	1	92	1	6	C
4	2	1	96	1	G
5	2	9	1	88	T
6	43	49	3	5	M
7	80	2	10	8	A
XX
DE	T00345|P14003|TransFac
0	7	15	74	4	G
1	7	20	44	29	N
2	10	80	8	2	C
3	38	5	55	2	R
4	3	90	2	5	C
5	3	2	93	2	G
6	6	15	8	71	T
7	4	2	92	2	G
8	15	53	18	14	N
9	10	71	11	8	C
XX
DE	T00459|P21272|TransFac
0	9	6	4	81	T
1	6	6	28	60	T
2	31	4	39	26	N
3	21	17	23	39	N
4	0	4	94	2	G
5	22	55	3	20	N
6	93	6	0	1	A
7	99	1	0	0	A
XX
DE	T00775|P25302|TransFac
0	0	0	33	67	T
1	0	0	0	100	T
2	1	1	1	97	T
3	0	0	0	100	T
4	0	100	0	0	C
5	0	0	100	0	G
6	0	43	0	57	Y
7	0	0	100	0	G
XX
DE	T00830|P14233|TransFac
0	19	13	68	0	G
1	19	25	0	56	Y
2	0	45	50	5	S
3	100	0	0	0	A
4	0	100	0	0	C
5	0	0	100	0	G
6	0	0	0	100	T
7	5	45	50	0	S
8	44	0	31	25	N
9	0	68	13	19	C
XX
DE	T00923|P03206|TransFac
0	27	18	0	55	W
1	27	37	18	18	N
2	64	27	9	0	A
3	9	55	18	18	N
4	18	27	18	37	N
5	28	27	27	18	N
6	0	0	0	100	T
7	0	0	64	36	G
8	55	0	45	0	R
9	0	100	0	0	C
10	45	0	0	55	W
11	0	100	0	0	C
12	100	0	0	0	A
XX
DE	T00937|P23922|TransFac
0	14	18	61	7	G
1	14	23	4	59	Y
2	0	33	64	3	G
3	93	0	7	0	A
4	0	100	0	0	C
5	0	0	100	0	G
6	0	7	0	93	T
7	15	13	72	0	G
8	25	0	50	25	N
9	8	73	19	0	C
XX
DE	T00938|P23923|TransFac
0	25	13	13	49	N
1	0	0	38	62	T
2	13	62	0	25	C
3	13	13	36	38	N
4	0	25	75	0	G
5	25	37	0	38	N
6	0	62	0	38	C
7	87	0	13	0	A
8	0	100	0	0	C
9	0	0	100	0	G
10	0	13	0	87	T
11	0	100	0	0	C
12	100	0	0	0	A
13	0	50	25	25	N
XX
DE	T00949|P24700|TransFac
0	26	13	56	5	R
1	30	18	28	24	N
2	1	96	2	1	C
3	99	1	0	0	A
4	2	21	65	12	G
5	12	16	68	4	G
6	2	1	3	94	T
7	1	0	99	0	G
XX
DE	T01017|P16951-2|TransFac
0	1	0	2	97	T
1	10	1	72	17	G
2	99	0	1	0	A
3	1	92	1	6	C
4	2	1	96	1	G
5	2	9	1	88	T
6	43	49	3	5	M
7	80	2	10	8	A
XX
DE	T01078|P42774|TransFac
0	2	7	37	54	K
1	5	9	78	8	G
2	25	73	0	2	C
3	0	94	4	2	C
4	100	0	0	0	A
5	0	100	0	0	C
6	0	0	100	0	G
7	0	0	0	100	T
8	15	48	37	0	S
9	54	3	25	18	N
10	21	36	9	34	N
11	33	63	2	2	C
XX
DE	T01079|P42775|TransFac
0	2	7	51	40	K
1	5	9	68	18	G
2	14	83	0	3	C
3	0	95	3	2	C
4	100	0	0	0	A
5	0	100	0	0	C
6	0	0	100	0	G
7	0	0	0	100	T
8	6	74	20	0	C
9	73	3	15	9	A
10	7	39	22	32	N
11	17	79	2	2	C
XX
DE	T01239|P24813|TransFac
0	92	4	4	0	A
1	4	0	0	96	T
2	0	0	0	100	T
3	87	5	0	8	A
4	26	9	65	0	G
5	0	0	0	100	T
6	90	10	0	0	A
7	100	0	0	0	A
8	0	0	64	36	G
9	0	96	0	4	C
XX
DE	T01288|P36093|TransFac
0	7	56	29	8	S
1	47	34	13	6	M
2	0	7	0	93	T
3	1	1	98	0	G
4	1	97	0	2	C
5	93	1	5	1	A
6	5	13	28	54	K
XX
DE	T01313|P18847|TransFac
0	74	2	18	6	A
1	6	87	1	6	C
2	11	2	86	1	G
3	0	1	2	97	T
4	2	98	0	0	C
5	99	1	0	0	A
XX
DE	T01317|Q63884|TransFac
0	0	0	2	98	T
1	0	1	99	0	G
2	99	0	1	0	A
3	1	83	5	11	C
4	2	2	95	1	G
5	9	20	5	66	T
XX
DE	T01388|Q91346|TransFac
0	2	2	6	90	T
1	2	0	4	94	T
2	17	3	72	8	G
3	6	70	17	7	C
4	45	15	17	23	N
XX
DE	T01442|Q14494|TransFac
0	7	11	9	73	T
1	9	9	78	4	G
2	11	72	4	13	C
3	15	4	11	70	T
4	10	8	72	10	G
5	67	11	4	18	A
6	4	7	83	6	G
7	1	1	7	91	T
8	0	93	6	1	C
9	100	0	0	0	A
XX
DE	T01536|Q08856|TransFac
0	0	100	0	0	C
1	91	1	0	8	A
2	2	66	25	7	C
3	5	85	9	1	C
4	12	0	0	88	T
5	0	2	98	0	G
XX
DE	T01539|Q92020|TransFac
0	0	100	0	0	C
1	94	5	0	1	A
2	5	68	18	9	C
3	11	75	10	4	C
4	0	0	0	100	T
5	0	1	98	1	G
6	16	33	18	33	N
7	6	53	11	30	Y
8	11	30	29	30	N
9	7	58	15	20	N
XX
DE	T01600|Q62613|TransFac
0	0	0	2	98	T
1	0	1	99	0	G
2	99	0	1	0	A
3	1	83	5	11	C
4	2	2	95	1	G
5	9	20	5	66	T
XX
DE	T01620|P50553|TransFac
0	0	99	1	0	C
1	100	0	0	0	A
2	3	7	80	10	G
3	42	19	37	2	N
4	1	0	1	98	T
5	0	0	100	0	G
6	17	14	59	10	N
7	0	52	27	21	N
XX
DE	T01649|P35428|TransFac
0	0	100	0	0	C
1	100	0	0	0	A
2	2	92	2	4	C
3	10	6	81	3	G
4	27	25	0	48	N
5	2	0	94	4	G
XX
DE	T01803|Q03060|TransFac
0	0	0	2	98	T
1	0	1	99	0	G
2	99	0	1	0	A
3	1	83	5	11	C
4	2	2	95	1	G
5	9	20	5	66	T
XX
DE	T01976|P12981|TransFac
0	0	0	0	100	T
1	1	0	96	3	G
2	100	0	0	0	A
3	4	76	13	7	C
4	15	10	12	63	T
5	18	56	6	20	N
6	67	19	6	8	A
XX
DE	T02039|P41546|TransFac
0	21	3	60	16	G
1	84	16	0	0	A
2	0	82	9	9	C
3	83	0	17	0	A
4	0	100	0	0	C
5	0	0	100	0	G
6	0	42	9	49	Y
7	0	17	17	66	T
8	0	0	83	17	G
9	0	17	50	33	K
10	0	83	0	17	C
11	50	50	0	0	M
XX
DE	T02052|Q61328|TransFac
0	5	53	37	5	S
1	32	33	28	7	N
2	1	0	1	98	T
3	0	0	96	4	G
4	92	3	5	0	A
5	4	83	1	12	C
6	3	2	87	8	G
7	2	32	2	64	T
8	47	42	7	4	M
9	61	4	26	9	A
XX
DE	T02196|P27921|TransFac
0	7	4	15	74	T
1	18	5	62	15	G
2	65	11	9	15	A
3	10	14	72	4	G
4	0	0	0	100	T
5	6	93	0	1	C
6	100	0	0	0	A
XX
DE	T02205|P53450|TransFac
0	0	0	0	100	T
1	1	0	96	3	G
2	100	0	0	0	A
3	4	76	13	7	C
4	15	10	12	63	T
5	18	56	6	20	N
6	67	19	6	8	A
XX
DE	T02248|P36011|TransFac
0	30	30	30	10	N
1	60	0	10	30	A
2	40	10	0	50	W
3	0	100	0	0	C
4	0	0	100	0	G
5	0	100	0	0	C
6	0	0	100	0	G
7	40	20	0	40	W
8	30	40	30	0	N
9	40	40	0	20	M
XX
DE	T02309|P40573|TransFac
0	0	100	0	0	C
1	0	0	0	100	T
2	0	0	100	0	G
3	0	0	0	100	T
4	0	0	100	0	G
5	0	0	100	0	G
XX
DE	T02382|P18444|TransFac
0	4	87	5	4	C
1	74	2	16	8	A
2	5	86	5	4	C
3	7	7	85	1	G
4	0	2	0	98	T
5	0	1	99	0	G
XX
DE	T02383|P24793|TransFac
0	1	95	3	1	C
1	89	1	5	5	A
2	2	68	19	11	C
3	5	7	86	2	G
4	2	5	3	90	T
5	1	0	99	0	G
XX
DE	T02669|Q41508|TransFac
0	4	0	79	17	G
1	26	70	4	0	C
2	0	100	0	0	C
3	100	0	0	0	A
4	0	96	4	0	C
5	0	4	96	0	G
6	0	0	0	100	T
7	4	21	71	4	G
8	26	0	39	35	N
9	26	39	26	9	N
XX
DE	T02672|Q43449|TransFac
0	0	0	29	71	T
1	0	0	62	38	G
2	22	67	0	11	C
3	0	89	11	0	C
4	100	0	0	0	A
5	0	100	0	0	C
6	0	0	100	0	G
7	0	0	0	100	T
8	0	22	78	0	G
9	11	0	67	22	G
10	13	87	0	0	C
11	57	43	0	0	M
XX
DE	T02674|Q43450|TransFac
0	0	0	29	71	T
1	0	0	62	38	G
2	22	67	0	11	C
3	0	89	11	0	C
4	100	0	0	0	A
5	0	100	0	0	C
6	0	0	100	0	G
7	0	0	0	100	T
8	0	22	78	0	G
9	11	0	67	22	G
10	13	87	0	0	C
11	57	43	0	0	M
XX
DE	T02789|O22676|TransFac
0	0	0	44	56	K
1	0	0	100	0	G
2	6	94	0	0	C
3	0	100	0	0	C
4	100	0	0	0	A
5	0	100	0	0	C
6	0	0	100	0	G
7	0	0	0	100	T
8	0	100	0	0	C
9	100	0	0	0	A
10	0	14	44	42	K
11	0	97	3	0	C
12	70	12	6	12	A
13	6	53	6	35	Y
14	12	58	24	6	S
15	0	100	0	0	C
XX
DE	T02790|O22677|TransFac
0	0	0	97	3	G
1	0	5	46	49	K
2	50	50	0	0	M
3	0	100	0	0	C
4	100	0	0	0	A
5	0	100	0	0	C
6	0	0	100	0	G
7	0	0	0	100	T
8	0	100	0	0	C
9	100	0	0	0	A
10	0	48	0	52	Y
11	0	97	0	3	C
XX
DE	T02800|Q39335|TransFac
0	0	0	29	71	T
1	0	0	62	38	G
2	22	67	0	11	C
3	0	89	11	0	C
4	100	0	0	0	A
5	0	100	0	0	C
6	0	0	100	0	G
7	0	0	0	100	T
8	0	22	78	0	G
9	11	0	67	22	G
10	13	87	0	0	C
11	57	43	0	0	M
XX
DE	T02809|Q41113|TransFac
0	0	20	80	0	G
1	20	80	0	0	C
2	0	100	0	0	C
3	100	0	0	0	A
4	0	100	0	0	C
5	0	60	40	0	C
6	0	0	0	100	T
7	0	100	0	0	C
8	100	0	0	0	A
XX
DE	T02999|P24068|TransFac
0	0	71	29	0	C
1	100	0	0	0	A
2	0	100	0	0	C
3	0	0	100	0	G
4	0	0	0	100	T
XX
DE	T03199|Q06596|TransFac
0	100	0	0	0	A
1	10	40	15	35	N
2	15	40	0	45	Y
3	0	0	0	100	T
4	30	0	70	0	G
5	70	25	5	0	A
6	80	0	20	0	A
7	5	5	15	75	T
XX
DE	T03232|P40917|TransFac
0	0	0	9	91	T
1	13	7	23	57	K
2	100	0	0	0	A
3	11	53	5	31	Y
4	20	16	57	7	N
5	0	0	0	100	T
6	91	9	0	0	A
7	100	0	0	0	A
8	2	14	38	46	K
XX
DE	T03341|P01106-2|TransFac
0	50	8	36	6	R
1	18	39	30	13	N
2	2	97	1	0	C
3	96	0	3	1	A
4	1	82	7	10	C
5	2	3	94	1	G
6	1	0	1	98	T
7	0	0	100	0	G
8	8	21	63	8	G
9	8	13	5	74	T
XX
DE	T03443|P20389|TransFac
0	13	50	18	19	N
1	0	99	0	1	C
2	89	6	1	4	A
3	3	79	13	5	C
4	19	37	41	3	N
5	0	0	1	99	T
6	1	3	94	2	G
7	39	18	18	25	N
8	4	60	12	24	Y
9	13	40	22	25	N
XX
DE	T03450|P52160|TransFac
0	50	8	36	6	R
1	18	39	30	13	N
2	2	97	1	0	C
3	96	0	3	1	A
4	1	82	7	10	C
5	2	3	94	1	G
6	1	0	1	98	T
7	0	0	100	0	G
8	8	21	63	8	G
9	8	13	5	74	T
XX
DE	T03462|P06646|TransFac
0	50	8	36	6	R
1	18	39	30	13	N
2	2	97	1	0	C
3	96	0	3	1	A
4	1	82	7	10	C
5	2	3	94	1	G
6	1	0	1	98	T
7	0	0	100	0	G
8	8	21	63	8	G
9	8	13	5	74	T
XX
DE	T03465|P15171|TransFac
0	13	50	18	19	N
1	0	99	0	1	C
2	89	6	1	4	A
3	3	79	13	5	C
4	19	37	41	3	N
5	0	0	1	99	T
6	1	3	94	2	G
7	39	18	18	25	N
8	4	60	12	24	Y
9	13	40	22	25	N
XX
DE	T03548|P12523|TransFac
0	13	50	18	19	N
1	0	99	0	1	C
2	89	6	1	4	A
3	3	79	13	5	C
4	19	37	41	3	N
5	0	0	1	99	T
6	1	3	94	2	G
7	39	18	18	25	N
8	4	60	12	24	Y
9	13	40	22	25	N
XX
DE	T03583|Q94126|TransFac
0	54	7	35	4	R
1	4	2	0	94	T
2	2	2	5	91	T
3	86	0	14	0	A
4	0	98	0	2	C
5	2	0	98	0	G
6	0	26	0	74	T
7	95	5	0	0	A
8	100	0	0	0	A
9	4	48	9	39	Y
XX
DE	T03616|P53438|TransFac
0	49	19	16	16	N
1	15	49	18	18	N
2	41	47	9	3	M
3	4	1	4	91	T
4	4	1	94	1	G
5	4	91	1	4	C
6	97	1	1	1	A
7	5	5	50	40	K
8	17	21	52	10	N
9	28	32	22	18	N
XX
DE	T03704|P40535|TransFac
0	46	11	32	11	N
1	1	1	1	97	T
2	1	1	91	7	G
3	100	0	0	0	A
4	0	100	0	0	C
5	5	0	95	0	G
6	0	0	0	100	T
7	45	29	8	18	N
XX
DE	T03712|P38749|TransFac
0	65	19	12	4	A
1	0	0	0	100	T
2	0	0	0	100	T
3	100	0	0	0	A
4	0	100	0	0	C
5	0	0	100	0	G
6	2	2	2	94	T
XX
DE	T03713|P40574|TransFac
0	75	0	5	20	A
1	65	0	35	0	A
2	40	0	60	0	G
3	0	95	0	5	C
4	100	0	0	0	A
5	10	5	0	85	T
XX
DE	T03714|Q03935|TransFac
0	3	7	6	84	T
1	10	6	19	65	T
2	80	4	9	7	A
3	6	72	5	17	C
4	30	10	56	4	R
5	3	5	3	89	T
6	84	11	2	3	A
7	89	6	2	3	A
8	6	4	41	49	K
9	20	65	11	4	C
10	45	7	23	25	N
11	34	11	44	11	N
12	45	33	9	13	N
13	4	59	14	23	Y
XX
DE	T03715|Q08182|TransFac
0	66	24	2	8	A
1	2	0	0	98	T
2	0	0	20	80	T
3	96	1	1	2	A
4	12	11	77	0	G
5	0	1	0	99	T
6	74	24	2	0	A
7	100	0	0	0	A
8	1	0	59	40	K
9	21	70	5	4	C
10	58	10	21	11	N
XX
DE	T03900|O93491|TransFac
0	32	9	56	3	R
1	28	19	37	16	N
2	1	98	1	0	C
3	100	0	0	0	A
4	1	14	73	12	G
5	8	25	61	6	G
6	1	0	2	97	T
7	0	0	100	0	G
XX
DE	T03901|Q91207|TransFac
0	32	9	56	3	R
1	28	19	37	16	N
2	1	98	1	0	C
3	100	0	0	0	A
4	1	14	73	12	G
5	8	25	61	6	G
6	1	0	2	97	T
7	0	0	100	0	G
XX
DE	T03903|O93493|TransFac
0	26	13	56	5	R
1	30	18	28	24	N
2	1	96	2	1	C
3	99	1	0	0	A
4	2	21	65	12	G
5	12	16	68	4	G
6	2	1	3	94	T
7	1	0	99	0	G
XX
DE	T03911|Q91205|TransFac
0	32	9	56	3	R
1	40	13	29	18	N
2	0	99	1	0	C
3	100	0	0	0	A
4	4	10	74	12	G
5	9	19	67	5	G
6	1	0	3	96	T
7	0	0	100	0	G
XX
DE	T04001|O04292|TransFac
0	97	1	2	0	A
1	87	3	1	9	A
2	0	1	0	99	T
3	48	0	52	0	R
4	98	0	0	2	A
5	3	3	0	94	T
6	6	0	8	86	T
7	30	5	42	23	N
8	7	76	10	7	C
XX
DE	T04791|O14867|TransFac
0	8	4	11	77	T
1	5	5	85	5	G
2	80	6	10	4	A
3	7	6	82	5	G
4	5	1	11	83	T
5	3	92	4	1	C
6	93	0	1	6	A
XX
DE	T04819|Q9SM11|TransFac
0	4	0	79	17	G
1	26	70	4	0	C
2	0	100	0	0	C
3	100	0	0	0	A
4	0	96	4	0	C
5	0	4	96	0	G
6	0	0	0	100	T
7	4	21	71	4	G
8	26	0	39	35	N
9	26	39	26	9	N
XX
DE	T08158|Q6A1K9|TransFac
0	12	0	41	47	K
1	6	6	59	29	K
2	24	28	24	24	N
3	24	12	12	52	N
4	0	24	47	29	N
5	100	0	0	0	A
6	0	100	0	0	C
7	0	0	100	0	G
8	0	0	0	100	T
9	6	0	94	0	G
10	0	0	71	29	G
11	18	29	35	18	N
12	36	29	29	6	N
13	24	18	34	24	N
XX
DE	T08493|P12841|TransFac
0	0	0	0	100	T
1	1	0	96	3	G
2	100	0	0	0	A
3	4	76	13	7	C
4	15	10	12	63	T
5	18	56	6	20	N
6	67	19	6	8	A
XX
DE	T08537|P10158|TransFac
0	0	0	0	100	T
1	1	0	93	6	G
2	100	0	0	0	A
3	8	72	14	6	C
4	16	8	10	66	T
5	14	65	5	16	C
6	76	13	4	7	A
XX
DE	T08621|Q39944|TransFac
0	4	0	0	96	T
1	100	0	0	0	A
2	100	0	0	0	A
3	0	0	0	100	T
4	28	0	56	16	R
5	100	0	0	0	A
6	0	0	0	100	T
7	12	4	12	72	T
8	24	20	56	0	R
XX
DE	T08836|P15173|TransFac
0	0	100	0	0	C
1	95	4	0	1	A
2	7	63	23	7	C
3	11	78	8	3	C
4	0	0	0	100	T
5	0	1	99	0	G
6	12	38	19	31	N
7	5	53	9	33	Y
XX
DE	T08874|Q39234|TransFac
0	2	10	58	30	K
1	6	12	70	12	G
2	12	88	0	0	C
3	0	88	0	12	C
4	100	0	0	0	A
5	0	100	0	0	C
6	0	0	100	0	G
7	0	0	0	100	T
8	6	89	5	0	C
9	91	2	2	5	A
10	5	29	31	35	N
11	10	82	2	6	C
XX
DE	T08878|P12959|TransFac
0	35	2	49	14	R
1	39	5	8	48	W
2	5	46	0	49	Y
3	0	22	47	31	N
4	100	0	0	0	A
5	0	84	0	16	C
6	23	0	77	0	G
7	0	0	0	100	T
8	10	13	77	0	G
9	23	0	72	5	G
10	69	8	5	18	A
XX
DE	T09128|Q05826|TransFac
0	9	6	4	81	T
1	6	6	28	60	T
2	31	4	39	26	N
3	21	17	23	39	N
4	0	4	94	2	G
5	22	55	3	20	N
6	93	6	0	1	A
7	99	1	0	0	A
XX
DE	T09139|P49716|TransFac
0	0	1	0	99	T
1	1	0	5	94	T
2	25	4	48	23	N
3	0	100	0	0	C
4	41	23	20	16	N
5	24	33	9	34	N
6	60	31	3	6	A
7	83	6	5	6	A
XX
DE	T09178|Q90582|TransFac
0	5	1	0	94	T
1	5	3	2	90	T
2	30	6	50	14	R
3	7	72	15	6	C
4	29	37	19	15	N
5	41	22	8	29	N
6	58	29	4	9	M
7	73	8	9	10	A
XX
DE	T09197|P15172|TransFac
0	32	9	56	3	R
1	40	13	29	18	N
2	0	99	1	0	C
3	100	0	0	0	A
4	4	10	74	12	G
5	9	19	67	5	G
6	1	0	3	96	T
7	0	0	100	0	G
XX
DE	T09207|Q92754|TransFac
0	0	6	89	5	G
1	0	90	7	3	C
2	2	89	4	5	C
3	4	34	18	44	N
4	8	17	60	15	G
5	17	35	41	7	N
6	9	9	75	7	G
7	3	3	92	2	G
8	17	26	53	4	N
XX
DE	T09330|Q9SJN0|TransFac
0	3	9	62	26	G
1	18	10	62	10	G
2	41	41	0	18	M
3	0	79	19	2	C
4	98	0	2	0	A
5	0	100	0	0	C
6	0	0	100	0	G
7	0	0	0	100	T
8	11	0	87	2	G
9	2	6	67	25	G
10	11	80	6	3	C
XX
DE	T09441|P31266|TransFac
0	21	3	20	56	N
1	1	5	4	90	T
2	2	11	1	86	T
3	0	96	0	4	C
4	3	93	0	4	C
5	0	93	3	4	C
6	94	0	6	0	A
7	10	66	2	22	C
8	18	6	61	15	G
XX
DE	T09478|P14232|TransFac
0	83	0	10	7	A
1	10	80	0	10	C
2	10	0	90	0	G
3	3	0	0	97	T
4	3	81	11	5	C
5	73	3	8	16	A
XX
DE	T09588|Q16649|TransFac
0	16	10	1	73	T
1	9	25	30	36	N
2	89	1	4	6	A
3	0	99	0	1	C
4	15	0	85	0	G
5	0	0	0	100	T
6	16	84	0	0	C
7	99	0	0	1	A
XX
DE	T09643|Q9BYV9|TransFac
0	8	5	13	74	T
1	5	5	84	6	G
2	73	11	11	5	A
3	9	6	80	5	G
4	6	1	12	81	T
5	5	89	5	1	C
6	92	0	2	6	A
7	10	14	29	47	N
8	12	57	26	5	S
XX
DE	T09646|Q9Y5Q3|TransFac
0	9	31	53	7	S
1	40	29	22	9	N
2	6	6	8	80	T
3	7	8	80	5	G
4	73	13	12	2	A
5	13	26	58	3	S
6	8	2	11	79	T
7	5	92	2	1	C
8	85	5	1	9	A
9	9	15	41	35	N
10	9	62	21	8	C
XX
DE	T09648|O75444|TransFac
0	17	13	63	7	G
1	58	14	13	15	N
2	12	9	68	11	G
3	9	3	6	82	T
4	1	90	6	3	C
5	89	6	2	3	A
6	13	4	60	23	G
XX
DE	T10010|P13904|TransFac
0	32	9	56	3	R
1	40	13	29	18	N
2	0	99	1	0	C
3	100	0	0	0	A
4	4	10	74	12	G
5	9	19	67	5	G
6	1	0	3	96	T
7	0	0	100	0	G
XX
DE	T10369|P58197|TransFac
0	3	36	54	7	S
1	3	88	5	4	C
2	6	67	13	14	C
3	4	30	26	40	N
4	18	42	29	11	N
5	51	11	35	3	R
6	4	1	95	0	G
7	0	2	98	0	G
8	0	97	3	0	C
XX
DE	T10423|P51145|TransFac
0	5	4	12	79	T
1	14	3	68	15	G
2	77	7	7	9	A
3	8	14	75	3	G
4	0	0	0	100	T
5	10	89	0	1	C
6	100	0	0	0	A
XX
DE	T10491|Q92481|TransFac
0	1	8	84	7	G
1	0	73	19	8	C
2	3	85	5	7	C
3	8	32	19	41	N
4	6	10	76	8	G
5	16	37	41	6	N
6	11	7	76	6	G
7	4	1	95	0	G
8	21	16	57	6	N
XX
DE	T10638|O24646|TransFac
0	7	10	69	14	G
1	11	89	0	0	C
2	0	97	0	3	C
3	100	0	0	0	A
4	0	100	0	0	C
5	0	0	99	1	G
6	1	1	0	98	T
7	10	77	11	2	C
8	80	4	6	10	A
9	6	27	28	39	N
10	7	87	3	3	C
XX
DE	T10673|P97303|TransFac
0	0	3	0	97	T
1	2	10	84	4	G
2	82	12	2	4	A
3	8	86	0	6	C
4	10	6	12	72	T
5	4	90	4	2	C
6	76	16	0	8	A
XX
DE	T10853|Q02100|TransFac
0	100	0	0	0	A
1	0	100	0	0	C
2	10	0	90	0	G
3	0	0	0	100	T
4	100	0	0	0	A
5	62	0	0	38	A
6	0	0	0	100	T
7	0	0	100	0	G
XX
DE	T10854|P03069|TransFac
0	52	7	33	8	R
1	0	0	0	100	T
2	0	1	93	6	G
3	99	1	0	0	A
4	2	77	17	4	C
5	3	0	2	95	T
6	7	88	3	2	C
7	77	8	2	13	A
8	5	30	8	57	Y
XX
DE	T10871|Q90834|TransFac
0	5	6	5	84	T
1	6	7	82	5	G
2	83	6	9	2	A
3	12	78	6	4	C
4	11	2	11	76	T
5	5	88	4	3	C
6	78	9	0	13	A
7	7	16	44	33	N
8	6	63	25	6	C
9	60	13	15	12	A
XX
DE	T10881|Q6ZDF3|TransFac
0	17	17	49	17	N
1	0	17	50	33	K
2	83	17	0	0	A
3	0	100	0	0	C
4	0	0	100	0	G
5	0	50	0	50	Y
6	0	0	100	0	G
7	0	17	17	66	T
8	0	33	67	0	G
9	0	20	60	20	G
10	0	100	0	0	C
XX
DE	T10928|P43273|TransFac
0	12	55	0	33	Y
1	0	65	32	3	C
2	90	0	10	0	A
3	3	97	0	0	C
4	0	0	100	0	G
5	0	0	0	100	T
6	8	87	5	0	C
7	91	2	2	5	A
8	5	14	31	50	K
9	13	83	2	2	C
XX
DE	T10933|P41739|TransFac
0	0	100	0	0	C
1	100	0	0	0	A
2	0	100	0	0	C
3	1	0	99	0	G
4	1	52	0	47	Y
5	27	7	57	9	R
6	63	21	6	10	A
XX
DE	T11055|O02755|TransFac
0	9	6	4	81	T
1	6	6	28	60	T
2	31	4	39	26	N
3	21	17	23	39	N
4	0	4	94	2	G
5	22	55	3	20	N
6	93	6	0	1	A
7	99	1	0	0	A
XX
DE	T11134|Q9C0J9|TransFac
0	7	8	17	68	T
1	1	98	1	0	C
2	96	0	2	2	A
3	3	73	16	8	C
4	7	3	75	15	G
5	3	0	3	94	T
6	0	0	96	4	G
XX
DE	T11136|Q99PV5|TransFac
0	7	8	17	68	T
1	1	98	1	0	C
2	96	0	2	2	A
3	3	73	16	8	C
4	7	3	75	15	G
5	3	0	3	94	T
6	0	0	96	4	G
XX
DE	T11222|O35426|TransFac
0	42	29	24	5	N
1	25	8	25	42	N
2	36	16	8	40	N
3	46	15	8	31	N
4	54	0	8	38	W
5	50	4	19	27	N
6	26	19	19	36	N
7	15	7	59	19	N
8	48	41	7	4	M
9	7	90	0	3	C
10	87	0	13	0	A
11	0	100	0	0	C
12	0	0	100	0	G
13	0	0	0	100	T
14	12	72	0	16	C
15	80	4	4	12	A
16	0	21	26	53	N
17	11	50	6	33	Y
18	29	12	24	35	N
19	24	29	0	47	N
20	41	6	6	47	W
21	25	31	25	19	N
22	36	7	21	36	N
23	15	23	39	23	N
XX
DE	T11453|Q99142|TransFac
0	9	61	24	6	C
1	97	3	0	0	A
2	0	97	3	0	C
3	0	0	97	3	G
4	0	0	3	97	T
5	0	26	74	0	G
XX
DE	T13760|AF2717|TransFac
0	11	8	74	7	G
1	9	73	0	18	C
2	0	80	18	2	C
3	100	0	0	0	A
4	0	100	0	0	C
5	0	0	100	0	G
6	0	1	0	99	T
7	0	4	96	0	G
8	4	0	42	54	K
9	5	85	2	8	C
10	26	66	6	2	C
11	26	46	22	6	N
12	18	50	20	12	N
13	19	10	56	15	N
14	50	29	17	4	N
15	3	45	47	5	S
16	62	0	30	8	A
XX
DE	T13763|Q9M7Q3|TransFac
0	2	10	64	24	G
1	18	10	62	10	G
2	42	39	0	19	M
3	0	79	19	2	C
4	98	0	2	0	A
5	0	100	0	0	C
6	0	0	100	0	G
7	0	0	0	100	T
8	7	0	91	2	G
9	2	6	72	20	G
10	10	84	4	2	C
XX
DE	T13944|Q43508|TransFac
0	0	0	29	71	T
1	0	0	62	38	G
2	22	67	0	11	C
3	0	89	11	0	C
4	100	0	0	0	A
5	0	100	0	0	C
6	0	0	100	0	G
7	0	0	0	100	T
8	0	22	78	0	G
9	11	0	67	22	G
10	13	87	0	0	C
11	57	43	0	0	M
XX
DE	T13945|Q43509|TransFac
0	0	0	29	71	T
1	0	0	62	38	G
2	22	67	0	11	C
3	0	89	11	0	C
4	100	0	0	0	A
5	0	100	0	0	C
6	0	0	100	0	G
7	0	0	0	100	T
8	0	22	78	0	G
9	11	0	67	22	G
10	13	87	0	0	C
11	57	43	0	0	M
XX
DE	T13946|Q43507|TransFac
0	0	0	29	71	T
1	0	0	62	38	G
2	22	67	0	11	C
3	0	89	11	0	C
4	100	0	0	0	A
5	0	100	0	0	C
6	0	0	100	0	G
7	0	0	0	100	T
8	0	22	78	0	G
9	11	0	67	22	G
10	13	87	0	0	C
11	57	43	0	0	M
XX
DE	T14381|Q02283|TransFac
0	98	1	1	0	A
1	87	3	1	9	A
2	0	1	0	99	T
3	64	0	36	0	A
4	98	0	0	2	A
5	3	3	0	94	T
6	7	0	7	86	T
XX
DE	T14382|P46667|TransFac
0	98	1	1	0	A
1	87	3	1	9	A
2	1	1	0	98	T
3	59	4	36	1	R
4	98	0	0	2	A
5	4	3	0	93	T
6	7	0	9	84	T
XX
DE	T14387|P26801|TransFac
0	7	7	1	85	T
1	2	4	20	74	T
2	20	13	27	40	N
3	9	23	20	48	N
4	3	9	79	9	G
5	26	40	2	32	N
6	78	16	5	1	A
7	94	0	6	0	A
XX
DE	T14442|Q39895|TransFac
0	3	22	61	14	G
1	21	32	31	16	N
2	21	24	0	55	N
3	3	26	45	26	N
4	98	0	1	1	A
5	0	100	0	0	C
6	0	0	100	0	G
7	0	0	0	100	T
8	0	99	1	0	C
9	98	0	1	1	A
10	5	38	4	53	Y
11	7	57	8	28	Y
XX
DE	T14547|O49397|TransFac
0	40	60	0	0	C
1	40	0	60	0	G
2	33	0	40	27	N
3	100	0	0	0	A
4	0	0	0	100	T
5	0	100	0	0	C
6	0	0	0	100	T
XX
DE	T14704|O08791|TransFac
0	0	20	40	40	K
1	0	0	0	100	T
2	0	100	0	0	C
3	0	100	0	0	C
4	0	100	0	0	C
5	0	40	0	60	T
6	40	0	0	60	T
7	20	0	80	0	G
8	40	0	60	0	G
9	0	0	100	0	G
10	60	0	20	20	A
XX
DE	T14805|P42776|TransFac
0	2	7	51	40	K
1	5	9	68	18	G
2	14	83	0	3	C
3	0	95	3	2	C
4	100	0	0	0	A
5	0	100	0	0	C
6	0	0	100	0	G
7	0	0	0	100	T
8	6	74	20	0	C
9	73	3	15	9	A
10	7	39	22	32	N
11	17	79	2	2	C
XX
DE	T14970|Q92172|TransFac
0	4	3	0	93	T
1	11	4	6	79	T
2	71	1	21	7	A
3	4	78	1	17	C
4	66	0	34	0	A
5	3	13	0	84	T
6	75	18	1	6	A
7	98	0	0	2	A
XX
DE	T15113|P97481|TransFac
0	0	95	5	0	C
1	100	0	0	0	A
2	0	100	0	0	C
3	0	0	100	0	G
4	0	6	3	91	T
XX
DE	T15206|P04198|TransFac
0	4	87	5	4	C
1	74	2	16	8	A
2	5	86	5	4	C
3	7	7	85	1	G
4	0	2	0	98	T
5	0	1	99	0	G
XX
DE	T15547|P16075|TransFac
0	32	9	56	3	R
1	40	13	29	18	N
2	0	99	1	0	C
3	100	0	0	0	A
4	4	10	74	12	G
5	9	19	67	5	G
6	1	0	3	96	T
7	0	0	100	0	G
XX
DE	T15550|P17920|TransFac
0	0	100	0	0	C
1	95	4	0	1	A
2	7	63	23	7	C
3	11	78	8	3	C
4	0	0	0	100	T
5	0	1	99	0	G
6	12	38	19	31	N
7	5	53	9	33	Y
XX
DE	T15573|P20428|TransFac
0	0	100	0	0	C
1	95	4	0	1	A
2	7	63	23	7	C
3	11	78	8	3	C
4	0	0	0	100	T
5	0	1	99	0	G
6	12	38	19	31	N
7	5	53	9	33	Y
XX
DE	T15775|Q8GTR6|TransFac
0	100	0	0	0	A
1	0	100	0	0	C
2	0	0	100	0	G
3	0	0	0	100	T
4	20	0	80	0	G
5	0	0	60	40	G
XX
DE	T16177|Q40645|TransFac
0	83	17	0	0	A
1	0	100	0	0	C
2	17	0	83	0	G
3	0	33	0	67	T
4	0	17	83	0	G
5	0	0	33	67	T
6	0	100	0	0	C
7	33	0	67	0	G
8	17	66	0	17	C
9	0	50	33	17	S
10	67	33	0	0	A
11	17	17	33	33	N
12	33	17	0	50	W
13	0	67	33	0	C
XX
DE	T16498|P24699|TransFac
0	0	100	0	0	C
1	91	1	0	8	A
2	2	66	25	7	C
3	5	85	9	1	C
4	12	0	0	88	T
5	0	2	98	0	G
XX
DE	T16631|O70191|TransFac
0	21	13	1	65	T
1	11	28	38	23	N
2	87	1	5	7	A
3	2	96	0	2	C
4	4	5	86	5	G
5	0	0	0	100	T
6	0	100	0	0	C
7	90	0	0	10	A
XX
DE	T16773|O35885|TransFac
0	2	95	2	1	C
1	94	1	4	1	A
2	5	3	83	9	G
3	48	32	20	0	N
4	2	2	1	95	T
5	1	1	97	1	G
XX
DE	T18834|Q6PZD9|TransFac
0	0	1	0	99	T
1	1	0	6	93	T
2	23	4	47	26	N
3	0	98	2	0	C
4	42	25	16	17	N
5	29	31	9	31	N
6	65	27	5	3	A
7	86	2	7	5	A
XX
DE	T18977|Q61221|TransFac
0	0	99	1	0	C
1	100	0	0	0	A
2	0	99	1	0	C
3	0	1	99	0	G
4	1	19	1	79	T
XX
DE	T19117|Q14494-1|TransFac
0	10	26	57	7	S
1	34	39	20	7	N
2	7	2	8	83	T
3	5	4	85	6	G
4	76	11	3	10	A
5	4	4	89	3	G
6	2	1	5	92	T
7	2	93	4	1	C
8	99	0	1	0	A
9	10	18	11	61	T
XX
DE	T19362|O35426-1|TransFac
0	86	1	7	6	A
1	0	100	0	0	C
2	3	0	97	0	G
3	0	0	0	100	T
4	2	95	0	3	C
5	96	1	1	2	A
XX
DE	T19988|Q8BW74|TransFac
0	33	0	60	7	G
1	0	0	0	100	T
2	7	0	9	84	T
3	84	1	12	3	A
4	0	53	1	46	Y
5	24	0	76	0	G
6	4	37	0	59	Y
7	77	17	3	3	A
8	96	0	3	1	A
XX
DE	CREB3|O43889|MatBase
0	19	15	1	65	T
1	12	24	39	25	N
2	82	2	8	8	A
3	8	84	4	4	C
4	3	3	94	0	G
5	0	0	0	100	T
6	0	100	0	0	C
7	100	0	0	0	A
XX
DE	RBPJL|Q9UBG7|MatBase
0	22	4	14	60	T
1	2	4	6	88	T
2	1	19	1	79	T
3	0	95	0	5	C
4	2	96	0	2	C
5	0	90	5	5	C
6	89	0	11	0	A
7	16	57	3	24	Y
XX
DE	JDP2|Q8WYK2|MatBase
0	5	45	45	5	S
1	40	40	17	3	M
2	0	0	0	100	T
3	0	3	78	19	G
4	97	3	0	0	A
5	3	66	25	6	C
6	0	0	0	100	T
7	8	92	0	0	C
8	97	3	0	0	A
9	9	29	23	39	N
10	10	60	12	18	C
XX
DE	Creb3|Q3UNH6|MatBase
0	19	15	1	65	T
1	12	24	39	25	N
2	82	2	8	8	A
3	8	84	4	4	C
4	3	3	94	0	G
5	0	0	0	100	T
6	0	100	0	0	C
7	100	0	0	0	A
XX
DE	Hes5|P70120|MatBase
0	7	22	63	8	G
1	5	23	26	46	N
2	4	92	4	0	C
3	68	0	25	7	A
4	2	80	10	8	C
5	0	0	98	2	G
6	2	8	0	90	T
7	0	0	100	0	G
8	23	64	9	4	C
XX
DE	Hey2|Q9QUS4|MatBase
0	7	22	63	8	G
1	5	23	26	46	N
2	4	92	4	0	C
3	68	0	25	7	A
4	2	80	10	8	C
5	0	0	98	2	G
6	2	8	0	90	T
7	0	0	100	0	G
8	23	64	9	4	C
XX
DE	DDIT3|P35638|MatBase
0	0	2	0	98	T
1	0	7	93	0	G
2	6	92	0	2	C
3	100	0	0	0	A
4	91	2	0	7	A
5	0	29	0	71	T
6	26	66	4	4	C
7	6	57	11	26	Y
8	0	63	20	17	C
9	3	73	8	16	C
XX
DE	Mycl1|P10166|MatBase
0	0	100	0	0	C
1	94	1	4	1	A
2	0	92	0	8	C
3	5	2	89	4	G
4	6	11	0	83	T
5	4	4	88	4	G
XX
DE	Nfe2l3|Q9WTM4|MatBase
0	11	26	57	6	S
1	30	49	17	4	N
2	18	6	12	64	T
3	11	7	65	17	G
4	54	15	24	7	N
5	16	31	46	7	N
6	7	0	8	85	T
7	3	86	4	7	C
8	85	0	8	7	A
9	2	9	60	29	G
10	5	81	11	3	C
11	68	13	8	11	A
XX
DE	Creb3l3|Q91XE9|MatBase
0	19	15	1	65	T
1	12	24	39	25	N
2	82	2	8	8	A
3	8	84	4	4	C
4	3	3	94	0	G
5	0	0	0	100	T
6	0	100	0	0	C
7	100	0	0	0	A
XX
DE	Atf6|Q8BZ84|MatBase
0	0	100	0	0	C
1	94	1	4	1	A
2	0	92	0	8	C
3	5	2	89	4	G
4	6	11	0	83	T
5	4	4	88	4	G
XX
DE	Helt|Q7TS99|MatBase
0	7	22	63	8	G
1	5	23	26	46	N
2	4	92	4	0	C
3	68	0	25	7	A
4	2	80	10	8	C
5	0	0	98	2	G
6	2	8	0	90	T
7	0	0	100	0	G
8	23	64	9	4	C
XX
DE	Mafk|Q6IRI7|MatBase
0	11	26	57	6	S
1	30	49	17	4	N
2	18	6	12	64	T
3	11	7	65	17	G
4	54	15	24	7	N
5	16	31	46	7	N
6	7	0	8	85	T
7	3	86	4	7	C
8	85	0	8	7	A
9	2	9	60	29	G
10	5	81	11	3	C
11	68	13	8	11	A
XX
DE	Arntl2|Q2VPD4|MatBase
0	0	95	5	0	C
1	100	0	0	0	A
2	0	100	0	0	C
3	0	0	100	0	G
4	1	5	3	91	T
XX
DE	Hes2|P35429|MatBase
0	7	22	63	8	G
1	5	23	26	46	N
2	4	92	4	0	C
3	68	0	25	7	A
4	2	80	10	8	C
5	0	0	98	2	G
6	2	8	0	90	T
7	0	0	100	0	G
8	23	64	9	4	C
XX
DE	MGA|Q8IWI9|MatBase
0	0	100	0	0	C
1	94	1	4	1	A
2	0	92	0	8	C
3	5	2	89	4	G
4	6	11	0	83	T
5	4	4	88	4	G
XX
DE	HELT|A6NFD8|MatBase
0	7	22	63	8	G
1	5	23	26	46	N
2	4	92	4	0	C
3	68	0	25	7	A
4	2	80	10	8	C
5	0	0	98	2	G
6	2	8	0	90	T
7	0	0	100	0	G
8	23	64	9	4	C
XX
DE	NFIX|Q14938|MatBase
0	0	0	0	100	T
1	0	0	100	0	G
2	5	0	95	0	G
3	5	95	0	0	C
4	69	8	0	23	A
5	17	39	26	18	N
6	14	46	25	15	N
7	36	23	24	17	N
8	26	6	4	64	T
9	0	0	83	17	G
10	0	93	7	0	C
11	0	100	0	0	C
12	93	7	0	0	A
13	58	3	37	2	R
XX
DE	NPAS2|Q99743|MatBase
0	0	95	5	0	C
1	100	0	0	0	A
2	0	100	0	0	C
3	0	0	100	0	G
4	1	5	3	91	T
XX
DE	Batf|O35284|MatBase
0	5	45	45	5	S
1	40	40	17	3	M
2	0	0	0	100	T
3	0	3	78	19	G
4	97	3	0	0	A
5	3	66	25	6	C
6	0	0	0	100	T
7	8	92	0	0	C
8	97	3	0	0	A
9	9	29	23	39	N
10	10	60	12	18	C
XX
DE	HES2|Q9Y543|MatBase
0	7	22	63	8	G
1	5	23	26	46	N
2	4	92	4	0	C
3	68	0	25	7	A
4	2	80	10	8	C
5	0	0	98	2	G
6	2	8	0	90	T
7	0	0	100	0	G
8	23	64	9	4	C
XX
DE	HES6|Q96HZ4|MatBase
0	7	22	63	8	G
1	5	23	26	46	N
2	4	92	4	0	C
3	68	0	25	7	A
4	2	80	10	8	C
5	0	0	98	2	G
6	2	8	0	90	T
7	0	0	100	0	G
8	23	64	9	4	C
XX
DE	BATF3|Q9NR55|MatBase
0	5	45	45	5	S
1	40	40	17	3	M
2	0	0	0	100	T
3	0	3	78	19	G
4	97	3	0	0	A
5	3	66	25	6	C
6	0	0	0	100	T
7	8	92	0	0	C
8	97	3	0	0	A
9	9	29	23	39	N
10	10	60	12	18	C
XX
DE	ARNTL2|Q8WYA1|MatBase
0	0	95	5	0	C
1	100	0	0	0	A
2	0	100	0	0	C
3	0	0	100	0	G
4	1	5	3	91	T
XX
DE	HES4|Q9HCC6|MatBase
0	7	22	63	8	G
1	5	23	26	46	N
2	4	92	4	0	C
3	68	0	25	7	A
4	2	80	10	8	C
5	0	0	98	2	G
6	2	8	0	90	T
7	0	0	100	0	G
8	23	64	9	4	C
XX
DE	RFX5|P48382|MatBase
0	5	2	57	36	K
1	11	19	6	64	T
2	15	8	20	57	N
3	14	52	30	4	S
4	3	78	5	14	C
5	27	20	10	43	N
6	45	12	9	34	N
7	22	10	64	4	G
8	2	1	95	2	G
9	5	50	15	30	Y
10	63	8	15	14	A
11	79	15	4	2	A
12	0	85	10	5	C
XX
DE	Clock|Q9WVS9|MatBase
0	0	95	5	0	C
1	100	0	0	0	A
2	0	100	0	0	C
3	0	0	100	0	G
4	1	5	3	91	T
XX
DE	Batf3|P97876|MatBase
0	5	45	45	5	S
1	40	40	17	3	M
2	0	0	0	100	T
3	0	3	78	19	G
4	97	3	0	0	A
5	3	66	25	6	C
6	0	0	0	100	T
7	8	92	0	0	C
8	97	3	0	0	A
9	9	29	23	39	N
10	10	60	12	18	C
XX
DE	Mafg|Q76MX4|MatBase
0	11	26	57	6	S
1	30	49	17	4	N
2	18	6	12	64	T
3	11	7	65	17	G
4	54	15	24	7	N
5	16	31	46	7	N
6	7	0	8	85	T
7	3	86	4	7	C
8	85	0	8	7	A
9	2	9	60	29	G
10	5	81	11	3	C
11	68	13	8	11	A
XX
DE	SIM1|P81133|MatBase
0	0	100	0	0	C
1	100	0	0	0	A
2	0	100	0	0	C
3	1	0	99	0	G
4	7	89	2	2	C
5	38	18	30	14	N
6	62	20	7	11	A
7	13	36	22	29	N
8	17	45	12	26	N
9	11	54	13	22	N
10	15	43	15	27	N
11	2	47	38	13	S
XX
DE	SIM2|Q14190|MatBase
0	0	100	0	0	C
1	100	0	0	0	A
2	0	100	0	0	C
3	1	0	99	0	G
4	7	89	2	2	C
5	38	18	30	14	N
6	62	20	7	11	A
7	13	36	22	29	N
8	17	45	12	26	N
9	11	54	13	22	N
10	15	43	15	27	N
11	2	47	38	13	S
XX
DE	Creb3l4|Q9D2A5|MatBase
0	19	15	1	65	T
1	12	24	39	25	N
2	82	2	8	8	A
3	8	84	4	4	C
4	3	3	94	0	G
5	0	0	0	100	T
6	0	100	0	0	C
7	100	0	0	0	A
XX
DE	HES7|Q9BYE0|MatBase
0	7	22	63	8	G
1	5	23	26	46	N
2	4	92	4	0	C
3	68	0	25	7	A
4	2	80	10	8	C
5	0	0	98	2	G
6	2	8	0	90	T
7	0	0	100	0	G
8	23	64	9	4	C
XX
DE	CREB3L3|Q68CJ9|MatBase
0	19	15	1	65	T
1	12	24	39	25	N
2	82	2	8	8	A
3	8	84	4	4	C
4	3	3	94	0	G
5	0	0	0	100	T
6	0	100	0	0	C
7	100	0	0	0	A
XX
DE	CREB5|Q02930|MatBase
0	19	15	1	65	T
1	12	24	39	25	N
2	82	2	8	8	A
3	8	84	4	4	C
4	3	3	94	0	G
5	0	0	0	100	T
6	0	100	0	0	C
7	100	0	0	0	A
XX
DE	NFE2L3|Q9Y4A8|MatBase
0	11	26	57	6	S
1	30	49	17	4	N
2	18	6	12	64	T
3	11	7	65	17	G
4	54	15	24	7	N
5	16	31	46	7	N
6	7	0	8	85	T
7	3	86	4	7	C
8	85	0	8	7	A
9	2	9	60	29	G
10	5	81	11	3	C
11	68	13	8	11	A
XX
DE	ABF2|Q9M7Q4|MatBase
0	3	9	62	26	G
1	18	10	62	10	G
2	41	41	0	18	M
3	0	79	19	2	C
4	98	0	2	0	A
5	0	100	0	0	C
6	0	0	100	0	G
7	0	0	0	100	T
8	8	0	89	3	G
9	3	8	67	22	G
10	11	80	6	3	C
XX
DE	ABF4|Q9M7Q2|MatBase
0	3	9	62	26	G
1	18	10	62	10	G
2	41	41	0	18	M
3	0	79	19	2	C
4	98	0	2	0	A
5	0	100	0	0	C
6	0	0	100	0	G
7	0	0	0	100	T
8	8	0	89	3	G
9	3	8	67	22	G
10	11	80	6	3	C
XX
DE	GBF4|P42777|MatBase
0	2	7	68	23	G
1	5	11	55	29	K
2	34	66	0	0	C
3	0	98	0	2	C
4	100	0	0	0	A
5	0	100	0	0	C
6	0	0	100	0	G
7	0	0	0	100	T
8	6	89	5	0	C
9	91	2	2	5	A
10	5	29	23	43	N
11	6	90	2	2	C
XX
DE	AtbZIP44|C0Z2L5|MatBase
0	5	66	6	23	C
1	82	2	16	0	A
2	16	56	0	28	Y
3	9	6	85	0	G
4	3	0	0	97	T
5	12	73	15	0	C
6	76	6	17	1	A
XX
DE	ATBZIP2|Q9SI15|MatBase
0	5	66	6	23	C
1	82	2	16	0	A
2	16	56	0	28	Y
3	9	6	85	0	G
4	3	0	0	97	T
5	12	73	15	0	C
6	76	6	17	1	A
XX
DE	BZIP25|Q9M1G6|MatBase
0	5	66	6	23	C
1	82	2	16	0	A
2	16	56	0	28	Y
3	9	6	85	0	G
4	3	0	0	97	T
5	12	73	15	0	C
6	76	6	17	1	A
XX
DE	ATBZIP53|Q9LZP8|MatBase
0	5	66	6	23	C
1	82	2	16	0	A
2	16	56	0	28	Y
3	9	6	85	0	G
4	3	0	0	97	T
5	12	73	15	0	C
6	76	6	17	1	A
XX
DE	BZO2H1|Q9FUD4|MatBase
0	5	66	6	23	C
1	82	2	16	0	A
2	16	56	0	28	Y
3	9	6	85	0	G
4	3	0	0	97	T
5	12	73	15	0	C
6	76	6	17	1	A
XX
DE	GBF6|O65683|MatBase
0	5	66	6	23	C
1	82	2	16	0	A
2	16	56	0	28	Y
3	9	6	85	0	G
4	3	0	0	97	T
5	12	73	15	0	C
6	76	6	17	1	A
XX
DE	TGA1|Q39237|MatBase
0	2	7	68	23	G
1	5	11	55	29	K
2	34	66	0	0	C
3	0	98	0	2	C
4	100	0	0	0	A
5	0	100	0	0	C
6	0	0	100	0	G
7	0	0	0	100	T
8	6	89	5	0	C
9	91	2	2	5	A
10	5	29	23	43	N
11	6	90	2	2	C
XX
DE	ATBZIP60|Q9C7S0|MatBase
0	0	100	0	0	C
1	0	95	5	0	C
2	85	0	5	10	A
3	61	10	19	10	A
4	14	0	0	86	T
5	32	10	29	29	N
6	52	19	10	19	N
7	33	10	19	38	N
8	48	19	14	19	N
9	57	0	14	29	W
10	43	14	19	24	N
11	33	29	14	24	N
12	28	29	14	29	N
13	14	14	53	19	N
14	14	86	0	0	C
15	0	100	0	0	C
16	100	0	0	0	A
17	0	100	0	0	C
18	0	0	100	0	G
XX
DE	Hes3|Q04667|MatBase
0	7	22	63	8	G
1	5	23	26	46	N
2	4	92	4	0	C
3	68	0	25	7	A
4	2	80	10	8	C
5	0	0	98	2	G
6	2	8	0	90	T
7	0	0	100	0	G
8	23	64	9	4	C
XX
DE	MYF6|Q7YS80|MatBase
0	0	100	0	0	C
1	87	0	3	10	A
2	0	61	37	2	C
3	3	93	1	3	C
4	12	0	0	88	T
5	0	1	99	0	G
6	1	47	4	48	Y
XX
DE	DBP|Q32PF6|MatBase
0	31	2	59	8	R
1	0	0	0	100	T
2	6	0	9	85	T
3	86	1	10	3	A
4	0	53	1	46	Y
5	25	0	75	0	G
6	3	29	0	68	T
7	78	18	1	3	A
8	95	0	3	2	A
XX
DE	ARNTL|Q9I8T7|MatBase
0	0	95	5	0	C
1	100	0	0	0	A
2	0	100	0	0	C
3	0	0	100	0	G
4	1	5	3	91	T
XX
DE	helt|Q6QB00|MatBase
0	7	22	63	8	G
1	5	23	26	46	N
2	4	92	4	0	C
3	68	0	25	7	A
4	2	80	10	8	C
5	0	0	98	2	G
6	2	8	0	90	T
7	0	0	100	0	G
8	23	64	9	4	C
XX
DE	CREB3|Q8SQ19|MatBase
0	19	15	1	65	T
1	12	24	39	25	N
2	82	2	8	8	A
3	8	84	4	4	C
4	3	3	94	0	G
5	0	0	0	100	T
6	0	100	0	0	C
7	100	0	0	0	A
XX
DE	HIF1A|Q9YIB9|MatBase
0	0	95	5	0	C
1	100	0	0	0	A
2	0	100	0	0	C
3	0	0	100	0	G
4	1	5	3	91	T
XX
DE	atf3|Q7ZVX7|MatBase
0	19	15	1	65	T
1	12	24	39	25	N
2	82	2	8	8	A
3	8	84	4	4	C
4	3	3	94	0	G
5	0	0	0	100	T
6	0	100	0	0	C
7	100	0	0	0	A
XX
DE	fos|Q6P0S4|MatBase
0	5	45	45	5	S
1	40	40	17	3	M
2	0	0	0	100	T
3	0	3	78	19	G
4	97	3	0	0	A
5	3	66	25	6	C
6	0	0	0	100	T
7	8	92	0	0	C
8	97	3	0	0	A
9	9	29	23	39	N
10	10	60	12	18	C
XX
DE	BHLHB2|Q5EA15|MatBase
0	7	22	63	8	G
1	5	23	26	46	N
2	4	92	4	0	C
3	68	0	25	7	A
4	2	80	10	8	C
5	0	0	98	2	G
6	2	8	0	90	T
7	0	0	100	0	G
8	23	64	9	4	C
XX
DE	CLOCK|Q8QGQ6|MatBase
0	0	95	5	0	C
1	100	0	0	0	A
2	0	100	0	0	C
3	0	0	100	0	G
4	1	5	3	91	T
XX
DE	HES1|O57337|MatBase
0	7	22	63	8	G
1	5	23	26	46	N
2	4	92	4	0	C
3	68	0	25	7	A
4	2	80	10	8	C
5	0	0	98	2	G
6	2	8	0	90	T
7	0	0	100	0	G
8	23	64	9	4	C
XX
DE	ARNTL2|Q8QGQ7|MatBase
0	0	95	5	0	C
1	100	0	0	0	A
2	0	100	0	0	C
3	0	0	100	0	G
4	1	5	3	91	T
XX
DE	ATF4|Q9W610|MatBase
0	17	10	1	72	T
1	9	24	31	36	N
2	73	2	11	14	A
3	0	100	0	0	C
4	18	2	80	0	G
5	1	3	0	96	T
6	0	100	0	0	C
7	99	0	0	1	A
XX
DE	XBP1|Q3SZZ2|MatBase
0	19	15	1	65	T
1	12	24	39	25	N
2	82	2	8	8	A
3	8	84	4	4	C
4	3	3	94	0	G
5	0	0	0	100	T
6	0	100	0	0	C
7	100	0	0	0	A
XX
DE	hey1|Q8AXV6|MatBase
0	7	22	63	8	G
1	5	23	26	46	N
2	4	92	4	0	C
3	68	0	25	7	A
4	2	80	10	8	C
5	0	0	98	2	G
6	2	8	0	90	T
7	0	0	100	0	G
8	23	64	9	4	C
XX
DE	CREB3L3|Q3SYZ3|MatBase
0	19	15	1	65	T
1	12	24	39	25	N
2	82	2	8	8	A
3	8	84	4	4	C
4	3	3	94	0	G
5	0	0	0	100	T
6	0	100	0	0	C
7	100	0	0	0	A
XX
DE	Nrl|D4ACF4|MatBase
0	11	26	57	6	S
1	30	49	17	4	N
2	18	6	12	64	T
3	11	7	65	17	G
4	54	15	24	7	N
5	16	31	46	7	N
6	7	0	8	85	T
7	3	86	4	7	C
8	85	0	8	7	A
9	2	9	60	29	G
10	5	81	11	3	C
11	68	13	8	11	A
XX
DE	Bach1|D4ACD2|MatBase
0	11	26	57	6	S
1	30	49	17	4	N
2	18	6	12	64	T
3	11	7	65	17	G
4	54	15	24	7	N
5	16	31	46	7	N
6	7	0	8	85	T
7	3	86	4	7	C
8	85	0	8	7	A
9	2	9	60	29	G
10	5	81	11	3	C
11	68	13	8	11	A
XX
DE	NPAS2|Q5ZQU2|MatBase
0	0	95	5	0	C
1	100	0	0	0	A
2	0	100	0	0	C
3	0	0	100	0	G
4	1	5	3	91	T
XX
DE	tef|Q9W722|MatBase
0	31	2	59	8	R
1	0	0	0	100	T
2	6	0	9	85	T
3	86	1	10	3	A
4	0	53	1	46	Y
5	25	0	75	0	G
6	3	29	0	68	T
7	78	18	1	3	A
8	95	0	3	2	A
XX
DE	ATF6B|A4FUY2|MatBase
0	0	100	0	0	C
1	94	1	4	1	A
2	0	92	0	8	C
3	5	2	89	4	G
4	6	11	0	83	T
5	4	4	88	4	G
XX
DE	BZIP25|Q6ZLB0|MatBase
0	5	66	6	23	C
1	82	2	16	0	A
2	16	56	0	28	Y
3	9	6	85	0	G
4	3	0	0	97	T
5	12	73	15	0	C
6	76	6	17	1	A
XX
DE	Os02g0175100|Q0E3H1|MatBase
0	5	66	6	23	C
1	82	2	16	0	A
2	16	56	0	28	Y
3	9	6	85	0	G
4	3	0	0	97	T
5	12	73	15	0	C
6	76	6	17	1	A
XX
DE	bach2|Q5RIW6|MatBase
0	11	26	57	6	S
1	30	49	17	4	N
2	18	6	12	64	T
3	11	7	65	17	G
4	54	15	24	7	N
5	16	31	46	7	N
6	7	0	8	85	T
7	3	86	4	7	C
8	85	0	8	7	A
9	2	9	60	29	G
10	5	81	11	3	C
11	68	13	8	11	A
XX
DE	ASCL2|Q99929|MatBase
0	0	100	0	0	C
1	100	0	0	0	A
2	5	0	85	10	G
3	63	25	12	0	A
4	0	0	0	100	T
5	0	0	100	0	G
6	16	13	63	8	G
7	0	52	27	21	N
XX
DE	hey2|Q9I9L0|MatBase
0	7	22	63	8	G
1	5	23	26	46	N
2	4	92	4	0	C
3	68	0	25	7	A
4	2	80	10	8	C
5	0	0	98	2	G
6	2	8	0	90	T
7	0	0	100	0	G
8	23	64	9	4	C
XX
DE	arnt2|Q9DG12|MatBase
0	0	95	5	0	C
1	100	0	0	0	A
2	0	100	0	0	C
3	0	0	100	0	G
4	1	5	3	91	T
XX
DE	NFE2L2|A5D975|MatBase
0	11	26	57	6	S
1	30	49	17	4	N
2	18	6	12	64	T
3	11	7	65	17	G
4	54	15	24	7	N
5	16	31	46	7	N
6	7	0	8	85	T
7	3	86	4	7	C
8	85	0	8	7	A
9	2	9	60	29	G
10	5	81	11	3	C
11	68	13	8	11	A
XX
DE	EEL|Q9C5Q2|MatBase
0	3	9	62	26	G
1	18	10	62	10	G
2	41	41	0	18	M
3	0	79	19	2	C
4	98	0	2	0	A
5	0	100	0	0	C
6	0	0	100	0	G
7	0	0	0	100	T
8	8	0	89	3	G
9	3	8	67	22	G
10	11	80	6	3	C
XX
DE	c-maf|Q0V9K1|MatBase
0	11	26	57	6	S
1	30	49	17	4	N
2	18	6	12	64	T
3	11	7	65	17	G
4	54	15	24	7	N
5	16	31	46	7	N
6	7	0	8	85	T
7	3	86	4	7	C
8	85	0	8	7	A
9	2	9	60	29	G
10	5	81	11	3	C
11	68	13	8	11	A
XX
DE	atf7a|Q4VGW9|MatBase
0	19	15	1	65	T
1	12	24	39	25	N
2	82	2	8	8	A
3	8	84	4	4	C
4	3	3	94	0	G
5	0	0	0	100	T
6	0	100	0	0	C
7	100	0	0	0	A
XX
DE	mafa|Q4U1U2|MatBase
0	11	26	57	6	S
1	30	49	17	4	N
2	18	6	12	64	T
3	11	7	65	17	G
4	54	15	24	7	N
5	16	31	46	7	N
6	7	0	8	85	T
7	3	86	4	7	C
8	85	0	8	7	A
9	2	9	60	29	G
10	5	81	11	3	C
11	68	13	8	11	A
XX
DE	nrl|Q1RM92|MatBase
0	11	26	57	6	S
1	30	49	17	4	N
2	18	6	12	64	T
3	11	7	65	17	G
4	54	15	24	7	N
5	16	31	46	7	N
6	7	0	8	85	T
7	3	86	4	7	C
8	85	0	8	7	A
9	2	9	60	29	G
10	5	81	11	3	C
11	68	13	8	11	A
XX
DE	HEY1|Q2KIN4|MatBase
0	7	22	63	8	G
1	5	23	26	46	N
2	4	92	4	0	C
3	68	0	25	7	A
4	2	80	10	8	C
5	0	0	98	2	G
6	2	8	0	90	T
7	0	0	100	0	G
8	23	64	9	4	C
XX
DE	myf6|Q6VNZ9|MatBase
0	0	100	0	0	C
1	87	0	3	10	A
2	0	61	37	2	C
3	3	93	1	3	C
4	12	0	0	88	T
5	0	1	99	0	G
6	1	47	4	48	Y
XX
DE	Creb3l2|Q8BH52|MatBase
0	19	15	1	65	T
1	12	24	39	25	N
2	82	2	8	8	A
3	8	84	4	4	C
4	3	3	94	0	G
5	0	0	0	100	T
6	0	100	0	0	C
7	100	0	0	0	A
XX
DE	nfil3|Q68EL6|MatBase
0	19	15	1	65	T
1	12	24	39	25	N
2	82	2	8	8	A
3	8	84	4	4	C
4	3	3	94	0	G
5	0	0	0	100	T
6	0	100	0	0	C
7	100	0	0	0	A
XX
DE	nfe2|Q7ZZR2|MatBase
0	11	26	57	6	S
1	30	49	17	4	N
2	18	6	12	64	T
3	11	7	65	17	G
4	54	15	24	7	N
5	16	31	46	7	N
6	7	0	8	85	T
7	3	86	4	7	C
8	85	0	8	7	A
9	2	9	60	29	G
10	5	81	11	3	C
11	68	13	8	11	A
XX
DE	junb|Q7T367|MatBase
0	5	45	45	5	S
1	40	40	17	3	M
2	0	0	0	100	T
3	0	3	78	19	G
4	97	3	0	0	A
5	3	66	25	6	C
6	0	0	0	100	T
7	8	92	0	0	C
8	97	3	0	0	A
9	9	29	23	39	N
10	10	60	12	18	C
XX
DE	mafba|Q98UK5|MatBase
0	11	26	57	6	S
1	30	49	17	4	N
2	18	6	12	64	T
3	11	7	65	17	G
4	54	15	24	7	N
5	16	31	46	7	N
6	7	0	8	85	T
7	3	86	4	7	C
8	85	0	8	7	A
9	2	9	60	29	G
10	5	81	11	3	C
11	68	13	8	11	A
XX
DE	nfe2l2|Q8JIM1|MatBase
0	11	26	57	6	S
1	30	49	17	4	N
2	18	6	12	64	T
3	11	7	65	17	G
4	54	15	24	7	N
5	16	31	46	7	N
6	7	0	8	85	T
7	3	86	4	7	C
8	85	0	8	7	A
9	2	9	60	29	G
10	5	81	11	3	C
11	68	13	8	11	A
XX
DE	cebpa|Q8UVZ1|MatBase
0	1	1	1	97	T
1	2	0	27	71	T
2	30	5	38	27	N
3	17	14	23	46	N
4	0	0	100	0	G
5	28	44	3	25	N
6	98	2	0	0	A
7	100	0	0	0	A
XX
DE	cebpb|Q7ZU07|MatBase
0	1	1	1	97	T
1	2	0	27	71	T
2	30	5	38	27	N
3	17	14	23	46	N
4	0	0	100	0	G
5	28	44	3	25	N
6	98	2	0	0	A
7	100	0	0	0	A
XX
DE	cebpd|Q8UVY9|MatBase
0	1	1	1	97	T
1	2	0	27	71	T
2	30	5	38	27	N
3	17	14	23	46	N
4	0	0	100	0	G
5	28	44	3	25	N
6	98	2	0	0	A
7	100	0	0	0	A
XX
DE	cebpg|Q8UVY8|MatBase
0	1	1	1	97	T
1	2	0	27	71	T
2	30	5	38	27	N
3	17	14	23	46	N
4	0	0	100	0	G
5	28	44	3	25	N
6	98	2	0	0	A
7	100	0	0	0	A
XX
DE	maf|Q9W6B1|MatBase
0	11	26	57	6	S
1	30	49	17	4	N
2	18	6	12	64	T
3	11	7	65	17	G
4	54	15	24	7	N
5	16	31	46	7	N
6	7	0	8	85	T
7	3	86	4	7	C
8	85	0	8	7	A
9	2	9	60	29	G
10	5	81	11	3	C
11	68	13	8	11	A
XX
DE	xbp1|Q90X27|MatBase
0	19	15	1	65	T
1	12	24	39	25	N
2	82	2	8	8	A
3	8	84	4	4	C
4	3	3	94	0	G
5	0	0	0	100	T
6	0	100	0	0	C
7	100	0	0	0	A
XX
DE	Mga|A2AWL7|MatBase
0	0	100	0	0	C
1	94	1	4	1	A
2	0	92	0	8	C
3	5	2	89	4	G
4	6	11	0	83	T
5	4	4	88	4	G
XX
DE	Creb3l1|Q66HA2|MatBase
0	19	15	1	65	T
1	12	24	39	25	N
2	82	2	8	8	A
3	8	84	4	4	C
4	3	3	94	0	G
5	0	0	0	100	T
6	0	100	0	0	C
7	100	0	0	0	A
XX
DE	Crebl2|Q32M00|MatBase
0	19	15	1	65	T
1	12	24	39	25	N
2	82	2	8	8	A
3	8	84	4	4	C
4	3	3	94	0	G
5	0	0	0	100	T
6	0	100	0	0	C
7	100	0	0	0	A
XX
DE	NFE2L3|A4IFL8|MatBase
0	11	26	57	6	S
1	30	49	17	4	N
2	18	6	12	64	T
3	11	7	65	17	G
4	54	15	24	7	N
5	16	31	46	7	N
6	7	0	8	85	T
7	3	86	4	7	C
8	85	0	8	7	A
9	2	9	60	29	G
10	5	81	11	3	C
11	68	13	8	11	A
XX
DE	CREM|Q1LZH5|MatBase
0	19	15	1	65	T
1	12	24	39	25	N
2	82	2	8	8	A
3	8	84	4	4	C
4	3	3	94	0	G
5	0	0	0	100	T
6	0	100	0	0	C
7	100	0	0	0	A
XX
DE	NFE2|Q5EAD3|MatBase
0	11	26	57	6	S
1	30	49	17	4	N
2	18	6	12	64	T
3	11	7	65	17	G
4	54	15	24	7	N
5	16	31	46	7	N
6	7	0	8	85	T
7	3	86	4	7	C
8	85	0	8	7	A
9	2	9	60	29	G
10	5	81	11	3	C
11	68	13	8	11	A
XX
DE	MAFF|A7YY73|MatBase
0	11	26	57	6	S
1	30	49	17	4	N
2	18	6	12	64	T
3	11	7	65	17	G
4	54	15	24	7	N
5	16	31	46	7	N
6	7	0	8	85	T
7	3	86	4	7	C
8	85	0	8	7	A
9	2	9	60	29	G
10	5	81	11	3	C
11	68	13	8	11	A
XX
DE	JUNB|Q0VBZ5|MatBase
0	5	45	45	5	S
1	40	40	17	3	M
2	0	0	0	100	T
3	0	3	78	19	G
4	97	3	0	0	A
5	3	66	25	6	C
6	0	0	0	100	T
7	8	92	0	0	C
8	97	3	0	0	A
9	9	29	23	39	N
10	10	60	12	18	C
XX
DE	FOSB|A6QLQ3|MatBase
0	5	45	45	5	S
1	40	40	17	3	M
2	0	0	0	100	T
3	0	3	78	19	G
4	97	3	0	0	A
5	3	66	25	6	C
6	0	0	0	100	T
7	8	92	0	0	C
8	97	3	0	0	A
9	9	29	23	39	N
10	10	60	12	18	C
XX
DE	ATF4|Q3ZCH6|MatBase
0	17	10	1	72	T
1	9	24	31	36	N
2	73	2	11	14	A
3	0	100	0	0	C
4	18	2	80	0	G
5	1	3	0	96	T
6	0	100	0	0	C
7	99	0	0	1	A
XX
DE	JUND|A7YY54|MatBase
0	5	45	45	5	S
1	40	40	17	3	M
2	0	0	0	100	T
3	0	3	78	19	G
4	97	3	0	0	A
5	3	66	25	6	C
6	0	0	0	100	T
7	8	92	0	0	C
8	97	3	0	0	A
9	9	29	23	39	N
10	10	60	12	18	C
XX
DE	jun|Q6NZT5|MatBase
0	5	5	21	69	T
1	33	1	58	8	R
2	63	37	0	0	A
3	4	16	78	2	G
4	0	0	2	98	T
5	12	86	2	0	C
6	100	0	0	0	A
XX
DE	lip15|Q41833|MatBase
0	2	7	68	23	G
1	5	11	55	29	K
2	34	66	0	0	C
3	0	98	0	2	C
4	100	0	0	0	A
5	0	100	0	0	C
6	0	0	100	0	G
7	0	0	0	100	T
8	6	89	5	0	C
9	91	2	2	5	A
10	5	29	23	43	N
11	6	90	2	2	C
XX
DE	rfx2|Q5EAP5|MatBase
0	5	2	57	36	K
1	11	19	6	64	T
2	15	8	20	57	N
3	14	52	30	4	S
4	3	78	5	14	C
5	27	20	10	43	N
6	45	12	9	34	N
7	22	10	64	4	G
8	2	1	95	2	G
9	5	50	15	30	Y
10	63	8	15	14	A
11	79	15	4	2	A
12	0	85	10	5	C
XX
DE	Mafa|D3ZNT6|MatBase
0	11	26	57	6	S
1	30	49	17	4	N
2	18	6	12	64	T
3	11	7	65	17	G
4	54	15	24	7	N
5	16	31	46	7	N
6	7	0	8	85	T
7	3	86	4	7	C
8	85	0	8	7	A
9	2	9	60	29	G
10	5	81	11	3	C
11	68	13	8	11	A
XX
DE	CREB3L4|B0LI00|MatBase
0	19	15	1	65	T
1	12	24	39	25	N
2	82	2	8	8	A
3	8	84	4	4	C
4	3	3	94	0	G
5	0	0	0	100	T
6	0	100	0	0	C
7	100	0	0	0	A
XX
DE	jund|B0V1Q6|MatBase
0	5	45	45	5	S
1	40	40	17	3	M
2	0	0	0	100	T
3	0	3	78	19	G
4	97	3	0	0	A
5	3	66	25	6	C
6	0	0	0	100	T
7	8	92	0	0	C
8	97	3	0	0	A
9	9	29	23	39	N
10	10	60	12	18	C
XX
DE	mafl|A3KMR8|MatBase
0	11	26	57	6	S
1	30	49	17	4	N
2	18	6	12	64	T
3	11	7	65	17	G
4	54	15	24	7	N
5	16	31	46	7	N
6	7	0	8	85	T
7	3	86	4	7	C
8	85	0	8	7	A
9	2	9	60	29	G
10	5	81	11	3	C
11	68	13	8	11	A
XX
DE	rfx3|A0JMF8|MatBase
0	5	2	57	36	K
1	11	19	6	64	T
2	15	8	20	57	N
3	14	52	30	4	S
4	3	78	5	14	C
5	27	20	10	43	N
6	45	12	9	34	N
7	22	10	64	4	G
8	2	1	95	2	G
9	5	50	15	30	Y
10	63	8	15	14	A
11	79	15	4	2	A
12	0	85	10	5	C
XX
DE	gt|P39572|MatBase
0	17	0	0	83	T
1	0	17	17	66	T
2	38	0	13	49	W
3	13	0	0	87	T
4	37	0	38	25	N
5	25	49	13	13	N
6	0	0	100	0	G
7	0	0	0	100	T
8	37	38	0	25	N
9	75	0	0	25	A
10	25	25	0	50	N
11	62	0	0	38	A
12	43	14	0	43	W
13	33	0	17	50	W
XX
DE	AHBP-1B|B9HJ06|MatBase
0	2	7	68	23	G
1	5	11	55	29	K
2	34	66	0	0	C
3	0	98	0	2	C
4	100	0	0	0	A
5	0	100	0	0	C
6	0	0	100	0	G
7	0	0	0	100	T
8	6	89	5	0	C
9	91	2	2	5	A
10	5	29	23	43	N
11	6	90	2	2	C
XX
DE	TGA1|C5YHW9|MatBase
0	2	7	68	23	G
1	5	11	55	29	K
2	34	66	0	0	C
3	0	98	0	2	C
4	100	0	0	0	A
5	0	100	0	0	C
6	0	0	100	0	G
7	0	0	0	100	T
8	6	89	5	0	C
9	91	2	2	5	A
10	5	29	23	43	N
11	6	90	2	2	C
XX
DE	TGA1|B9H780|MatBase
0	2	7	68	23	G
1	5	11	55	29	K
2	34	66	0	0	C
3	0	98	0	2	C
4	100	0	0	0	A
5	0	100	0	0	C
6	0	0	100	0	G
7	0	0	0	100	T
8	6	89	5	0	C
9	91	2	2	5	A
10	5	29	23	43	N
11	6	90	2	2	C
XX
DE	EEL|C5YZX9|MatBase
0	3	9	62	26	G
1	18	10	62	10	G
2	41	41	0	18	M
3	0	79	19	2	C
4	98	0	2	0	A
5	0	100	0	0	C
6	0	0	100	0	G
7	0	0	0	100	T
8	8	0	89	3	G
9	3	8	67	22	G
10	11	80	6	3	C
XX
DE	EEL|B9IHG5|MatBase
0	3	9	62	26	G
1	18	10	62	10	G
2	41	41	0	18	M
3	0	79	19	2	C
4	98	0	2	0	A
5	0	100	0	0	C
6	0	0	100	0	G
7	0	0	0	100	T
8	8	0	89	3	G
9	3	8	67	22	G
10	11	80	6	3	C
XX
DE	EEL|Q0JIB6|MatBase
0	3	9	62	26	G
1	18	10	62	10	G
2	41	41	0	18	M
3	0	79	19	2	C
4	98	0	2	0	A
5	0	100	0	0	C
6	0	0	100	0	G
7	0	0	0	100	T
8	8	0	89	3	G
9	3	8	67	22	G
10	11	80	6	3	C
XX
DE	GBF2|Q2QXH7|MatBase
0	2	7	68	23	G
