DE	ADOF1|O82155|MatBase
0	35	8	5	52	W
1	100	0	0	0	A
2	100	0	0	0	A
3	100	0	0	0	A
4	0	0	99	1	G
XX
DE	ADOF2|Q94AR6|MatBase
0	35	8	5	52	W
1	100	0	0	0	A
2	100	0	0	0	A
3	100	0	0	0	A
4	0	0	99	1	G
XX
DE	AR|Q2ACE0|MatBase
0	12	2	71	15	G
1	35	14	20	31	N
2	70	4	9	17	A
3	1	87	5	7	C
4	48	10	14	28	N
5	18	25	22	35	N
6	24	21	23	32	N
7	19	36	33	12	N
8	9	4	1	86	T
9	0	0	100	0	G
10	3	0	0	97	T
11	8	17	10	65	T
12	2	98	0	0	C
13	1	17	1	81	T
XX
DE	AT2G34140|O22967|MatBase
0	35	8	5	52	W
1	100	0	0	0	A
2	100	0	0	0	A
3	100	0	0	0	A
4	0	0	99	1	G
XX
DE	AT2G45050|O49741|MatBase
0	56	4	4	36	W
1	56	0	4	40	W
2	54	7	22	17	N
3	48	20	16	16	N
4	0	0	100	0	G
5	100	0	0	0	A
6	0	0	0	100	T
7	100	0	0	0	A
8	88	3	3	6	A
9	8	8	78	6	G
10	44	0	45	11	R
11	8	20	20	52	N
12	16	16	4	64	T
XX
DE	AT3G24050|Q8LAU9|MatBase
0	56	4	4	36	W
1	56	0	4	40	W
2	54	7	22	17	N
3	48	20	16	16	N
4	0	0	100	0	G
5	100	0	0	0	A
6	0	0	0	100	T
7	100	0	0	0	A
8	88	3	3	6	A
9	8	8	78	6	G
10	44	0	45	11	R
11	8	20	20	52	N
12	16	16	4	64	T
XX
DE	AT3G60530|O49743|MatBase
0	56	4	4	36	W
1	56	0	4	40	W
2	54	7	22	17	N
3	48	20	16	16	N
4	0	0	100	0	G
5	100	0	0	0	A
6	0	0	0	100	T
7	100	0	0	0	A
8	88	3	3	6	A
9	8	8	78	6	G
10	44	0	45	11	R
11	8	20	20	52	N
12	16	16	4	64	T
XX
DE	AT4G21050|Q9SUA9|MatBase
0	35	8	5	52	W
1	100	0	0	0	A
2	100	0	0	0	A
3	100	0	0	0	A
4	0	0	99	1	G
XX
DE	AT4G34680|Q8L4M6|MatBase
0	56	4	4	36	W
1	56	0	4	40	W
2	54	7	22	17	N
3	48	20	16	16	N
4	0	0	100	0	G
5	100	0	0	0	A
6	0	0	0	100	T
7	100	0	0	0	A
8	88	3	3	6	A
9	8	8	78	6	G
10	44	0	45	11	R
11	8	20	20	52	N
12	16	16	4	64	T
XX
DE	AT5G62940|Q9FM03|MatBase
0	35	8	5	52	W
1	100	0	0	0	A
2	100	0	0	0	A
3	100	0	0	0	A
4	0	0	99	1	G
XX
DE	AT5G65590|Q9LSL6|MatBase
0	35	8	5	52	W
1	100	0	0	0	A
2	100	0	0	0	A
3	100	0	0	0	A
4	0	0	99	1	G
XX
DE	AT5G66320|Q9FH57|MatBase
0	56	4	4	36	W
1	56	0	4	40	W
2	54	7	22	17	N
3	48	20	16	16	N
4	0	0	100	0	G
5	100	0	0	0	A
6	0	0	0	100	T
7	100	0	0	0	A
8	88	3	3	6	A
9	8	8	78	6	G
10	44	0	45	11	R
11	8	20	20	52	N
12	16	16	4	64	T
XX
DE	BEAF-32|Q7JN06|MatBase
0	50	0	0	50	W
1	50	0	50	0	R
2	0	25	25	50	N
3	0	0	40	60	T
4	40	40	0	20	M
5	20	0	40	40	K
6	0	80	0	20	C
7	0	0	100	0	G
8	100	0	0	0	A
9	0	0	0	100	T
10	80	0	20	0	A
11	40	20	20	20	N
12	25	25	0	50	N
XX
DE	CDF1|Q8W1E3|MatBase
0	35	8	5	52	W
1	100	0	0	0	A
2	100	0	0	0	A
3	100	0	0	0	A
4	0	0	99	1	G
XX
DE	DAG1|B3H6D1|MatBase
0	35	8	5	52	W
1	100	0	0	0	A
2	100	0	0	0	A
3	100	0	0	0	A
4	0	0	99	1	G
XX
DE	DAG2|Q9ZPY0|MatBase
0	35	8	5	52	W
1	100	0	0	0	A
2	100	0	0	0	A
3	100	0	0	0	A
4	0	0	99	1	G
XX
DE	ESR2|Q9XSB5|MatBase
0	23	1	71	5	G
1	10	8	80	2	G
2	16	8	15	61	T
3	0	87	4	9	C
4	87	5	4	4	A
5	13	44	20	23	N
6	16	37	22	25	N
7	16	31	39	14	N
8	0	3	1	96	T
9	2	2	93	3	G
10	89	3	1	7	A
11	0	100	0	0	C
12	4	92	0	4	C
13	11	19	3	67	T
XX
DE	ESRRA|P11474|MatBase
0	23	1	71	5	G
1	10	8	80	2	G
2	16	8	15	61	T
3	0	87	4	9	C
4	87	5	4	4	A
5	13	44	20	23	N
6	16	37	22	25	N
7	16	31	39	14	N
8	0	3	1	96	T
9	2	2	93	3	G
10	89	3	1	7	A
11	0	100	0	0	C
12	4	92	0	4	C
13	11	19	3	67	T
XX
DE	ESRRB|Q5F0P7|MatBase
0	23	1	71	5	G
1	10	8	80	2	G
2	16	8	15	61	T
3	0	87	4	9	C
4	87	5	4	4	A
5	13	44	20	23	N
6	16	37	22	25	N
7	16	31	39	14	N
8	0	3	1	96	T
9	2	2	93	3	G
10	89	3	1	7	A
11	0	100	0	0	C
12	4	92	0	4	C
13	11	19	3	67	T
XX
DE	ESRRG|P62508|MatBase
0	23	1	71	5	G
1	10	8	80	2	G
2	16	8	15	61	T
3	0	87	4	9	C
4	87	5	4	4	A
5	13	44	20	23	N
6	16	37	22	25	N
7	16	31	39	14	N
8	0	3	1	96	T
9	2	2	93	3	G
10	89	3	1	7	A
11	0	100	0	0	C
12	4	92	0	4	C
13	11	19	3	67	T
XX
DE	Esr2|Q8BG65|MatBase
0	23	1	71	5	G
1	10	8	80	2	G
2	16	8	15	61	T
3	0	87	4	9	C
4	87	5	4	4	A
5	13	44	20	23	N
6	16	37	22	25	N
7	16	31	39	14	N
8	0	3	1	96	T
9	2	2	93	3	G
10	89	3	1	7	A
11	0	100	0	0	C
12	4	92	0	4	C
13	11	19	3	67	T
XX
DE	GATA5|Q3SZJ5|MatBase
0	4	23	7	66	T
1	18	0	0	82	T
2	100	0	0	0	A
3	0	0	0	100	T
4	0	100	0	0	C
XX
DE	GATA5|Q9BWX5|MatBase
0	4	23	7	66	T
1	18	0	0	82	T
2	100	0	0	0	A
3	0	0	0	100	T
4	0	100	0	0	C
XX
DE	HNF4A|Q1I181|MatBase
0	2	27	12	59	Y
1	8	6	75	11	G
2	70	6	16	8	A
3	25	56	11	8	M
4	0	100	0	0	C
5	0	29	0	71	T
6	3	11	1	85	T
7	0	0	0	100	T
8	3	1	83	13	G
9	41	13	42	4	R
10	37	59	1	3	M
11	6	93	0	1	C
12	6	53	2	39	Y
XX
DE	HNF4beta|Q5ILG9|MatBase
0	2	27	12	59	Y
1	8	6	75	11	G
2	70	6	16	8	A
3	25	56	11	8	M
4	0	100	0	0	C
5	0	29	0	71	T
6	3	11	1	85	T
7	0	0	0	100	T
8	3	1	83	13	G
9	41	13	42	4	R
10	37	59	1	3	M
11	6	93	0	1	C
12	6	53	2	39	Y
XX
DE	Myt1l|P70475|MatBase
0	18	6	58	18	N
1	28	8	2	62	T
2	64	12	14	10	A
3	100	0	0	0	A
4	89	0	11	0	A
5	0	100	0	0	C
6	0	0	0	100	T
7	6	6	0	88	T
8	1	8	1	90	T
XX
DE	Myt1|B0R0C1|MatBase
0	18	6	58	18	N
1	28	8	2	62	T
2	64	12	14	10	A
3	100	0	0	0	A
4	89	0	11	0	A
5	0	100	0	0	C
6	0	0	0	100	T
7	6	6	0	88	T
8	1	8	1	90	T
XX
DE	NFX1|Q12986|MatBase
0	5	2	57	36	K
1	11	19	6	64	T
2	15	8	20	57	N
3	14	52	30	4	S
4	3	78	5	14	C
5	27	20	10	43	N
6	45	12	9	34	N
7	22	10	64	4	G
8	2	1	95	2	G
9	5	50	15	30	Y
10	63	8	15	14	A
11	79	15	4	2	A
12	0	85	10	5	C
XX
DE	NOR-1|O97726|MatBase
0	14	36	36	14	N
1	36	21	29	14	N
2	43	14	36	7	N
3	64	7	29	0	A
4	93	0	0	7	A
5	100	0	0	0	A
6	0	0	100	0	G
7	0	0	100	0	G
8	0	7	0	93	T
9	0	93	0	7	C
10	93	0	7	0	A
11	36	43	7	14	N
12	36	7	43	14	N
13	29	21	43	7	N
14	9	46	36	9	S
XX
DE	NR1D2|Q14995|MatBase
0	5	67	2	26	C
1	43	29	8	20	N
2	16	31	32	21	N
3	0	0	0	100	T
4	1	0	99	0	G
5	99	1	0	0	A
6	0	99	1	0	C
7	9	90	0	1	C
8	0	26	0	74	T
9	70	8	9	13	A
10	9	39	30	22	N
11	44	0	2	54	W
12	11	5	7	77	T
XX
DE	NR1D2|Q90970|MatBase
0	5	67	2	26	C
1	43	29	8	20	N
2	16	31	32	21	N
3	0	0	0	100	T
4	1	0	99	0	G
5	99	1	0	0	A
6	0	99	1	0	C
7	9	90	0	1	C
8	0	26	0	74	T
9	70	8	9	13	A
10	9	39	30	22	N
11	44	0	2	54	W
12	11	5	7	77	T
XX
DE	NR1H2|Q58CP4|MatBase
0	8	31	4	57	Y
1	34	23	8	35	N
2	3	4	5	88	T
3	9	5	85	1	G
4	74	10	9	7	A
5	45	51	3	1	M
6	2	95	0	3	C
7	1	10	8	81	T
8	11	31	10	48	N
9	25	18	11	46	N
10	41	19	27	13	N
11	30	23	39	8	N
12	0	22	6	72	T
13	17	25	55	3	S
14	78	16	3	3	A
15	8	77	4	11	C
16	3	96	0	1	C
17	2	45	0	53	Y
XX
DE	NR1H3|Q5E9B6|MatBase
0	8	31	4	57	Y
1	34	23	8	35	N
2	3	4	5	88	T
3	9	5	85	1	G
4	74	10	9	7	A
5	45	51	3	1	M
6	2	95	0	3	C
7	1	10	8	81	T
8	11	31	10	48	N
9	25	18	11	46	N
10	41	19	27	13	N
11	30	23	39	8	N
12	0	22	6	72	T
13	17	25	55	3	S
14	78	16	3	3	A
15	8	77	4	11	C
16	3	96	0	1	C
17	2	45	0	53	Y
XX
DE	NR1H3|Q8JHU1|MatBase
0	8	31	4	57	Y
1	34	23	8	35	N
2	3	4	5	88	T
3	9	5	85	1	G
4	74	10	9	7	A
5	45	51	3	1	M
6	2	95	0	3	C
7	1	10	8	81	T
8	11	31	10	48	N
9	25	18	11	46	N
10	41	19	27	13	N
11	30	23	39	8	N
12	0	22	6	72	T
13	17	25	55	3	S
14	78	16	3	3	A
15	8	77	4	11	C
16	3	96	0	1	C
17	2	45	0	53	Y
XX
DE	NR1H4|Q8JHU2|MatBase
0	72	0	28	0	A
1	0	0	100	0	G
2	0	0	94	6	G
3	11	0	0	89	T
4	0	67	0	33	C
5	83	0	6	11	A
6	11	50	0	39	Y
7	0	0	6	94	T
8	11	28	55	6	S
9	83	11	6	0	A
10	11	77	6	6	C
11	6	88	0	6	C
12	0	44	0	56	Y
XX
DE	NR1I3|Q14994|MatBase
0	8	31	4	57	Y
1	34	23	8	35	N
2	3	4	5	88	T
3	9	5	85	1	G
4	74	10	9	7	A
5	45	51	3	1	M
6	2	95	0	3	C
7	1	10	8	81	T
8	11	31	10	48	N
9	25	18	11	46	N
10	41	19	27	13	N
11	30	23	39	8	N
12	0	22	6	72	T
13	17	25	55	3	S
14	78	16	3	3	A
15	8	77	4	11	C
16	3	96	0	1	C
17	2	45	0	53	Y
XX
DE	NR1I3|Q9DFH3|MatBase
0	8	31	4	57	Y
1	34	23	8	35	N
2	3	4	5	88	T
3	9	5	85	1	G
4	74	10	9	7	A
5	45	51	3	1	M
6	2	95	0	3	C
7	1	10	8	81	T
8	11	31	10	48	N
9	25	18	11	46	N
10	41	19	27	13	N
11	30	23	39	8	N
12	0	22	6	72	T
13	17	25	55	3	S
14	78	16	3	3	A
15	8	77	4	11	C
16	3	96	0	1	C
17	2	45	0	53	Y
XX
DE	NR2C1|A0JNE3|MatBase
0	2	27	12	59	Y
1	8	6	75	11	G
2	70	6	16	8	A
3	25	56	11	8	M
4	0	100	0	0	C
5	0	29	0	71	T
6	3	11	1	85	T
7	0	0	0	100	T
8	3	1	83	13	G
9	41	13	42	4	R
10	37	59	1	3	M
11	6	93	0	1	C
12	6	53	2	39	Y
XX
DE	NR2C1|Q8JID3|MatBase
0	2	27	12	59	Y
1	8	6	75	11	G
2	70	6	16	8	A
3	25	56	11	8	M
4	0	100	0	0	C
5	0	29	0	71	T
6	3	11	1	85	T
7	0	0	0	100	T
8	3	1	83	13	G
9	41	13	42	4	R
10	37	59	1	3	M
11	6	93	0	1	C
12	6	53	2	39	Y
XX
DE	NR2E3|Q90WV5|MatBase
0	2	27	12	59	Y
1	8	6	75	11	G
2	70	6	16	8	A
3	25	56	11	8	M
4	0	100	0	0	C
5	0	29	0	71	T
6	3	11	1	85	T
7	0	0	0	100	T
8	3	1	83	13	G
9	41	13	42	4	R
10	37	59	1	3	M
11	6	93	0	1	C
12	6	53	2	39	Y
XX
DE	NR2E3|Q9TTF0|MatBase
0	2	27	12	59	Y
1	8	6	75	11	G
2	70	6	16	8	A
3	25	56	11	8	M
4	0	100	0	0	C
5	0	29	0	71	T
6	3	11	1	85	T
7	0	0	0	100	T
8	3	1	83	13	G
9	41	13	42	4	R
10	37	59	1	3	M
11	6	93	0	1	C
12	6	53	2	39	Y
XX
DE	NR3C1|Q38HX7|MatBase
0	12	2	71	15	G
1	35	14	20	31	N
2	70	4	9	17	A
3	1	87	5	7	C
4	48	10	14	28	N
5	18	25	22	35	N
6	24	21	23	32	N
7	19	36	33	12	N
8	9	4	1	86	T
9	0	0	100	0	G
10	3	0	0	97	T
11	8	17	10	65	T
12	2	98	0	0	C
13	1	17	1	81	T
XX
DE	NR3C2|C1KB84|MatBase
0	12	2	71	15	G
1	35	14	20	31	N
2	70	4	9	17	A
3	1	87	5	7	C
4	48	10	14	28	N
5	18	25	22	35	N
6	24	21	23	32	N
7	19	36	33	12	N
8	9	4	1	86	T
9	0	0	100	0	G
10	3	0	0	97	T
11	8	17	10	65	T
12	2	98	0	0	C
13	1	17	1	81	T
XX
DE	Nr1d1|Q3UV55|MatBase
0	5	67	2	26	C
1	43	29	8	20	N
2	16	31	32	21	N
3	0	0	0	100	T
4	1	0	99	0	G
5	99	1	0	0	A
6	0	99	1	0	C
7	9	90	0	1	C
8	0	26	0	74	T
9	70	8	9	13	A
10	9	39	30	22	N
11	44	0	2	54	W
12	11	5	7	77	T
XX
DE	Nr1i3|Q3V008|MatBase
0	8	31	4	57	Y
1	34	23	8	35	N
2	3	4	5	88	T
3	9	5	85	1	G
4	74	10	9	7	A
5	45	51	3	1	M
6	2	95	0	3	C
7	1	10	8	81	T
8	11	31	10	48	N
9	25	18	11	46	N
10	41	19	27	13	N
11	30	23	39	8	N
12	0	22	6	72	T
13	17	25	55	3	S
14	78	16	3	3	A
15	8	77	4	11	C
16	3	96	0	1	C
17	2	45	0	53	Y
XX
DE	Nr3c2|P22199|MatBase
0	12	2	71	15	G
1	35	14	20	31	N
2	70	4	9	17	A
3	1	87	5	7	C
4	48	10	14	28	N
5	18	25	22	35	N
6	24	21	23	32	N
7	19	36	33	12	N
8	9	4	1	86	T
9	0	0	100	0	G
10	3	0	0	97	T
11	8	17	10	65	T
12	2	98	0	0	C
13	1	17	1	81	T
XX
DE	OBP1|Q39088|MatBase
0	35	8	5	52	W
1	100	0	0	0	A
2	100	0	0	0	A
3	100	0	0	0	A
4	0	0	99	1	G
XX
DE	OBP2|Q2V4Q1|MatBase
0	35	8	5	52	W
1	100	0	0	0	A
2	100	0	0	0	A
3	100	0	0	0	A
4	0	0	99	1	G
XX
DE	OBP3|Q3EAJ2|MatBase
0	35	8	5	52	W
1	100	0	0	0	A
2	100	0	0	0	A
3	100	0	0	0	A
4	0	0	99	1	G
XX
DE	OBP4|Q8LDR0|MatBase
0	35	8	5	52	W
1	100	0	0	0	A
2	100	0	0	0	A
3	100	0	0	0	A
4	0	0	99	1	G
XX
DE	PPARD|Q9I8W3|MatBase
0	10	4	3	83	T
1	7	13	76	4	G
2	87	6	5	2	A
3	18	78	2	2	C
4	1	97	0	2	C
5	1	3	1	95	T
6	11	8	3	78	T
7	0	1	0	99	T
8	9	7	75	9	G
9	46	21	17	16	N
10	4	86	3	7	C
11	5	88	2	5	C
12	8	33	5	54	Y
XX
DE	RORC|P51449|MatBase
0	5	67	2	26	C
1	43	29	8	20	N
2	16	31	32	21	N
3	0	0	0	100	T
4	1	0	99	0	G
5	99	1	0	0	A
6	0	99	1	0	C
7	9	90	0	1	C
8	0	26	0	74	T
9	70	8	9	13	A
10	9	39	30	22	N
11	44	0	2	54	W
12	11	5	7	77	T
XX
DE	RXRG|P28701|MatBase
0	8	31	4	57	Y
1	34	23	8	35	N
2	3	4	5	88	T
3	9	5	85	1	G
4	74	10	9	7	A
5	45	51	3	1	M
6	2	95	0	3	C
7	1	10	8	81	T
8	11	31	10	48	N
9	25	18	11	46	N
10	41	19	27	13	N
11	30	23	39	8	N
12	0	22	6	72	T
13	17	25	55	3	S
14	78	16	3	3	A
15	8	77	4	11	C
16	3	96	0	1	C
17	2	45	0	53	Y
XX
DE	Rarg|D3ZWV0|MatBase
0	8	31	4	57	Y
1	34	23	8	35	N
2	3	4	5	88	T
3	9	5	85	1	G
4	74	10	9	7	A
5	45	51	3	1	M
6	2	95	0	3	C
7	1	10	8	81	T
8	11	31	10	48	N
9	25	18	11	46	N
10	41	19	27	13	N
11	30	23	39	8	N
12	0	22	6	72	T
13	17	25	55	3	S
14	78	16	3	3	A
15	8	77	4	11	C
16	3	96	0	1	C
17	2	45	0	53	Y
XX
DE	Rora|D3ZDZ3|MatBase
0	5	67	2	26	C
1	43	29	8	20	N
2	16	31	32	21	N
3	0	0	0	100	T
4	1	0	99	0	G
5	99	1	0	0	A
6	0	99	1	0	C
7	9	90	0	1	C
8	0	26	0	74	T
9	70	8	9	13	A
10	9	39	30	22	N
11	44	0	2	54	W
12	11	5	7	77	T
XX
DE	Rorb|P45446|MatBase
0	5	67	2	26	C
1	43	29	8	20	N
2	16	31	32	21	N
3	0	0	0	100	T
4	1	0	99	0	G
5	99	1	0	0	A
6	0	99	1	0	C
7	9	90	0	1	C
8	0	26	0	74	T
9	70	8	9	13	A
10	9	39	30	22	N
11	44	0	2	54	W
12	11	5	7	77	T
XX
DE	ST18|O60284|MatBase
0	18	6	58	18	N
1	28	8	2	62	T
2	64	12	14	10	A
3	100	0	0	0	A
4	89	0	11	0	A
5	0	100	0	0	C
6	0	0	0	100	T
7	6	6	0	88	T
8	1	8	1	90	T
XX
DE	T00044|P05085|TransFac
0	30	5	45	20	N
1	5	0	5	90	T
2	5	0	95	0	G
3	100	0	0	0	A
4	0	100	0	0	C
5	0	0	0	100	T
6	0	100	0	0	C
7	30	35	0	35	N
XX
DE	T00117|P20153|TransFac
0	21	8	60	11	G
1	0	8	2	90	T
2	4	5	91	0	G
3	98	2	0	0	A
4	1	97	1	1	C
5	1	98	1	0	C
6	1	85	2	12	C
7	0	90	3	7	C
XX
DE	T00251|P33242|TransFac
0	3	86	9	2	C
1	97	0	3	0	A
2	98	0	0	2	A
3	0	0	100	0	G
4	0	0	97	3	G
5	5	26	0	69	T
6	13	60	4	23	C
7	81	11	4	4	A
XX
DE	T00264|P06212|TransFac
0	70	12	15	3	A
1	29	2	63	6	G
2	11	11	70	8	G
3	15	7	13	65	T
4	6	68	6	20	C
5	70	8	15	7	A
6	11	48	16	25	N
7	22	28	19	31	N
8	14	20	45	21	N
9	2	3	1	94	T
10	3	3	90	4	G
11	93	4	1	2	A
12	1	93	5	1	C
13	7	88	2	3	C
XX
DE	T00302|P04386|TransFac
0	0	18	60	22	G
1	4	37	0	59	Y
2	20	15	0	65	T
3	0	100	0	0	C
4	0	1	99	0	G
5	0	5	95	0	G
6	53	18	13	16	N
7	21	29	42	8	N
8	18	25	39	18	N
9	57	14	23	6	R
10	18	41	26	15	N
11	46	5	10	39	W
12	7	21	56	16	N
13	17	21	5	57	N
14	13	28	33	26	N
15	21	34	31	14	N
16	11	35	21	33	N
17	1	90	9	0	C
18	3	97	0	0	C
19	0	0	96	4	G
XX
DE	T00309|P23770|TransFac
0	0	1	99	0	G
1	100	0	0	0	A
2	0	1	0	99	T
3	84	7	5	4	A
4	61	7	21	11	A
XX
DE	T00445|P10734|TransFac
0	57	2	33	8	R
1	98	2	0	0	A
2	71	1	2	26	A
3	20	48	17	15	N
4	19	11	4	66	T
5	53	1	30	16	R
6	19	2	73	6	G
7	59	5	28	8	R
8	23	20	39	18	N
9	20	62	8	10	C
10	71	11	12	6	A
XX
DE	T00458|P08657|TransFac
0	4	93	3	0	C
1	0	0	100	0	G
2	0	4	96	0	G
3	53	14	25	8	N
4	13	31	31	25	N
5	20	32	24	24	N
6	47	9	29	15	N
7	21	56	19	4	N
8	52	4	4	40	W
9	19	19	45	17	N
10	22	17	8	53	N
11	28	36	20	16	N
12	17	27	24	32	N
13	10	13	15	62	T
14	0	98	2	0	C
15	0	100	0	0	C
16	0	0	100	0	G
17	61	11	9	19	A
18	46	0	39	15	R
XX
DE	T00465|P08638|TransFac
0	6	60	28	6	C
1	8	84	3	5	C
2	13	3	80	4	G
3	7	14	73	6	G
4	28	6	23	43	N
5	73	5	10	12	A
6	12	83	0	5	C
7	11	89	0	0	C
8	0	0	100	0	G
9	0	1	99	0	G
10	19	69	10	2	C
11	23	2	54	21	N
XX
DE	T00480|P10508|TransFac
0	50	25	0	25	N
1	50	25	0	25	N
2	0	42	29	29	N
3	0	50	25	25	N
4	13	25	49	13	N
5	62	38	0	0	A
6	25	0	50	25	N
7	50	0	0	50	W
8	0	0	62	38	G
9	0	0	0	100	T
10	0	0	13	87	T
11	0	0	0	100	T
12	49	25	13	13	N
13	29	0	71	0	G
14	0	57	43	0	S
15	0	29	71	0	G
16	20	0	80	0	G
XX
DE	T00627|P19212|TransFac
0	0	0	0	100	T
1	100	0	0	0	A
2	0	0	0	100	T
3	0	100	0	0	C
4	25	0	19	56	W
5	43	38	0	19	M
XX
DE	T00696|P06401|TransFac
0	81	1	13	5	A
1	0	0	98	2	G
2	66	7	22	5	A
3	97	0	0	3	A
4	0	99	1	0	C
5	85	1	4	10	A
6	15	32	33	20	N
7	32	24	22	22	N
8	36	20	23	21	N
9	30	16	10	44	N
10	9	6	84	1	G
11	19	12	5	64	T
12	39	19	16	26	N
13	17	70	2	11	C
XX
DE	T00709|P11638|TransFac
0	26	57	0	17	M
1	18	47	9	26	N
2	0	9	91	0	G
3	0	0	100	0	G
4	26	26	30	18	N
5	9	0	9	82	T
6	78	9	13	0	A
7	91	0	0	9	A
8	38	0	31	31	N
9	9	44	13	34	N
10	44	13	34	9	N
11	13	43	0	44	Y
12	0	0	0	100	T
13	4	26	0	70	T
14	92	4	0	4	A
15	26	4	0	70	T
16	9	73	9	9	C
17	18	73	9	0	C
18	4	26	39	31	N
19	0	44	39	17	S
XX
DE	T00719|P10276|TransFac
0	73	10	16	1	A
1	2	1	94	3	G
2	1	1	79	19	G
3	17	4	11	68	T
4	2	79	11	8	C
5	82	7	9	2	A
XX
DE	T00789|P18102|TransFac
0	4	1	3	92	T
1	13	0	0	87	T
2	18	0	70	12	G
3	85	0	5	10	A
4	18	78	4	0	C
5	0	1	1	98	T
6	0	11	4	85	T
7	7	19	13	61	T
8	14	19	6	61	T
XX
DE	T00884|O42392|TransFac
0	15	15	4	66	T
1	7	34	59	0	S
2	47	15	15	23	N
3	42	58	0	0	M
4	7	83	6	4	C
5	7	41	11	41	Y
6	4	39	17	40	N
7	22	30	23	25	N
8	17	36	21	26	N
9	7	4	6	83	T
10	6	25	57	12	S
11	73	23	4	0	A
12	48	50	2	0	M
13	2	80	3	15	C
14	2	78	3	17	C
XX
DE	T01059|P38564|TransFac
0	0	100	0	0	C
1	0	0	0	100	T
2	0	0	0	100	T
3	0	0	0	100	T
4	36	11	0	53	W
XX
DE	T01163|P25502|TransFac
0	11	16	12	61	T
1	2	89	1	8	C
2	1	95	1	3	C
3	0	93	7	0	C
4	0	8	92	0	G
5	14	4	80	2	G
6	15	8	68	9	G
XX
DE	T01247|P39001|TransFac
0	71	12	5	12	A
1	42	7	16	35	N
2	42	5	9	44	W
3	5	7	5	83	T
4	67	2	4	27	A
5	20	5	74	1	G
6	0	92	8	0	C
7	0	99	1	0	C
8	0	0	100	0	G
9	0	100	0	0	C
10	1	61	25	13	C
11	19	23	48	10	N
12	75	2	4	19	A
XX
DE	T01339|P22605|TransFac
0	61	1	36	2	A
1	1	0	97	2	G
2	3	1	87	9	G
3	13	1	4	82	T
4	1	71	9	19	C
5	88	5	5	2	A
6	12	36	32	20	N
7	14	13	28	45	N
8	37	13	23	27	N
9	49	13	28	10	N
10	79	10	10	1	A
11	4	0	94	2	G
12	2	4	39	55	K
13	8	11	9	72	T
14	2	88	6	4	C
15	89	6	5	0	A
XX
DE	T01350|P37826|TransFac
0	43	7	48	2	R
1	26	14	50	10	N
2	12	14	69	5	G
3	14	19	31	36	N
4	17	33	33	17	N
5	62	14	10	14	A
6	12	21	46	21	N
7	19	38	26	17	N
8	10	26	31	33	N
9	30	25	38	7	N
10	79	4	13	4	A
11	1	0	99	0	G
12	3	2	91	4	G
13	43	4	10	43	W
14	2	77	18	3	C
15	73	9	8	10	A
XX
DE	T01352|P37232|TransFac
0	63	4	26	7	A
1	2	2	93	3	G
2	3	4	90	3	G
3	10	18	10	62	T
4	6	82	5	7	C
5	90	3	5	2	A
6	44	4	6	46	W
7	70	0	12	18	A
8	4	6	83	7	G
9	7	2	72	19	G
10	4	0	39	57	K
11	0	55	43	2	S
12	49	4	4	43	W
XX
DE	T01353|P37233|TransFac
0	28	0	11	61	T
1	6	17	77	0	G
2	72	17	0	11	A
3	28	72	0	0	C
4	6	88	6	0	C
5	6	17	0	77	T
6	11	17	11	61	T
7	6	0	6	88	T
8	11	11	72	6	G
9	39	22	22	17	N
10	11	78	0	11	C
11	11	77	6	6	C
12	17	44	6	33	N
XX
DE	T01529|P35399|TransFac
0	0	0	0	100	T
1	3	0	97	0	G
2	100	0	0	0	A
3	0	100	0	0	C
4	3	97	0	0	C
5	0	29	0	71	T
6	73	7	3	17	A
7	21	26	35	18	N
8	39	8	1	52	W
9	18	5	4	73	T
10	49	10	4	37	W
XX
DE	T01684|P47988|TransFac
0	23	14	4	59	W
1	16	42	23	19	N
2	5	1	2	92	T
3	4	9	63	24	G
4	0	99	1	0	C
5	0	1	99	0	G
6	1	22	77	0	G
7	49	4	39	8	R
8	45	42	12	1	M
9	62	2	7	29	A
10	9	10	3	78	T
11	2	1	0	97	T
12	98	1	1	0	A
13	97	1	0	2	A
14	43	12	8	37	W
15	32	13	12	43	N
16	79	9	3	9	A
17	18	39	17	26	N
18	1	97	1	1	C
XX
DE	T02312|P23768|TransFac
0	5	26	9	60	T
1	19	5	2	74	T
2	100	0	0	0	A
3	1	0	0	99	T
4	0	100	0	0	C
XX
DE	T02411|P26343|TransFac
0	11	66	6	17	C
1	0	0	100	0	G
2	100	0	0	0	A
3	0	0	0	100	T
4	100	0	0	0	A
5	91	1	1	7	A
XX
DE	T02683|P43692|TransFac
0	5	30	9	56	Y
1	25	1	0	74	T
2	100	0	0	0	A
3	0	0	0	100	T
4	0	98	0	2	C
XX
DE	T02684|P43693|TransFac
0	8	27	7	58	Y
1	21	6	2	71	T
2	99	1	0	0	A
3	1	0	1	98	T
4	0	99	0	1	C
XX
DE	T02691|Q41801|TransFac
0	24	14	48	14	N
1	47	29	14	10	N
2	24	28	29	19	N
3	39	14	14	33	N
4	100	0	0	0	A
5	100	0	0	0	A
6	100	0	0	0	A
7	0	0	100	0	G
8	14	48	14	24	N
9	29	29	32	10	N
10	38	29	19	14	N
XX
DE	T02712|P43695|TransFac
0	55	4	10	31	W
1	4	0	95	1	G
2	99	0	1	0	A
3	0	0	0	100	T
4	79	1	2	18	A
5	55	3	37	5	R
XX
DE	T02715|P70005|TransFac
0	8	27	7	58	Y
1	21	6	2	71	T
2	99	1	0	0	A
3	1	0	1	98	T
4	0	99	0	1	C
XX
DE	T02772|Q64249|TransFac
0	3	3	3	91	T
1	5	0	95	0	G
2	89	5	3	3	A
3	48	46	3	3	M
4	16	72	6	6	C
5	6	0	8	86	T
6	0	0	0	100	T
7	0	0	100	0	G
8	100	0	0	0	A
9	47	51	2	0	M
10	0	98	0	2	C
11	2	2	0	96	T
12	2	18	2	78	T
13	8	15	66	11	G
14	62	19	14	5	A
XX
DE	T02817|P43574|TransFac
0	1	46	24	29	N
1	2	85	11	2	C
2	0	0	0	100	T
3	2	0	0	98	T
4	100	0	0	0	A
5	0	0	0	100	T
6	0	100	0	0	C
7	29	3	54	14	R
XX
DE	T02818|P18494|TransFac
0	26	6	3	65	T
1	34	12	17	37	N
2	30	25	16	29	N
3	18	5	69	8	G
4	3	32	52	13	S
5	3	84	5	8	C
6	9	50	21	20	N
7	7	16	1	76	T
8	16	0	0	84	T
9	100	0	0	0	A
10	0	0	0	100	T
11	0	99	0	1	C
12	64	0	12	24	A
XX
DE	T02827|P42944|TransFac
0	0	75	22	3	C
1	9	0	5	86	T
2	1	0	0	99	T
3	100	0	0	0	A
4	0	0	0	100	T
5	0	100	0	0	C
6	55	1	33	11	R
7	11	4	72	13	G
8	17	44	7	32	N
9	22	36	16	26	N
10	24	18	32	26	N
11	20	27	27	26	N
12	28	22	24	26	N
13	61	16	8	15	A
XX
DE	T02837|P09007|TransFac
0	73	2	23	2	A
1	1	0	99	0	G
2	92	1	0	7	A
3	4	0	0	96	T
4	1	94	1	4	C
5	3	11	5	81	T
6	94	4	2	0	A
7	1	96	1	2	C
8	65	8	19	8	A
XX
DE	T02841|O13461|TransFac
0	42	18	0	40	W
1	35	26	21	18	N
2	45	13	25	17	N
3	39	38	11	12	N
4	6	0	25	69	T
5	0	68	18	14	C
6	9	54	37	0	S
7	5	55	21	19	N
8	20	50	21	9	N
9	25	3	56	16	R
10	42	26	26	6	N
11	25	9	48	18	N
12	30	42	25	3	N
13	21	17	50	12	N
14	66	8	0	26	A
15	41	17	23	19	N
16	32	24	29	15	N
17	14	27	48	11	N
18	7	0	86	7	G
19	57	37	0	6	M
XX
DE	T02846|P49413|TransFac
0	60	0	40	0	A
1	20	20	0	60	T
2	0	100	0	0	C
3	0	0	100	0	G
4	0	60	40	0	C
5	60	40	0	0	A
6	20	0	60	20	G
7	0	40	40	20	S
8	40	40	0	20	M
9	0	40	40	20	S
10	0	0	60	40	G
11	0	100	0	0	C
12	0	100	0	0	C
13	0	0	100	0	G
14	80	20	0	0	A
15	0	60	0	40	C
XX
DE	T02848|P43634|TransFac
0	69	5	7	19	A
1	37	9	7	47	W
2	6	65	4	25	C
3	0	23	1	76	T
4	0	99	0	1	C
5	0	99	1	0	C
6	1	1	98	0	G
7	1	97	1	1	C
8	11	69	4	16	C
XX
DE	T03200|P34233|TransFac
0	0	85	5	10	C
1	0	100	0	0	C
2	25	10	60	5	G
3	25	25	45	5	N
4	70	0	30	0	A
5	0	5	10	85	T
6	15	65	5	15	C
7	40	0	45	15	R
8	0	0	95	5	G
9	0	0	95	5	G
XX
DE	T03227|P39113|TransFac
0	0	100	0	0	C
1	0	100	0	0	C
2	79	0	17	4	A
3	0	8	8	84	T
4	0	8	0	92	T
5	16	47	25	12	N
6	33	17	50	0	R
7	14	12	21	53	N
8	0	100	0	0	C
9	0	100	0	0	C
10	0	0	100	0	G
XX
DE	T03293|P21657|TransFac
0	100	0	0	0	A
1	100	0	0	0	A
2	100	0	0	0	A
3	100	0	0	0	A
4	0	0	100	0	G
5	0	100	0	0	C
6	0	100	0	0	C
7	0	0	100	0	G
8	0	100	0	0	C
9	0	0	100	0	G
10	0	0	100	0	G
11	0	0	100	0	G
12	0	100	0	0	C
13	0	0	100	0	G
14	0	0	100	0	G
15	0	0	100	0	G
16	100	0	0	0	A
17	0	0	0	100	T
18	0	0	0	100	T
XX
DE	T03300|Q05958|TransFac
0	1	78	20	1	C
1	1	3	95	1	G
2	4	1	94	1	G
3	24	2	72	2	G
4	14	26	16	44	N
5	23	30	34	13	N
6	23	8	42	27	N
7	25	63	6	6	C
8	1	89	8	2	C
9	1	2	97	0	G
10	1	1	98	0	G
11	82	4	6	8	A
XX
DE	T03315|Q07928|TransFac
0	2	2	88	8	G
1	0	2	1	97	T
2	78	5	14	3	A
3	5	1	93	1	G
4	88	0	0	12	A
5	8	0	1	91	T
6	2	95	1	2	C
7	4	27	3	66	T
8	39	29	24	8	N
9	36	23	20	21	N
10	28	22	17	33	N
11	15	18	16	51	N
12	8	10	22	60	T
XX
DE	T03316|P40569|TransFac
0	10	18	12	60	T
1	74	2	21	3	A
2	1	0	99	0	G
3	96	0	0	4	A
4	5	0	0	95	T
5	0	97	0	3	C
6	2	13	2	83	T
XX
DE	T03322|P26370|TransFac
0	10	44	27	19	N
1	4	29	63	4	G
2	0	0	100	0	G
3	0	100	0	0	C
4	0	0	100	0	G
5	0	0	100	0	G
6	2	27	69	2	G
XX
DE	T03425|Q12180|TransFac
0	1	6	19	74	T
1	4	91	4	1	C
2	1	84	9	6	C
3	1	3	90	6	G
4	25	25	25	25	N
5	25	25	25	25	N
6	25	25	25	25	N
7	25	25	25	25	N
8	25	25	25	25	N
9	25	25	25	25	N
10	25	25	25	25	N
11	25	25	25	25	N
12	25	25	25	25	N
13	13	31	43	13	N
14	3	94	2	1	C
15	3	5	91	1	G
16	1	2	95	2	G
17	86	10	3	1	A
18	63	0	37	0	A
XX
DE	T03472|P40971|TransFac
0	79	1	5	15	A
1	80	4	7	9	A
2	94	0	0	6	A
3	1	0	0	99	T
4	0	3	0	97	T
5	0	99	1	0	C
6	0	100	0	0	C
7	2	6	90	2	G
XX
DE	T03524|P12383|TransFac
0	5	5	1	89	T
1	4	19	6	71	T
2	1	94	1	4	C
3	0	99	1	0	C
4	22	1	77	0	G
5	5	72	21	2	C
6	23	2	73	2	G
7	21	1	74	4	G
8	74	9	9	8	A
XX
DE	T03525|P33200|TransFac
0	0	2	0	98	T
1	0	91	9	0	C
2	0	100	0	0	C
3	0	0	100	0	G
4	0	80	0	20	C
5	0	0	100	0	G
6	0	0	100	0	G
7	100	0	0	0	A
XX
DE	T03556|P32862|TransFac
0	29	1	0	70	T
1	9	1	0	90	T
2	21	12	11	56	N
3	22	14	4	60	T
4	0	4	1	95	T
5	0	100	0	0	C
6	0	100	0	0	C
7	5	0	89	6	G
XX
DE	T03675|P50104|TransFac
0	9	43	9	39	Y
1	0	0	0	100	T
2	0	100	0	0	C
3	0	0	100	0	G
4	0	0	100	0	G
5	100	0	0	0	A
XX
DE	T03683|P38141|TransFac
0	8	0	92	0	G
1	0	0	100	0	G
2	51	44	0	5	M
3	100	0	0	0	A
4	100	0	0	0	A
5	0	81	0	19	C
6	0	40	0	60	Y
7	5	45	43	7	S
8	35	0	0	65	T
9	73	0	0	27	A
10	100	0	0	0	A
11	0	0	100	0	G
12	100	0	0	0	A
13	64	0	36	0	A
14	10	83	7	0	C
XX
DE	T03708|P39720|TransFac
0	13	9	9	69	T
1	79	4	4	13	A
2	37	3	5	55	W
3	26	52	9	13	N
4	1	31	4	64	T
5	0	98	1	1	C
6	0	98	2	0	C
7	1	1	98	0	G
8	55	7	29	9	R
XX
DE	T03716|Q12172|TransFac
0	9	11	8	72	T
1	19	5	2	74	T
2	92	1	2	5	A
3	15	5	2	78	T
4	20	22	6	52	N
5	2	14	4	80	T
6	0	99	1	0	C
7	0	100	0	0	C
8	3	0	95	2	G
9	4	49	10	37	Y
XX
DE	T03722|Q9SI37|TransFac
0	2	0	2	96	T
1	2	0	0	98	T
2	2	0	98	0	G
3	96	2	2	0	A
4	4	96	0	0	C
5	2	90	4	4	C
6	8	10	76	6	G
7	63	23	8	6	A
8	4	15	71	10	G
9	4	54	13	29	Y
XX
DE	T03975|Q40090|TransFac
0	57	0	0	43	W
1	57	43	0	0	M
2	100	0	0	0	A
3	0	29	0	71	T
4	100	0	0	0	A
5	0	0	100	0	G
6	0	0	0	100	T
7	72	14	14	0	A
8	43	0	14	43	W
9	43	0	0	57	W
XX
DE	T04017|O93258|TransFac
0	3	86	9	2	C
1	97	0	3	0	A
2	98	0	0	2	A
3	0	0	100	0	G
4	0	0	97	3	G
5	5	26	0	69	T
6	13	60	4	23	C
7	81	11	4	4	A
XX
DE	T04018|Q9YI95|TransFac
0	3	86	9	2	C
1	97	0	3	0	A
2	98	0	0	2	A
3	0	0	100	0	G
4	0	0	97	3	G
5	5	26	0	69	T
6	13	60	4	23	C
7	81	11	4	4	A
XX
DE	T04312|Q06219|TransFac
0	0	24	0	76	T
1	24	0	76	0	G
2	66	0	34	0	A
3	0	100	0	0	C
4	0	100	0	0	C
5	0	0	0	100	T
6	4	10	0	86	T
7	0	29	7	64	T
XX
DE	T04566|Q04052|TransFac
0	18	6	7	69	T
1	32	1	0	67	T
2	33	30	35	2	N
3	0	99	1	0	C
4	0	98	2	0	C
5	1	0	98	1	G
6	75	1	23	1	A
7	19	3	74	4	G
XX
DE	T04579|Q06639|TransFac
0	34	3	12	51	W
1	47	36	5	12	M
2	44	24	15	17	N
3	15	18	36	31	N
4	63	13	15	9	A
5	22	30	32	16	N
6	9	58	20	13	N
7	12	12	71	5	G
8	0	99	1	0	C
9	0	1	99	0	G
10	1	98	0	1	C
11	3	3	94	0	G
12	8	74	11	7	C
13	4	19	28	49	N
14	34	36	16	14	N
15	23	22	14	41	N
16	21	13	33	33	N
17	9	6	21	64	T
XX
DE	T04582|P53032|TransFac
0	10	60	20	10	C
1	20	5	75	0	G
2	0	100	0	0	C
3	0	25	75	0	G
4	0	15	85	0	G
5	20	15	65	0	G
6	20	5	75	0	G
XX
DE	T04595|P46974|TransFac
0	15	15	15	55	N
1	31	11	11	47	N
2	0	100	0	0	C
3	0	100	0	0	C
4	0	100	0	0	C
5	0	100	0	0	C
6	19	4	53	24	N
7	5	85	5	5	C
XX
DE	T04612|Q12151|TransFac
0	16	25	19	40	N
1	59	3	29	9	R
2	38	0	0	62	T
3	100	0	0	0	A
4	0	100	0	0	C
5	1	0	99	0	G
XX
DE	T04614|P19541|TransFac
0	67	6	14	13	A
1	77	3	10	10	A
2	81	6	3	10	A
3	32	38	6	24	N
4	1	73	1	25	C
5	0	99	1	0	C
6	0	98	2	0	C
7	0	0	100	0	G
8	97	1	1	1	A
XX
DE	T04618|O54915|TransFac
0	3	13	7	77	T
1	6	9	82	3	G
2	56	18	15	11	N
3	49	46	2	3	M
4	3	94	0	3	C
5	2	11	26	61	T
6	13	29	14	44	N
7	20	32	15	33	N
8	49	26	11	14	N
9	11	22	33	34	N
10	2	8	18	72	T
11	44	6	49	1	R
12	83	14	2	1	A
13	5	87	2	6	C
14	3	84	1	12	C
XX
DE	T04678|P79386|TransFac
0	32	19	35	14	N
1	39	27	24	10	N
2	43	6	34	17	N
3	17	27	40	16	N
4	26	24	23	27	N
5	14	24	35	27	N
6	19	45	27	9	N
7	85	0	14	1	A
8	97	0	3	0	A
9	5	0	94	1	G
10	0	0	96	4	G
11	4	11	2	83	T
12	0	88	11	1	C
13	77	4	1	18	A
14	17	37	33	13	N
15	29	31	21	19	N
16	17	21	31	31	N
17	21	20	28	31	N
18	23	32	20	25	N
19	29	32	22	17	N
XX
DE	T04685|P49844|TransFac
0	62	12	6	20	A
1	7	68	8	17	C
2	55	25	8	12	M
3	45	22	16	17	N
4	28	12	13	47	N
5	26	31	30	13	N
6	7	0	1	92	T
7	0	1	98	1	G
8	3	2	0	95	T
9	8	29	10	53	Y
10	1	94	4	1	C
11	17	13	0	70	T
XX
DE	T04780|O18971|TransFac
0	8	2	4	86	T
1	4	13	80	3	G
2	86	9	1	4	A
3	12	87	1	0	C
4	1	97	1	1	C
5	2	14	3	81	T
6	28	6	5	61	T
7	3	14	8	75	T
8	14	5	59	22	K
9	44	16	13	27	N
10	4	91	0	5	C
11	4	92	2	2	C
XX
DE	T05175|NA|TransFac
0	29	0	71	0	G
1	14	0	86	0	G
2	14	0	86	0	G
3	0	0	0	100	T
4	0	29	29	42	N
5	86	0	0	14	A
6	86	14	0	0	A
7	0	0	0	100	T
8	43	0	57	0	R
9	86	0	0	14	A
10	0	100	0	0	C
11	0	100	0	0	C
12	0	43	0	57	Y
XX
DE	T06043|NA|TransFac
0	26	26	5	43	N
1	11	52	16	21	N
2	100	0	0	0	A
3	0	0	100	0	G
4	100	0	0	0	A
5	0	0	0	100	T
6	0	100	0	0	C
7	0	21	0	79	T
8	73	0	16	11	A
9	21	27	26	26	N
XX
DE	T06181|P57717|TransFac
0	66	11	15	8	A
1	27	2	68	3	G
2	15	11	67	7	G
3	16	11	11	62	T
4	5	72	8	15	C
5	72	8	14	6	A
6	8	52	18	22	N
7	18	33	18	31	N
8	15	22	41	22	N
9	1	2	1	96	T
10	1	2	93	4	G
11	95	4	0	1	A
12	0	98	2	0	C
13	5	88	2	5	C
14	14	24	5	57	Y
XX
DE	T06191|P50240|TransFac
0	74	4	17	5	A
1	20	44	22	14	N
2	26	28	29	17	N
3	21	18	43	18	N
4	7	8	5	80	T
5	7	9	77	7	G
6	77	11	5	7	A
7	7	84	4	5	C
8	6	78	3	13	C
9	5	22	12	61	T
XX
DE	T06193|P50241|TransFac
0	74	4	17	5	A
1	20	44	22	14	N
2	26	28	29	17	N
3	21	18	43	18	N
4	7	8	5	80	T
5	7	9	77	7	G
6	77	11	5	7	A
7	7	84	4	5	C
8	6	78	3	13	C
9	5	22	12	61	T
XX
DE	T06197|P50242|TransFac
0	74	4	17	5	A
1	20	44	22	14	N
2	26	28	29	17	N
3	21	18	43	18	N
4	7	8	5	80	T
5	7	9	77	7	G
6	77	11	5	7	A
7	7	84	4	5	C
8	6	78	3	13	C
9	5	22	12	61	T
XX
DE	T06199|Q9PVZ9|TransFac
0	74	4	17	5	A
1	20	44	22	14	N
2	26	28	29	17	N
3	21	18	43	18	N
4	7	8	5	80	T
5	7	9	77	7	G
6	77	11	5	7	A
7	7	84	4	5	C
8	6	78	3	13	C
9	5	22	12	61	T
XX
DE	T06200|O13012|TransFac
0	23	41	21	15	N
1	74	8	18	0	A
2	3	0	92	5	G
3	0	0	100	0	G
4	3	0	8	89	T
5	3	89	8	0	C
6	94	3	0	3	A
7	15	43	21	21	N
8	18	28	41	13	N
9	18	28	44	10	N
10	10	28	8	54	Y
XX
DE	T06205|Q9IAK1|TransFac
0	23	41	21	15	N
1	74	8	18	0	A
2	3	0	92	5	G
3	0	0	100	0	G
4	3	0	8	89	T
5	3	89	8	0	C
6	94	3	0	3	A
7	15	43	21	21	N
8	18	28	41	13	N
9	18	28	44	10	N
10	10	28	8	54	Y
XX
DE	T06206|P57781|TransFac
0	23	41	21	15	N
1	74	8	18	0	A
2	3	0	92	5	G
3	0	0	100	0	G
4	3	0	8	89	T
5	3	89	8	0	C
6	94	3	0	3	A
7	15	43	21	21	N
8	18	28	41	13	N
9	18	28	44	10	N
10	10	28	8	54	Y
XX
DE	T06207|P57782|TransFac
0	23	41	21	15	N
1	74	8	18	0	A
2	3	0	92	5	G
3	0	0	100	0	G
4	3	0	8	89	T
5	3	89	8	0	C
6	94	3	0	3	A
7	15	43	21	21	N
8	18	28	41	13	N
9	18	28	44	10	N
10	10	28	8	54	Y
XX
DE	T06222|Q9W6M2|TransFac
0	23	41	21	15	N
1	74	8	18	0	A
2	3	0	92	5	G
3	0	0	100	0	G
4	3	0	8	89	T
5	3	89	8	0	C
6	94	3	0	3	A
7	15	43	21	21	N
8	18	28	41	13	N
9	18	28	44	10	N
10	10	28	8	54	Y
XX
DE	T06223|Q9PVE2|TransFac
0	23	41	21	15	N
1	74	8	18	0	A
2	3	0	92	5	G
3	0	0	100	0	G
4	3	0	8	89	T
5	3	89	8	0	C
6	94	3	0	3	A
7	15	43	21	21	N
8	18	28	41	13	N
9	18	28	44	10	N
10	10	28	8	54	Y
XX
DE	T06227|P49843|TransFac
0	62	12	6	20	A
1	7	68	8	17	C
2	55	25	8	12	M
3	45	22	16	17	N
4	28	12	13	47	N
5	26	31	30	13	N
6	7	0	1	92	T
7	0	1	98	1	G
8	3	2	0	95	T
9	8	29	10	53	Y
10	1	94	4	1	C
11	17	13	0	70	T
XX
DE	T06228|O73673|TransFac
0	62	12	6	20	A
1	7	68	8	17	C
2	55	25	8	12	M
3	45	22	16	17	N
4	28	12	13	47	N
5	26	31	30	13	N
6	7	0	1	92	T
7	0	1	98	1	G
8	3	2	0	95	T
9	8	29	10	53	Y
10	1	94	4	1	C
11	17	13	0	70	T
XX
DE	T08292|P15976|TransFac
0	5	26	9	60	T
1	19	5	2	74	T
2	100	0	0	0	A
3	1	0	0	99	T
4	0	100	0	0	C
XX
DE	T08293|P17678|TransFac
0	5	26	9	60	T
1	19	5	2	74	T
2	100	0	0	0	A
3	1	0	0	99	T
4	0	100	0	0	C
XX
DE	T08410|NA|TransFac
0	48	7	8	37	W
1	100	0	0	0	A
2	100	0	0	0	A
3	100	0	0	0	A
4	0	0	100	0	G
5	3	16	53	28	K
XX
DE	T08411|NA|TransFac
0	37	25	38	0	N
1	0	38	0	62	T
2	37	25	13	25	N
3	25	37	13	25	N
4	25	50	25	0	N
5	0	100	0	0	C
6	0	0	0	100	T
7	0	0	0	100	T
8	0	0	0	100	T
9	25	25	0	50	N
XX
DE	T08431|P23204|TransFac
0	68	3	23	6	A
1	1	1	96	2	G
2	2	3	93	2	G
3	11	20	11	58	N
4	8	83	4	5	C
5	93	2	4	1	A
6	51	3	4	42	W
7	77	0	9	14	A
8	3	4	88	5	G
9	5	1	72	22	G
10	3	0	29	68	T
11	0	62	36	2	C
12	58	3	3	36	W
XX
DE	T08451|P12813|TransFac
0	0	4	0	96	T
1	9	0	91	0	G
2	79	0	15	6	A
3	0	100	0	0	C
4	0	100	0	0	C
5	0	0	0	100	T
6	4	0	0	96	T
7	0	32	20	48	N
XX
DE	T08475|P06536|TransFac
0	77	0	10	13	A
1	1	3	95	1	G
2	61	8	24	7	A
3	96	0	2	2	A
4	0	99	1	0	C
5	94	0	0	6	A
6	12	36	29	23	N
7	40	18	13	29	N
8	20	15	30	35	N
9	12	19	19	50	N
10	13	7	76	4	G
11	15	8	8	69	T
12	48	16	17	19	N
13	15	69	7	9	C
XX
DE	T08481|P13053|TransFac
0	24	74	0	2	C
1	5	52	11	32	Y
2	10	35	12	43	N
3	16	35	15	34	N
4	34	27	19	20	N
5	16	30	34	20	N
6	4	4	5	87	T
7	15	17	61	7	G
8	82	16	2	0	A
9	29	68	1	2	C
10	3	85	2	10	C
11	2	63	2	33	C
XX
DE	T08487|P10275|TransFac
0	36	2	55	7	R
1	4	0	92	4	G
2	32	7	14	47	N
3	80	3	8	9	A
4	0	92	7	1	C
5	58	5	29	8	R
6	12	27	24	37	N
7	23	17	36	24	N
8	25	13	43	19	N
9	9	8	0	83	T
10	0	0	100	0	G
11	1	0	1	98	T
12	15	4	7	74	T
13	3	97	0	0	C
14	5	9	1	85	T
XX
DE	T08507|O42186|TransFac
0	4	10	16	70	T
1	24	6	58	12	R
2	61	4	32	3	A
3	1	99	0	0	C
4	0	100	0	0	C
5	4	2	0	94	T
6	0	1	0	99	T
7	1	5	93	1	G
XX
DE	T08639|P37234|TransFac
0	8	2	4	86	T
1	4	13	80	3	G
2	86	9	1	4	A
3	12	87	1	0	C
4	1	97	1	1	C
5	2	14	3	81	T
6	28	6	5	61	T
7	3	14	8	75	T
8	14	5	59	22	K
9	44	16	13	27	N
10	4	91	0	5	C
11	4	92	2	2	C
XX
DE	T08805|NA|TransFac
0	0	20	0	80	T
1	0	0	20	80	T
2	80	0	0	20	A
3	0	40	0	60	T
4	0	0	0	100	T
5	0	60	0	40	C
6	60	0	40	0	A
7	0	0	100	0	G
8	0	20	0	80	T
9	0	100	0	0	C
10	100	0	0	0	A
XX
DE	T08867|P28702|TransFac
0	19	7	67	7	G
1	20	9	63	8	G
2	29	2	9	60	T
3	2	35	33	30	N
4	60	2	31	7	A
5	8	38	17	37	N
6	11	39	9	41	N
7	54	18	14	14	N
8	44	16	24	16	N
9	72	15	12	1	A
10	1	0	96	3	G
11	2	1	81	16	G
12	14	4	12	70	T
13	3	86	5	6	C
14	82	7	9	2	A
XX
DE	T08972|P10588|TransFac
0	2	29	7	62	T
1	10	9	66	15	G
2	59	10	19	12	N
3	24	51	13	12	N
4	0	100	0	0	C
5	0	29	0	71	T
6	3	15	1	81	T
7	0	0	0	100	T
8	5	1	91	3	G
9	45	22	24	9	N
10	25	68	1	6	C
11	6	89	0	5	C
12	8	37	2	53	Y
XX
DE	T09147|AF6186|TransFac
0	0	20	0	80	T
1	0	0	20	80	T
2	80	0	0	20	A
3	0	40	0	60	T
4	0	0	0	100	T
5	0	60	0	40	C
6	60	0	40	0	A
7	0	0	100	0	G
8	0	20	0	80	T
9	0	100	0	0	C
10	100	0	0	0	A
XX
DE	T09519|P33242-1|TransFac
0	4	10	16	70	T
1	24	6	58	12	R
2	61	4	32	3	A
3	1	99	0	0	C
4	0	100	0	0	C
5	4	2	0	94	T
6	0	1	0	99	T
7	1	5	93	1	G
XX
DE	T09944|P51843|TransFac
0	32	19	35	14	N
1	39	27	24	10	N
2	43	6	34	17	N
3	17	27	40	16	N
4	26	24	23	27	N
5	14	24	35	27	N
6	19	45	27	9	N
7	85	0	14	1	A
8	97	0	3	0	A
9	5	0	94	1	G
10	0	0	96	4	G
11	4	11	2	83	T
12	0	88	11	1	C
13	77	4	1	18	A
14	17	37	33	13	N
15	29	31	21	19	N
16	17	21	31	31	N
17	21	20	28	31	N
18	23	32	20	25	N
19	29	32	22	17	N
XX
DE	T10220|NA|TransFac
0	57	6	8	29	W
1	3	1	93	3	G
2	100	0	0	0	A
3	6	0	0	94	T
4	89	3	1	7	A
XX
DE	T10265|P45448|TransFac
0	28	9	56	7	R
1	49	8	38	5	R
2	3	97	0	0	C
3	0	99	0	1	C
4	4	5	0	91	T
5	0	0	0	100	T
6	0	1	99	0	G
XX
DE	T10392|P23825|TransFac
0	17	21	5	57	N
1	12	4	13	71	T
2	98	1	1	0	A
3	0	0	0	100	T
4	0	100	0	0	C
XX
DE	T10760|P12351|TransFac
0	20	0	40	40	K
1	0	80	20	0	C
2	0	100	0	0	C
3	0	0	100	0	G
4	40	0	20	40	W
5	20	0	0	80	T
6	94	2	2	2	A
7	41	2	2	55	W
8	8	56	13	23	N
9	10	16	0	74	T
10	0	90	10	0	C
11	0	100	0	0	C
12	10	0	80	10	G
13	20	0	40	40	K
XX
DE	T10849|P38699|TransFac
0	0	100	0	0	C
1	0	0	100	0	G
2	0	0	100	0	G
3	23	19	26	32	N
4	23	23	46	8	N
5	19	25	12	44	N
6	6	12	6	76	T
XX
DE	T11050|Q9Z0E3|TransFac
0	34	3	9	54	W
1	25	6	22	47	N
2	32	25	2	41	N
3	61	15	19	5	A
4	47	21	15	17	N
5	0	94	3	3	C
6	3	94	3	0	C
7	70	3	11	16	A
8	66	5	8	21	A
9	17	17	12	54	N
10	64	12	7	17	A
11	13	12	10	65	T
12	73	2	6	19	A
13	72	2	5	21	A
14	0	100	0	0	C
15	0	100	0	0	C
16	71	8	8	13	A
17	54	17	16	13	N
18	13	5	18	64	T
19	22	4	7	67	T
20	67	16	3	14	A
21	70	16	3	11	A
22	20	8	8	64	T
23	77	0	10	13	A
24	76	2	8	14	A
25	0	58	21	21	N
26	0	73	27	0	C
XX
DE	T11394|P07812|TransFac
0	81	1	13	5	A
1	0	0	98	2	G
2	66	7	22	5	A
3	97	0	0	3	A
4	0	99	1	0	C
5	85	1	4	10	A
6	15	32	33	20	N
7	32	24	22	22	N
8	36	20	23	21	N
9	30	16	10	44	N
10	9	6	84	1	G
11	19	12	5	64	T
12	39	19	16	26	N
13	17	70	2	11	C
XX
DE	T14187|O43918|TransFac
0	34	3	9	54	W
1	25	6	22	47	N
2	32	25	2	41	N
3	61	15	19	5	A
4	47	21	15	17	N
5	0	94	3	3	C
6	3	94	3	0	C
7	70	3	11	16	A
8	66	5	8	21	A
9	17	17	12	54	N
10	64	12	7	17	A
11	13	12	10	65	T
12	73	2	6	19	A
13	72	2	5	21	A
14	0	100	0	0	C
15	0	100	0	0	C
16	71	8	8	13	A
17	54	17	16	13	N
18	13	5	18	64	T
19	22	4	7	67	T
20	67	16	3	14	A
21	70	16	3	11	A
22	20	8	8	64	T
23	77	0	10	13	A
24	76	2	8	14	A
25	0	58	21	21	N
26	0	73	27	0	C
XX
DE	T14447|O24463|TransFac
0	0	100	0	0	C
1	0	0	0	100	T
2	0	0	0	100	T
3	0	0	0	100	T
4	44	5	6	45	W
XX
DE	T14511|Q9DF24|TransFac
0	30	67	0	3	C
1	2	37	25	36	N
2	11	30	15	44	N
3	4	32	14	50	Y
4	44	27	9	20	N
5	17	39	22	22	N
6	3	2	6	89	T
7	30	11	55	4	R
8	81	12	5	2	A
9	23	72	4	1	C
10	2	83	2	13	C
11	3	63	2	32	C
XX
DE	T15096|P70503|TransFac
0	32	19	35	14	N
1	39	27	24	10	N
2	43	6	34	17	N
3	17	27	40	16	N
4	26	24	23	27	N
5	14	24	35	27	N
6	19	45	27	9	N
7	85	0	14	1	A
8	97	0	3	0	A
9	5	0	94	1	G
10	0	0	96	4	G
11	4	11	2	83	T
12	0	88	11	1	C
13	77	4	1	18	A
14	17	37	33	13	N
15	29	31	21	19	N
16	17	21	31	31	N
17	21	20	28	31	N
18	23	32	20	25	N
19	29	32	22	17	N
XX
DE	T15264|Q41800|TransFac
0	0	100	0	0	C
1	0	0	0	100	T
2	0	0	0	100	T
3	0	0	0	100	T
4	29	16	5	50	N
XX
DE	T15518|Q94883|TransFac
0	67	11	0	22	A
1	20	30	50	0	S
2	10	60	10	20	C
3	15	5	5	75	T
4	80	0	5	15	A
5	10	0	10	80	T
6	0	100	0	0	C
7	0	0	100	0	G
8	90	0	0	10	A
9	10	0	0	90	T
10	85	0	0	15	A
11	46	0	15	39	W
XX
DE	T16098|P17012|TransFac
0	9	38	48	5	S
1	18	34	34	14	N
2	4	52	43	1	S
3	9	54	18	19	N
4	71	6	22	1	A
5	0	0	100	0	G
6	0	1	98	1	G
7	0	100	0	0	C
8	1	96	1	2	C
9	3	19	45	33	N
10	12	61	15	12	C
11	27	5	62	6	G
12	5	35	58	2	S
13	15	53	22	10	N
14	10	38	44	8	S
15	8	45	43	4	S
XX
DE	T16251|Q92908-1|TransFac
0	7	29	9	55	Y
1	12	3	1	84	T
2	100	0	0	0	A
3	0	0	1	99	T
4	0	99	0	1	C
XX
DE	T16674|NA|TransFac
0	5	29	9	57	Y
1	23	0	0	77	T
2	100	0	0	0	A
3	0	0	0	100	T
4	0	99	0	1	C
XX
DE	T16706|Q7T1K4|TransFac
0	36	2	55	7	R
1	4	0	92	4	G
2	32	7	14	47	N
3	80	3	8	9	A
4	0	92	7	1	C
5	58	5	29	8	R
6	12	27	24	37	N
7	23	17	36	24	N
8	25	13	43	19	N
9	9	8	0	83	T
10	0	0	100	0	G
11	1	0	1	98	T
12	15	4	7	74	T
13	3	97	0	0	C
14	5	9	1	85	T
XX
DE	T16714|P51129|TransFac
0	33	45	3	19	N
1	17	38	28	17	N
2	8	14	11	67	T
3	6	19	72	3	G
4	36	8	3	53	W
5	6	91	3	0	C
6	0	100	0	0	C
7	0	11	3	86	T
8	3	28	28	41	N
XX
DE	T18420|NA|TransFac
0	8	6	8	78	T
1	3	5	88	4	G
2	66	5	24	5	A
3	31	58	3	8	M
4	4	93	2	1	C
5	1	31	2	66	T
6	9	20	4	67	T
7	8	4	3	85	T
8	9	3	82	6	G
9	36	19	33	12	N
10	24	62	9	5	C
11	8	83	0	9	C
XX
DE	T18905|P06211|TransFac
0	66	11	15	8	A
1	27	2	68	3	G
2	15	11	67	7	G
3	16	11	11	62	T
4	5	72	8	15	C
5	72	8	14	6	A
6	8	52	18	22	N
7	18	33	18	31	N
8	15	22	41	22	N
9	1	2	1	96	T
10	1	2	93	4	G
11	95	4	0	1	A
12	0	98	2	0	C
13	5	88	2	5	C
14	14	24	5	57	Y
XX
DE	T18946|Q924Y4|TransFac
0	0	1	99	0	G
1	100	0	0	0	A
2	0	1	0	99	T
3	84	7	5	4	A
4	61	7	21	11	A
XX
DE	T19680|P43691|TransFac
0	57	6	8	29	W
1	3	1	93	3	G
2	100	0	0	0	A
3	6	0	0	94	T
4	89	3	1	7	A
XX
DE	T19682|Q91677|TransFac
0	14	30	3	53	Y
1	11	2	5	82	T
2	90	0	0	10	A
3	0	0	0	100	T
4	5	89	1	5	C
5	26	4	4	66	T
XX
DE	T19709|P51128|TransFac
0	22	5	68	5	G
1	5	4	85	6	G
2	2	2	52	44	K
3	2	24	9	65	T
4	34	44	15	7	N
5	65	15	18	2	A
6	10	6	22	62	T
7	34	10	29	27	N
8	35	18	39	8	N
9	56	14	30	0	R
10	1	0	98	1	G
11	1	1	73	25	G
12	20	9	14	57	N
13	2	69	19	10	C
14	65	5	21	9	A
XX
DE	T21283|Q498D1|TransFac
0	31	7	3	59	W
1	9	15	17	59	N
2	32	11	32	25	N
3	25	5	18	52	N
4	0	13	0	87	T
5	21	0	63	16	G
6	8	3	3	86	T
7	0	3	8	89	T
8	1	0	1	98	T
9	68	0	14	18	A
10	3	37	4	56	Y
11	23	20	23	34	N
12	12	10	15	63	T
XX
DE	T21910|Q9TTR8|TransFac
0	3	23	7	67	T
1	8	7	74	11	G
2	68	6	18	8	A
3	21	59	12	8	N
4	0	100	0	0	C
5	0	34	0	66	T
6	6	16	3	75	T
7	0	0	0	100	T
8	4	1	91	4	G
9	52	16	27	5	N
10	28	66	2	4	C
11	7	92	0	1	C
12	7	41	3	49	Y
XX
DE	THRA|Q1RMT4|MatBase
0	8	31	4	57	Y
1	34	23	8	35	N
2	3	4	5	88	T
3	9	5	85	1	G
4	74	10	9	7	A
5	45	51	3	1	M
6	2	95	0	3	C
7	1	10	8	81	T
8	11	31	10	48	N
9	25	18	11	46	N
10	41	19	27	13	N
11	30	23	39	8	N
12	0	22	6	72	T
13	17	25	55	3	S
14	78	16	3	3	A
15	8	77	4	11	C
16	3	96	0	1	C
17	2	45	0	53	Y
XX
DE	TRPS1|Q9UHF7|MatBase
0	4	23	7	66	T
1	18	0	0	82	T
2	100	0	0	0	A
3	0	0	0	100	T
4	0	100	0	0	C
XX
DE	Thrb|Q3HW36|MatBase
0	8	31	4	57	Y
1	34	23	8	35	N
2	3	4	5	88	T
3	9	5	85	1	G
4	74	10	9	7	A
5	45	51	3	1	M
6	2	95	0	3	C
7	1	10	8	81	T
8	11	31	10	48	N
9	25	18	11	46	N
10	41	19	27	13	N
11	30	23	39	8	N
12	0	22	6	72	T
13	17	25	55	3	S
14	78	16	3	3	A
15	8	77	4	11	C
16	3	96	0	1	C
17	2	45	0	53	Y
XX
DE	ar|A4GT83|MatBase
0	12	2	71	15	G
1	35	14	20	31	N
2	70	4	9	17	A
3	1	87	5	7	C
4	48	10	14	28	N
5	18	25	22	35	N
6	24	21	23	32	N
7	19	36	33	12	N
8	9	4	1	86	T
9	0	0	100	0	G
10	3	0	0	97	T
11	8	17	10	65	T
12	2	98	0	0	C
13	1	17	1	81	T
XX
DE	esrra|A0JM86|MatBase
0	23	1	71	5	G
1	10	8	80	2	G
2	16	8	15	61	T
3	0	87	4	9	C
4	87	5	4	4	A
5	13	44	20	23	N
6	16	37	22	25	N
7	16	31	39	14	N
8	0	3	1	96	T
9	2	2	93	3	G
10	89	3	1	7	A
11	0	100	0	0	C
12	4	92	0	4	C
13	11	19	3	67	T
XX
DE	esrra|Q6Q6F6|MatBase
0	23	1	71	5	G
1	10	8	80	2	G
2	16	8	15	61	T
3	0	87	4	9	C
4	87	5	4	4	A
5	13	44	20	23	N
6	16	37	22	25	N
7	16	31	39	14	N
8	0	3	1	96	T
9	2	2	93	3	G
10	89	3	1	7	A
11	0	100	0	0	C
12	4	92	0	4	C
13	11	19	3	67	T
XX
DE	esrrd|Q6Q6F3|MatBase
0	23	1	71	5	G
1	10	8	80	2	G
2	16	8	15	61	T
3	0	87	4	9	C
4	87	5	4	4	A
5	13	44	20	23	N
6	16	37	22	25	N
7	16	31	39	14	N
8	0	3	1	96	T
9	2	2	93	3	G
10	89	3	1	7	A
11	0	100	0	0	C
12	4	92	0	4	C
13	11	19	3	67	T
XX
DE	facB|A2QRM7|MatBase
0	0	0	0	100	T
1	0	100	0	0	C
2	0	45	33	22	N
3	0	45	33	22	N
4	0	67	11	22	C
5	13	25	0	62	T
6	57	14	29	0	R
7	0	34	33	33	N
8	17	6	66	11	G
9	0	64	23	13	C
10	6	73	10	11	C
11	40	21	33	6	N
12	46	0	44	10	R
13	0	0	100	0	G
14	10	6	84	0	G
15	80	0	20	0	A
16	60	0	20	20	A
17	80	20	0	0	A
18	20	20	40	20	N
19	0	100	0	0	C
20	0	0	0	100	T
21	0	0	100	0	G
22	0	100	0	0	C
XX
DE	gata1|Q90410|MatBase
0	4	23	7	66	T
1	18	0	0	82	T
2	100	0	0	0	A
3	0	0	0	100	T
4	0	100	0	0	C
XX
DE	gata2a|Q7T3G1|MatBase
0	4	23	7	66	T
1	18	0	0	82	T
2	100	0	0	0	A
3	0	0	0	100	T
4	0	100	0	0	C
XX
DE	gata4|Q9PTJ2|MatBase
0	4	23	7	66	T
1	18	0	0	82	T
2	100	0	0	0	A
3	0	0	0	100	T
4	0	100	0	0	C
XX
DE	gata5|Q9W6U0|MatBase
0	4	23	7	66	T
1	18	0	0	82	T
2	100	0	0	0	A
3	0	0	0	100	T
4	0	100	0	0	C
XX
DE	gata6|Q9PTJ1|MatBase
0	4	23	7	66	T
1	18	0	0	82	T
2	100	0	0	0	A
3	0	0	0	100	T
4	0	100	0	0	C
XX
DE	hnf4g|Q08CC7|MatBase
0	2	27	12	59	Y
1	8	6	75	11	G
2	70	6	16	8	A
3	25	56	11	8	M
4	0	100	0	0	C
5	0	29	0	71	T
6	3	11	1	85	T
7	0	0	0	100	T
8	3	1	83	13	G
9	41	13	42	4	R
10	37	59	1	3	M
11	6	93	0	1	C
12	6	53	2	39	Y
XX
DE	nr1d1|Q6TNS3|MatBase
0	5	67	2	26	C
1	43	29	8	20	N
2	16	31	32	21	N
3	0	0	0	100	T
4	1	0	99	0	G
5	99	1	0	0	A
6	0	99	1	0	C
7	9	90	0	1	C
8	0	26	0	74	T
9	70	8	9	13	A
10	9	39	30	22	N
11	44	0	2	54	W
12	11	5	7	77	T
XX
DE	nr1d2b|Q6GMI3|MatBase
0	5	67	2	26	C
1	43	29	8	20	N
2	16	31	32	21	N
3	0	0	0	100	T
4	1	0	99	0	G
5	99	1	0	0	A
6	0	99	1	0	C
7	9	90	0	1	C
8	0	26	0	74	T
9	70	8	9	13	A
10	9	39	30	22	N
11	44	0	2	54	W
12	11	5	7	77	T
XX
DE	nr1h3|Q56A56|MatBase
0	8	31	4	57	Y
1	34	23	8	35	N
2	3	4	5	88	T
3	9	5	85	1	G
4	74	10	9	7	A
5	45	51	3	1	M
6	2	95	0	3	C
7	1	10	8	81	T
8	11	31	10	48	N
9	25	18	11	46	N
10	41	19	27	13	N
11	30	23	39	8	N
12	0	22	6	72	T
13	17	25	55	3	S
14	78	16	3	3	A
15	8	77	4	11	C
16	3	96	0	1	C
17	2	45	0	53	Y
XX
DE	nr1h4|Q6DGW7|MatBase
0	72	0	28	0	A
1	0	0	100	0	G
2	0	0	94	6	G
3	11	0	0	89	T
4	0	67	0	33	C
5	83	0	6	11	A
6	11	50	0	39	Y
7	0	0	6	94	T
8	11	28	55	6	S
9	83	11	6	0	A
10	11	77	6	6	C
11	6	88	0	6	C
12	0	44	0	56	Y
XX
DE	nr1i2|A5WYG8|MatBase
0	8	31	4	57	Y
1	34	23	8	35	N
2	3	4	5	88	T
3	9	5	85	1	G
4	74	10	9	7	A
5	45	51	3	1	M
6	2	95	0	3	C
7	1	10	8	81	T
8	11	31	10	48	N
9	25	18	11	46	N
10	41	19	27	13	N
11	30	23	39	8	N
12	0	22	6	72	T
13	17	25	55	3	S
14	78	16	3	3	A
15	8	77	4	11	C
16	3	96	0	1	C
17	2	45	0	53	Y
XX
DE	nr2c1|Q503E0|MatBase
0	2	27	12	59	Y
1	8	6	75	11	G
2	70	6	16	8	A
3	25	56	11	8	M
4	0	100	0	0	C
5	0	29	0	71	T
6	3	11	1	85	T
7	0	0	0	100	T
8	3	1	83	13	G
9	41	13	42	4	R
10	37	59	1	3	M
11	6	93	0	1	C
12	6	53	2	39	Y
XX
DE	nr2c2|B0UXU0|MatBase
0	2	27	12	59	Y
1	8	6	75	11	G
2	70	6	16	8	A
3	25	56	11	8	M
4	0	100	0	0	C
5	0	29	0	71	T
6	3	11	1	85	T
7	0	0	0	100	T
8	3	1	83	13	G
9	41	13	42	4	R
10	37	59	1	3	M
11	6	93	0	1	C
12	6	53	2	39	Y
XX
DE	nr2f5|Q06726|MatBase
0	2	27	12	59	Y
1	8	6	75	11	G
2	70	6	16	8	A
3	25	56	11	8	M
4	0	100	0	0	C
5	0	29	0	71	T
6	3	11	1	85	T
7	0	0	0	100	T
8	3	1	83	13	G
9	41	13	42	4	R
