DE	ABI3|B9GR87|MatBase
0	15	0	58	27	K
1	4	80	16	0	C
2	0	100	0	0	C
3	84	6	6	4	A
4	15	2	7	76	T
5	0	0	98	2	G
6	0	97	0	3	C
7	91	0	7	2	A
8	21	7	2	70	T
9	10	2	82	6	G
10	10	63	14	13	C
11	12	10	0	78	T
12	0	13	43	44	K
13	46	48	0	6	M
14	67	8	3	22	A
15	3	20	39	38	N
16	58	0	36	6	R
17	59	38	3	0	M
XX
DE	ABI3|C5XFL5|MatBase
0	15	0	58	27	K
1	4	80	16	0	C
2	0	100	0	0	C
3	84	6	6	4	A
4	15	2	7	76	T
5	0	0	98	2	G
6	0	97	0	3	C
7	91	0	7	2	A
8	21	7	2	70	T
9	10	2	82	6	G
10	10	63	14	13	C
11	12	10	0	78	T
12	0	13	43	44	K
13	46	48	0	6	M
14	67	8	3	22	A
15	3	20	39	38	N
16	58	0	36	6	R
17	59	38	3	0	M
XX
DE	ABI3|P37398|MatBase
0	15	0	58	27	K
1	4	80	16	0	C
2	0	100	0	0	C
3	84	6	6	4	A
4	15	2	7	76	T
5	0	0	98	2	G
6	0	97	0	3	C
7	91	0	7	2	A
8	21	7	2	70	T
9	10	2	82	6	G
10	10	63	14	13	C
11	12	10	0	78	T
12	0	13	43	44	K
13	46	48	0	6	M
14	67	8	3	22	A
15	3	20	39	38	N
16	58	0	36	6	R
17	59	38	3	0	M
XX
DE	ABI3|Q01593|MatBase
0	15	0	58	27	K
1	4	80	16	0	C
2	0	100	0	0	C
3	84	6	6	4	A
4	15	2	7	76	T
5	0	0	98	2	G
6	0	97	0	3	C
7	91	0	7	2	A
8	21	7	2	70	T
9	10	2	82	6	G
10	10	63	14	13	C
11	12	10	0	78	T
12	0	13	43	44	K
13	46	48	0	6	M
14	67	8	3	22	A
15	3	20	39	38	N
16	58	0	36	6	R
17	59	38	3	0	M
XX
DE	ABI4|A0MES8|MatBase
0	52	6	42	0	R
1	11	11	23	55	N
2	22	0	78	0	G
3	9	6	68	17	G
4	50	50	0	0	M
5	9	0	91	0	G
6	0	0	100	0	G
7	0	0	0	100	T
8	0	0	100	0	G
9	11	22	67	0	G
10	0	33	0	67	T
11	11	45	22	22	N
12	29	42	29	0	N
XX
DE	ANT|C5XN56|MatBase
0	43	0	57	0	R
1	0	86	0	14	C
2	71	0	29	0	A
3	0	100	0	0	C
4	43	0	57	0	R
5	11	11	56	22	N
6	33	0	0	67	T
7	0	0	0	100	T
8	11	89	0	0	C
9	0	100	0	0	C
10	0	100	0	0	C
11	33	0	67	0	G
12	100	0	0	0	A
13	22	0	56	22	N
14	0	0	100	0	G
15	0	42	29	29	N
16	28	29	14	29	N
XX
DE	ANT|Q2QYA7|MatBase
0	43	0	57	0	R
1	0	86	0	14	C
2	71	0	29	0	A
3	0	100	0	0	C
4	43	0	57	0	R
5	11	11	56	22	N
6	33	0	0	67	T
7	0	0	0	100	T
8	11	89	0	0	C
9	0	100	0	0	C
10	0	100	0	0	C
11	33	0	67	0	G
12	100	0	0	0	A
13	22	0	56	22	N
14	0	0	100	0	G
15	0	42	29	29	N
16	28	29	14	29	N
XX
DE	ARF10|Q9SKN5|MatBase
0	33	0	33	34	N
1	45	29	20	6	N
2	36	12	20	32	N
3	17	12	37	34	N
4	0	0	100	0	G
5	40	0	9	51	W
6	0	0	100	0	G
7	100	0	0	0	A
8	0	100	0	0	C
9	100	0	0	0	A
XX
DE	ARF11|C5XUU5|MatBase
0	33	0	33	34	N
1	45	29	20	6	N
2	36	12	20	32	N
3	17	12	37	34	N
4	0	0	100	0	G
5	40	0	9	51	W
6	0	0	100	0	G
7	100	0	0	0	A
8	0	100	0	0	C
9	100	0	0	0	A
XX
DE	ARF11|Q9ZPY6|MatBase
0	33	0	33	34	N
1	45	29	20	6	N
2	36	12	20	32	N
3	17	12	37	34	N
4	0	0	100	0	G
5	40	0	9	51	W
6	0	0	100	0	G
7	100	0	0	0	A
8	0	100	0	0	C
9	100	0	0	0	A
XX
DE	ARF14|Q8S983|MatBase
0	33	0	33	34	N
1	45	29	20	6	N
2	36	12	20	32	N
3	17	12	37	34	N
4	0	0	100	0	G
5	40	0	9	51	W
6	0	0	100	0	G
7	100	0	0	0	A
8	0	100	0	0	C
9	100	0	0	0	A
XX
DE	ARF15|C5YIB6|MatBase
0	33	0	33	34	N
1	45	29	20	6	N
2	36	12	20	32	N
3	17	12	37	34	N
4	0	0	100	0	G
5	40	0	9	51	W
6	0	0	100	0	G
7	100	0	0	0	A
8	0	100	0	0	C
9	100	0	0	0	A
XX
DE	ARF15|Q6YZW0|MatBase
0	33	0	33	34	N
1	45	29	20	6	N
2	36	12	20	32	N
3	17	12	37	34	N
4	0	0	100	0	G
5	40	0	9	51	W
6	0	0	100	0	G
7	100	0	0	0	A
8	0	100	0	0	C
9	100	0	0	0	A
XX
DE	ARF16|Q93YR9|MatBase
0	33	0	33	34	N
1	45	29	20	6	N
2	36	12	20	32	N
3	17	12	37	34	N
4	0	0	100	0	G
5	40	0	9	51	W
6	0	0	100	0	G
7	100	0	0	0	A
8	0	100	0	0	C
9	100	0	0	0	A
XX
DE	ARF17|Q84WU6|MatBase
0	33	0	33	34	N
1	45	29	20	6	N
2	36	12	20	32	N
3	17	12	37	34	N
4	0	0	100	0	G
5	40	0	9	51	W
6	0	0	100	0	G
7	100	0	0	0	A
8	0	100	0	0	C
9	100	0	0	0	A
XX
DE	ARF18|Q9C5W9|MatBase
0	33	0	33	34	N
1	45	29	20	6	N
2	36	12	20	32	N
3	17	12	37	34	N
4	0	0	100	0	G
5	40	0	9	51	W
6	0	0	100	0	G
7	100	0	0	0	A
8	0	100	0	0	C
9	100	0	0	0	A
XX
DE	ARF19|Q8RYC8|MatBase
0	33	0	33	34	N
1	45	29	20	6	N
2	36	12	20	32	N
3	17	12	37	34	N
4	0	0	100	0	G
5	40	0	9	51	W
6	0	0	100	0	G
7	100	0	0	0	A
8	0	100	0	0	C
9	100	0	0	0	A
XX
DE	ARF1|B9GXS6|MatBase
0	33	0	33	34	N
1	45	29	20	6	N
2	36	12	20	32	N
3	17	12	37	34	N
4	0	0	100	0	G
5	40	0	9	51	W
6	0	0	100	0	G
7	100	0	0	0	A
8	0	100	0	0	C
9	100	0	0	0	A
XX
DE	ARF1|C5Y8U9|MatBase
0	33	0	33	34	N
1	45	29	20	6	N
2	36	12	20	32	N
3	17	12	37	34	N
4	0	0	100	0	G
5	40	0	9	51	W
6	0	0	100	0	G
7	100	0	0	0	A
8	0	100	0	0	C
9	100	0	0	0	A
XX
DE	ARF21|Q9C8N9|MatBase
0	33	0	33	34	N
1	45	29	20	6	N
2	36	12	20	32	N
3	17	12	37	34	N
4	0	0	100	0	G
5	40	0	9	51	W
6	0	0	100	0	G
7	100	0	0	0	A
8	0	100	0	0	C
9	100	0	0	0	A
XX
DE	ARF2|B9I3Y9|MatBase
0	33	0	33	34	N
1	45	29	20	6	N
2	36	12	20	32	N
3	17	12	37	34	N
4	0	0	100	0	G
5	40	0	9	51	W
6	0	0	100	0	G
7	100	0	0	0	A
8	0	100	0	0	C
9	100	0	0	0	A
XX
DE	ARF2|Q2R3F5|MatBase
0	33	0	33	34	N
1	45	29	20	6	N
2	36	12	20	32	N
3	17	12	37	34	N
4	0	0	100	0	G
5	40	0	9	51	W
6	0	0	100	0	G
7	100	0	0	0	A
8	0	100	0	0	C
9	100	0	0	0	A
XX
DE	ARF6|B9GJG2|MatBase
0	33	0	33	34	N
1	45	29	20	6	N
2	36	12	20	32	N
3	17	12	37	34	N
4	0	0	100	0	G
5	40	0	9	51	W
6	0	0	100	0	G
7	100	0	0	0	A
8	0	100	0	0	C
9	100	0	0	0	A
XX
DE	ARF6|C5XVH8|MatBase
0	33	0	33	34	N
1	45	29	20	6	N
2	36	12	20	32	N
3	17	12	37	34	N
4	0	0	100	0	G
5	40	0	9	51	W
6	0	0	100	0	G
7	100	0	0	0	A
8	0	100	0	0	C
9	100	0	0	0	A
XX
DE	ARF6|Q0J951|MatBase
0	33	0	33	34	N
1	45	29	20	6	N
2	36	12	20	32	N
3	17	12	37	34	N
4	0	0	100	0	G
5	40	0	9	51	W
6	0	0	100	0	G
7	100	0	0	0	A
8	0	100	0	0	C
9	100	0	0	0	A
XX
DE	ARF8|B9H3I2|MatBase
0	33	0	33	34	N
1	45	29	20	6	N
2	36	12	20	32	N
3	17	12	37	34	N
4	0	0	100	0	G
5	40	0	9	51	W
6	0	0	100	0	G
7	100	0	0	0	A
8	0	100	0	0	C
9	100	0	0	0	A
XX
DE	ARF8|Q2QM84|MatBase
0	33	0	33	34	N
1	45	29	20	6	N
2	36	12	20	32	N
3	17	12	37	34	N
4	0	0	100	0	G
5	40	0	9	51	W
6	0	0	100	0	G
7	100	0	0	0	A
8	0	100	0	0	C
9	100	0	0	0	A
XX
DE	ARF9|C5XJJ7|MatBase
0	33	0	33	34	N
1	45	29	20	6	N
2	36	12	20	32	N
3	17	12	37	34	N
4	0	0	100	0	G
5	40	0	9	51	W
6	0	0	100	0	G
7	100	0	0	0	A
8	0	100	0	0	C
9	100	0	0	0	A
XX
DE	ARF9|Q5NB85|MatBase
0	33	0	33	34	N
1	45	29	20	6	N
2	36	12	20	32	N
3	17	12	37	34	N
4	0	0	100	0	G
5	40	0	9	51	W
6	0	0	100	0	G
7	100	0	0	0	A
8	0	100	0	0	C
9	100	0	0	0	A
XX
DE	ARF9|Q9XED8|MatBase
0	33	0	33	34	N
1	45	29	20	6	N
2	36	12	20	32	N
3	17	12	37	34	N
4	0	0	100	0	G
5	40	0	9	51	W
6	0	0	100	0	G
7	100	0	0	0	A
8	0	100	0	0	C
9	100	0	0	0	A
XX
DE	AT1G34170|Q9FX25|MatBase
0	33	0	33	34	N
1	45	29	20	6	N
2	36	12	20	32	N
3	17	12	37	34	N
4	0	0	100	0	G
5	40	0	9	51	W
6	0	0	100	0	G
7	100	0	0	0	A
8	0	100	0	0	C
9	100	0	0	0	A
XX
DE	AT2G36080|Q8GYJ2|MatBase
0	15	73	5	7	C
1	50	0	0	50	W
2	0	0	100	0	G
3	4	5	45	46	K
4	9	13	14	64	T
5	6	1	87	6	G
XX
DE	ATERF6|Q8VZ91|MatBase
0	50	0	17	33	W
1	29	0	14	57	W
2	0	0	100	0	G
3	0	0	100	0	G
4	0	100	0	0	C
5	7	0	93	0	G
6	0	15	85	0	G
7	9	82	9	0	C
8	7	0	0	93	T
9	0	72	14	14	C
10	0	0	14	86	T
11	17	17	0	66	T
XX
DE	CBF2|Q9SYS6|MatBase
0	54	7	32	7	R
1	17	23	23	37	N
2	0	0	100	0	G
3	0	9	42	49	K
4	0	100	0	0	C
5	0	0	100	0	G
6	0	0	100	0	G
7	0	37	0	63	T
8	29	15	47	9	N
9	39	31	14	16	N
10	15	32	17	36	N
11	0	33	33	34	N
XX
DE	CBF4|Q9FJ93|MatBase
0	54	7	32	7	R
1	17	23	23	37	N
2	0	0	100	0	G
3	0	9	42	49	K
4	0	100	0	0	C
5	0	0	100	0	G
6	0	0	100	0	G
7	0	37	0	63	T
8	29	15	47	9	N
9	39	31	14	16	N
10	15	32	17	36	N
11	0	33	33	34	N
XX
DE	DDF1|Q9LN86|MatBase
0	54	7	32	7	R
1	17	23	23	37	N
2	0	0	100	0	G
3	0	9	42	49	K
4	0	100	0	0	C
5	0	0	100	0	G
6	0	0	100	0	G
7	0	37	0	63	T
8	29	15	47	9	N
9	39	31	14	16	N
10	15	32	17	36	N
11	0	33	33	34	N
XX
DE	DREB2A|Q1ESI9|MatBase
0	54	7	32	7	R
1	17	23	23	37	N
2	0	0	100	0	G
3	0	9	42	49	K
4	0	100	0	0	C
5	0	0	100	0	G
6	0	0	100	0	G
7	0	37	0	63	T
8	29	15	47	9	N
9	39	31	14	16	N
10	15	32	17	36	N
11	0	33	33	34	N
XX
DE	DREB2B|O82133|MatBase
0	54	7	32	7	R
1	17	23	23	37	N
2	0	0	100	0	G
3	0	9	42	49	K
4	0	100	0	0	C
5	0	0	100	0	G
6	0	0	100	0	G
7	0	37	0	63	T
8	29	15	47	9	N
9	39	31	14	16	N
10	15	32	17	36	N
11	0	33	33	34	N
XX
DE	ERF1|Q6DKU6|MatBase
0	50	0	17	33	W
1	29	0	14	57	W
2	0	0	100	0	G
3	0	0	100	0	G
4	0	100	0	0	C
5	7	0	93	0	G
6	0	15	85	0	G
7	9	82	9	0	C
8	7	0	0	93	T
9	0	72	14	14	C
10	0	0	14	86	T
11	17	17	0	66	T
XX
DE	ERF3|O80339|MatBase
0	50	0	17	33	W
1	29	0	14	57	W
2	0	0	100	0	G
3	0	0	100	0	G
4	0	100	0	0	C
5	7	0	93	0	G
6	0	15	85	0	G
7	9	82	9	0	C
8	7	0	0	93	T
9	0	72	14	14	C
10	0	0	14	86	T
11	17	17	0	66	T
XX
DE	ERF4|O80340|MatBase
0	50	0	17	33	W
1	29	0	14	57	W
2	0	0	100	0	G
3	0	0	100	0	G
4	0	100	0	0	C
5	7	0	93	0	G
6	0	15	85	0	G
7	9	82	9	0	C
8	7	0	0	93	T
9	0	72	14	14	C
10	0	0	14	86	T
11	17	17	0	66	T
XX
DE	ERF8|Q9MAI5|MatBase
0	50	0	17	33	W
1	29	0	14	57	W
2	0	0	100	0	G
3	0	0	100	0	G
4	0	100	0	0	C
5	7	0	93	0	G
6	0	15	85	0	G
7	9	82	9	0	C
8	7	0	0	93	T
9	0	72	14	14	C
10	0	0	14	86	T
11	17	17	0	66	T
XX
DE	ETT|O23661|MatBase
0	33	0	33	34	N
1	45	29	20	6	N
2	36	12	20	32	N
3	17	12	37	34	N
4	0	0	100	0	G
5	40	0	9	51	W
6	0	0	100	0	G
7	100	0	0	0	A
8	0	100	0	0	C
9	100	0	0	0	A
XX
DE	FUS3|Q9LW31|MatBase
0	15	0	58	27	K
1	4	80	16	0	C
2	0	100	0	0	C
3	84	6	6	4	A
4	15	2	7	76	T
5	0	0	98	2	G
6	0	97	0	3	C
7	91	0	7	2	A
8	21	7	2	70	T
9	10	2	82	6	G
10	10	63	14	13	C
11	12	10	0	78	T
12	0	13	43	44	K
13	46	48	0	6	M
14	67	8	3	22	A
15	3	20	39	38	N
16	58	0	36	6	R
17	59	38	3	0	M
XX
DE	HRD|Q9SJR0|MatBase
0	54	7	32	7	R
1	17	23	23	37	N
2	0	0	100	0	G
3	0	9	42	49	K
4	0	100	0	0	C
5	0	0	100	0	G
6	0	0	100	0	G
7	0	37	0	63	T
8	29	15	47	9	N
9	39	31	14	16	N
10	15	32	17	36	N
11	0	33	33	34	N
XX
DE	LEC2|Q1PFR7|MatBase
0	15	0	58	27	K
1	4	80	16	0	C
2	0	100	0	0	C
3	84	6	6	4	A
4	15	2	7	76	T
5	0	0	98	2	G
6	0	97	0	3	C
7	91	0	7	2	A
8	21	7	2	70	T
9	10	2	82	6	G
10	10	63	14	13	C
11	12	10	0	78	T
12	0	13	43	44	K
13	46	48	0	6	M
14	67	8	3	22	A
15	3	20	39	38	N
16	58	0	36	6	R
17	59	38	3	0	M
XX
DE	LOC544042|O04681|MatBase
0	50	0	17	33	W
1	29	0	14	57	W
2	0	0	100	0	G
3	0	0	100	0	G
4	0	100	0	0	C
5	7	0	93	0	G
6	0	15	85	0	G
7	9	82	9	0	C
8	7	0	0	93	T
9	0	72	14	14	C
10	0	0	14	86	T
11	17	17	0	66	T
XX
DE	LOC544043|O04682|MatBase
0	50	0	17	33	W
1	29	0	14	57	W
2	0	0	100	0	G
3	0	0	100	0	G
4	0	100	0	0	C
5	7	0	93	0	G
6	0	15	85	0	G
7	9	82	9	0	C
8	7	0	0	93	T
9	0	72	14	14	C
10	0	0	14	86	T
11	17	17	0	66	T
XX
DE	NPH4|B9INC7|MatBase
0	33	0	33	34	N
1	45	29	20	6	N
2	36	12	20	32	N
3	17	12	37	34	N
4	0	0	100	0	G
5	40	0	9	51	W
6	0	0	100	0	G
7	100	0	0	0	A
8	0	100	0	0	C
9	100	0	0	0	A
XX
DE	NPH4|C5Z600|MatBase
0	33	0	33	34	N
1	45	29	20	6	N
2	36	12	20	32	N
3	17	12	37	34	N
4	0	0	100	0	G
5	40	0	9	51	W
6	0	0	100	0	G
7	100	0	0	0	A
8	0	100	0	0	C
9	100	0	0	0	A
XX
DE	NPH4|P93022|MatBase
0	33	0	33	34	N
1	45	29	20	6	N
2	36	12	20	32	N
3	17	12	37	34	N
4	0	0	100	0	G
5	40	0	9	51	W
6	0	0	100	0	G
7	100	0	0	0	A
8	0	100	0	0	C
9	100	0	0	0	A
XX
DE	Os08g0408500|Q6Z9V4|MatBase
0	54	7	32	7	R
1	17	23	23	37	N
2	0	0	100	0	G
3	0	9	42	49	K
4	0	100	0	0	C
5	0	0	100	0	G
6	0	0	100	0	G
7	0	37	0	63	T
8	29	15	47	9	N
9	39	31	14	16	N
10	15	32	17	36	N
11	0	33	33	34	N
XX
DE	RAP2.2|Q9LUM4|MatBase
0	49	13	13	25	N
1	25	13	13	49	N
2	100	0	0	0	A
3	0	0	0	100	T
4	0	100	0	0	C
5	0	0	0	100	T
6	100	0	0	0	A
7	75	25	0	0	A
8	74	0	13	13	A
9	57	0	14	29	W
XX
DE	RAP2.9|Q8W3M3|MatBase
0	54	7	32	7	R
1	17	23	23	37	N
2	0	0	100	0	G
3	0	9	42	49	K
4	0	100	0	0	C
5	0	0	100	0	G
6	0	0	100	0	G
7	0	37	0	63	T
8	29	15	47	9	N
9	39	31	14	16	N
10	15	32	17	36	N
11	0	33	33	34	N
XX
DE	SRY|Q03255|MatBase
0	86	1	0	13	A
1	2	0	3	95	T
2	0	0	0	100	T
3	13	28	42	17	N
4	41	11	3	45	W
5	9	27	6	58	Y
XX
DE	T00179|P15315|TransFac
0	17	0	50	33	K
1	0	89	0	11	C
2	61	0	0	39	A
3	0	11	0	89	T
4	0	0	0	100	T
5	0	0	0	100	T
6	0	55	14	31	Y
7	0	42	0	58	Y
8	0	0	72	28	G
9	0	100	0	0	C
10	0	0	0	100	T
11	22	0	78	0	G
XX
DE	T00925|P41772|TransFac
0	22	0	0	78	T
1	0	100	0	0	C
2	100	0	0	0	A
3	0	0	100	0	G
4	0	100	0	0	C
5	22	22	22	34	N
6	67	0	22	11	A
7	78	0	0	22	A
XX
DE	T01859|P52926|TransFac
0	74	13	10	3	A
1	72	5	2	21	A
2	12	0	1	87	T
3	12	2	15	71	T
4	34	3	9	54	W
XX
DE	T02302|Q27403|TransFac
0	36	28	28	8	N
1	33	15	26	26	N
2	62	9	29	0	A
3	0	98	0	2	C
4	0	100	0	0	C
5	10	88	0	2	C
6	0	2	98	0	G
7	2	92	0	6	C
8	100	0	0	0	A
9	2	9	2	87	T
10	43	26	17	14	N
11	24	24	10	42	N
12	26	16	21	37	N
XX
DE	T02637|Q9ZWM9|TransFac
0	12	62	4	22	C
1	41	19	0	40	W
2	0	0	100	0	G
3	3	4	56	37	K
4	7	10	11	72	T
5	7	18	70	5	G
XX
DE	T02639|Q38914|TransFac
0	43	0	57	0	R
1	0	90	0	10	C
2	78	2	18	2	A
3	0	100	0	0	C
4	54	2	44	0	R
5	19	13	49	19	N
6	40	2	2	56	W
7	0	3	2	95	T
8	13	79	0	8	C
9	0	100	0	0	C
10	0	98	0	2	C
11	32	2	61	5	G
12	97	0	0	3	A
13	18	0	50	32	K
14	5	0	95	0	G
15	0	42	29	29	N
XX
DE	T02653|Q40476|TransFac
0	0	0	100	0	G
1	0	0	86	14	G
2	0	100	0	0	C
3	0	0	100	0	G
4	0	0	100	0	G
5	0	86	0	14	C
6	14	0	14	72	T
7	0	42	29	29	N
XX
DE	T02654|Q40479|TransFac
0	6	79	3	12	C
1	0	3	94	3	G
2	3	79	18	0	C
3	0	91	6	3	C
4	3	0	97	0	G
5	9	85	6	0	C
6	0	97	3	0	C
XX
DE	T04284|Q43326|TransFac
0	0	0	0	100	T
1	25	17	17	41	N
2	17	0	8	75	T
3	17	0	41	42	K
4	0	0	0	100	T
5	25	0	17	58	W
6	25	0	17	58	W
7	25	0	0	75	T
8	0	25	8	67	T
9	83	0	17	0	A
10	51	33	8	8	M
11	17	42	8	33	N
XX
DE	T04348|Q9PWE8|TransFac
0	13	62	0	25	C
1	0	0	0	100	T
2	0	100	0	0	C
3	100	0	0	0	A
4	0	100	0	0	C
5	100	0	0	0	A
6	0	100	0	0	C
7	0	100	0	0	C
8	0	0	0	100	T
9	13	0	25	62	T
XX
DE	T04637|O80341|TransFac
0	15	2	54	29	K
1	9	0	91	0	G
2	0	2	81	17	G
3	0	100	0	0	C
4	5	0	95	0	G
5	0	10	90	0	G
6	6	88	6	0	C
7	8	13	17	62	T
XX
DE	T04675|Q14865-1|TransFac
0	24	11	62	3	G
1	23	14	22	41	N
2	21	76	3	0	C
3	76	0	0	24	A
4	1	18	48	33	K
5	11	15	69	5	G
6	5	2	6	87	T
7	5	3	90	2	G
XX
DE	T04679|Q24573|TransFac
0	21	17	17	45	N
1	21	36	17	26	N
2	50	0	50	0	R
3	100	0	0	0	A
4	2	0	0	98	T
5	2	0	0	98	T
6	88	0	12	0	A
7	67	12	14	7	A
8	21	12	14	53	N
9	29	26	24	21	N
XX
DE	T04804|Q9ZWK1|TransFac
0	80	7	7	6	A
1	1	24	0	75	T
2	0	1	99	0	G
3	36	14	3	47	W
4	99	0	1	0	A
5	1	57	2	40	Y
6	6	70	15	9	C
7	3	9	5	83	T
XX
DE	T05743|Q8L7W9|TransFac
0	36	26	32	6	N
1	38	15	35	12	N
2	8	10	79	3	G
3	2	96	0	2	C
4	77	0	23	0	A
5	0	100	0	0	C
6	0	100	0	0	C
7	5	0	95	0	G
8	0	100	0	0	C
9	5	95	0	0	C
10	5	70	20	5	C
XX
DE	T06607|Q8K585|TransFac
0	70	15	10	5	A
1	72	6	6	16	A
2	12	5	5	78	T
3	16	2	20	62	T
4	39	4	13	44	W
5	45	27	19	9	N
6	9	52	1	38	Y
XX
DE	T08661|P42736|TransFac
0	5	0	95	0	G
1	0	11	85	4	G
2	0	100	0	0	C
3	5	0	95	0	G
4	0	10	90	0	G
5	6	88	6	0	C
6	28	7	4	61	T
XX
DE	T08786|Q94JM3|TransFac
0	0	0	100	0	G
1	49	0	11	40	W
2	0	0	100	0	G
3	100	0	0	0	A
4	0	100	0	0	C
5	100	0	0	0	A
XX
DE	T08787|Q8L7G0|TransFac
0	0	0	100	0	G
1	49	0	11	40	W
2	0	0	100	0	G
3	100	0	0	0	A
4	0	100	0	0	C
5	100	0	0	0	A
XX
DE	T08789|O80338|TransFac
0	15	1	55	29	K
1	6	0	94	0	G
2	0	2	82	16	G
3	0	100	0	0	C
4	5	0	95	0	G
5	0	10	90	0	G
6	6	88	6	0	C
7	10	9	19	62	T
XX
DE	T08846|Q9LDE4|TransFac
0	8	0	92	0	G
1	0	2	97	1	G
2	0	100	0	0	C
3	5	0	95	0	G
4	0	10	90	0	G
5	6	88	6	0	C
6	5	26	7	62	T
XX
DE	T09206|Q6X5Y6|TransFac
0	2	4	44	50	K
1	0	0	0	100	T
2	95	2	2	1	A
3	3	96	0	1	C
4	80	12	7	1	A
5	6	1	1	92	T
6	6	44	5	45	Y
7	1	95	1	3	C
8	2	9	1	88	T
XX
DE	T09331|O82132|TransFac
0	40	0	60	0	G
1	0	100	0	0	C
2	0	100	0	0	C
3	0	0	100	0	G
4	33	61	6	0	C
5	0	99	0	1	C
XX
DE	T09594|O80337|TransFac
0	15	1	55	29	K
1	6	0	94	0	G
2	0	2	83	15	G
3	0	100	0	0	C
4	5	0	95	0	G
5	0	10	90	0	G
6	6	88	6	0	C
7	9	9	20	62	T
XX
DE	T10059|Q99468|TransFac
0	29	57	0	14	M
1	43	29	14	14	N
2	14	28	29	29	N
3	43	0	43	14	R
4	0	100	0	0	C
5	0	100	0	0	C
6	14	86	0	0	C
7	14	0	72	14	G
8	0	100	0	0	C
9	100	0	0	0	A
10	0	0	14	86	T
11	29	0	29	42	N
XX
DE	T10606|Q39127|TransFac
0	24	3	70	3	G
1	0	94	6	0	C
2	0	97	0	3	C
3	0	0	100	0	G
4	20	76	4	0	C
5	0	80	0	20	C
XX
DE	T10990|P93024|TransFac
0	0	0	100	0	G
1	49	0	11	40	W
2	0	0	100	0	G
3	100	0	0	0	A
4	0	100	0	0	C
5	100	0	0	0	A
XX
DE	T10991|Q9FGV1|TransFac
0	0	0	100	0	G
1	49	0	11	40	W
2	0	0	100	0	G
3	100	0	0	0	A
4	0	100	0	0	C
5	100	0	0	0	A
XX
DE	T11048|Q9SAD4|TransFac
0	15	3	53	29	K
1	0	0	100	0	G
2	0	2	98	0	G
3	0	100	0	0	C
4	5	0	95	0	G
5	0	10	90	0	G
6	6	88	6	0	C
7	5	32	1	62	T
XX
DE	T11216|Q9Y458|TransFac
0	100	0	0	0	A
1	0	0	100	0	G
2	0	0	100	0	G
3	0	0	0	100	T
4	0	0	100	0	G
5	0	13	0	87	T
6	0	0	100	0	G
7	100	0	0	0	A
8	100	0	0	0	A
9	60	7	0	33	A
10	0	0	6	94	T
11	0	0	0	100	T
12	13	31	56	0	S
13	25	13	6	56	W
14	0	100	0	0	C
15	100	0	0	0	A
16	0	94	0	6	C
17	0	81	0	19	C
18	0	0	0	100	T
XX
DE	T11250|P20293|TransFac
0	38	41	8	13	M
1	13	8	38	41	K
2	37	35	0	28	N
3	13	30	39	18	N
4	3	5	0	92	T
5	5	47	48	0	S
6	74	0	18	8	A
7	0	100	0	0	C
8	95	0	5	0	A
9	5	85	5	5	C
10	5	70	20	5	C
11	3	3	0	94	T
12	100	0	0	0	A
13	0	0	100	0	G
14	0	0	100	0	G
15	0	0	0	100	T
16	0	0	100	0	G
17	0	5	0	95	T
18	3	18	69	10	G
19	100	0	0	0	A
20	77	13	0	10	A
21	79	0	8	13	A
22	13	13	3	71	T
23	3	13	20	64	T
XX
DE	T11256|O09102|TransFac
0	29	57	0	14	M
1	43	29	14	14	N
2	14	28	29	29	N
3	43	0	43	14	R
4	0	100	0	0	C
5	0	100	0	0	C
6	14	86	0	0	C
7	14	0	72	14	G
8	0	100	0	0	C
9	100	0	0	0	A
10	0	0	14	86	T
11	29	0	29	42	N
XX
DE	T11258|O09103|TransFac
0	84	9	6	1	A
1	1	1	0	98	T
2	26	2	72	0	G
3	8	64	19	9	C
4	1	0	91	8	G
5	0	0	99	1	G
6	0	0	99	1	G
XX
DE	T11332|Q9EPZ6|TransFac
0	74	0	26	0	A
1	0	0	100	0	G
2	0	0	100	0	G
3	0	0	0	100	T
4	0	0	100	0	G
5	0	0	0	100	T
6	0	0	100	0	G
7	100	0	0	0	A
8	100	0	0	0	A
9	100	0	0	0	A
10	29	0	0	71	T
11	0	0	0	100	T
12	11	63	26	0	C
13	11	0	63	26	G
14	0	100	0	0	C
15	100	0	0	0	A
16	0	100	0	0	C
17	0	100	0	0	C
18	0	0	0	100	T
XX
DE	T14433|Q9FX53|TransFac
0	39	0	28	33	N
1	0	4	96	0	G
2	3	0	9	88	T
3	26	4	35	35	N
4	68	0	16	16	A
5	86	0	0	14	A
6	40	3	11	46	W
7	87	0	4	9	A
8	33	0	11	56	W
XX
DE	T14470|Q9ZTX8|TransFac
0	0	0	100	0	G
1	49	0	11	40	W
2	0	0	100	0	G
3	100	0	0	0	A
4	0	100	0	0	C
5	100	0	0	0	A
XX
DE	T14471|Q9ZTX9|TransFac
0	0	0	100	0	G
1	49	0	11	40	W
2	0	0	100	0	G
3	100	0	0	0	A
4	0	100	0	0	C
5	100	0	0	0	A
XX
DE	T15349|Q8LDC8|TransFac
0	0	0	100	0	G
1	0	0	95	5	G
2	0	100	0	0	C
3	5	0	95	0	G
4	0	10	90	0	G
5	6	83	6	5	C
6	9	0	5	86	T
7	0	56	22	22	N
XX
DE	T17435|Q9LND1|TransFac
0	15	1	8	76	T
1	1	0	99	0	G
2	0	3	95	2	G
3	0	100	0	0	C
4	5	0	95	0	G
5	0	10	90	0	G
6	6	88	6	0	C
7	10	9	19	62	T
XX
DE	TEM1|Q9C6M5|MatBase
0	15	73	5	7	C
1	50	0	0	50	W
2	0	0	100	0	G
3	4	5	45	46	K
4	9	13	14	64	T
5	6	1	87	6	G
XX
DE	dbf1|Q8LKW9|MatBase
0	54	7	32	7	R
1	17	23	23	37	N
2	0	0	100	0	G
3	0	9	42	49	K
4	0	100	0	0	C
5	0	0	100	0	G
6	0	0	100	0	G
7	0	37	0	63	T
8	29	15	47	9	N
9	39	31	14	16	N
10	15	32	17	36	N
11	0	33	33	34	N
XX
DE	ddf2|Q9SGJ6|MatBase
0	54	7	32	7	R
1	17	23	23	37	N
2	0	0	100	0	G
3	0	9	42	49	K
4	0	100	0	0	C
5	0	0	100	0	G
6	0	0	100	0	G
7	0	37	0	63	T
8	29	15	47	9	N
9	39	31	14	16	N
10	15	32	17	36	N
11	0	33	33	34	N
XX
DE	dreb1|Q8GZQ5|MatBase
0	54	7	32	7	R
1	17	23	23	37	N
2	0	0	100	0	G
3	0	9	42	49	K
4	0	100	0	0	C
5	0	0	100	0	G
6	0	0	100	0	G
7	0	37	0	63	T
8	29	15	47	9	N
9	39	31	14	16	N
10	15	32	17	36	N
11	0	33	33	34	N
XX
