DE	CSDA|A5D7Q4|MatBase
0	25	62	13	0	C
1	33	22	0	45	N
2	0	22	78	0	G
3	100	0	0	0	A
4	0	11	22	67	T
5	0	0	0	100	T
6	0	11	78	11	G
7	11	0	89	0	G
8	0	100	0	0	C
9	0	56	0	44	Y
10	45	33	11	11	N
11	57	29	14	0	M
XX
DE	LOC729991-MEF2B|Q02080|MatBase
0	21	7	11	61	T
1	26	2	41	31	N
2	1	92	1	6	C
3	1	2	1	96	T
4	92	0	0	8	A
5	64	0	0	36	A
6	92	0	1	7	A
7	96	0	0	4	A
8	97	0	1	2	A
9	0	0	0	100	T
10	100	0	0	0	A
11	25	1	73	1	G
12	43	43	6	8	M
XX
DE	MEF2A|A2ICN5|MatBase
0	21	7	11	61	T
1	26	2	41	31	N
2	1	92	1	6	C
3	1	2	1	96	T
4	92	0	0	8	A
5	64	0	0	36	A
6	92	0	1	7	A
7	96	0	0	4	A
8	97	0	1	2	A
9	0	0	0	100	T
10	100	0	0	0	A
11	25	1	73	1	G
12	43	43	6	8	M
XX
DE	NFATC1|O77638|MatBase
0	22	5	58	15	N
1	26	13	16	45	N
2	61	0	19	20	A
3	28	10	14	48	N
4	18	15	25	42	N
5	2	0	5	93	T
6	0	0	0	100	T
7	0	0	0	100	T
8	0	95	0	5	C
9	0	98	0	2	C
10	65	2	9	24	A
11	12	43	0	45	Y
XX
DE	Nfat5|D3ZGB1|MatBase
0	22	5	58	15	N
1	26	13	16	45	N
2	61	0	19	20	A
3	28	10	14	48	N
4	18	15	25	42	N
5	2	0	5	93	T
6	0	0	0	100	T
7	0	0	0	100	T
8	0	95	0	5	C
9	0	98	0	2	C
10	65	2	9	24	A
11	12	43	0	45	Y
XX
DE	Nfatc3|Q3UZ64|MatBase
0	22	5	58	15	N
1	26	13	16	45	N
2	61	0	19	20	A
3	28	10	14	48	N
4	18	15	25	42	N
5	2	0	5	93	T
6	0	0	0	100	T
7	0	0	0	100	T
8	0	95	0	5	C
9	0	98	0	2	C
10	65	2	9	24	A
11	12	43	0	45	Y
XX
DE	STAT1|Q764M5|MatBase
0	1	1	1	97	T
1	1	1	3	95	T
2	11	87	1	1	C
3	1	85	3	11	C
4	28	22	43	7	N
5	4	0	94	2	G
6	1	0	96	3	G
7	89	4	1	6	A
8	91	6	1	2	A
XX
DE	STAT2|P52630|MatBase
0	1	1	1	97	T
1	1	1	3	95	T
2	11	87	1	1	C
3	1	85	3	11	C
4	28	22	43	7	N
5	4	0	94	2	G
6	1	0	96	3	G
7	89	4	1	6	A
8	91	6	1	2	A
XX
DE	Stat2|Q9QXJ2|MatBase
0	1	1	1	97	T
1	1	1	3	95	T
2	11	87	1	1	C
3	1	85	3	11	C
4	28	22	43	7	N
5	4	0	94	2	G
6	1	0	96	3	G
7	89	4	1	6	A
8	91	6	1	2	A
XX
DE	Stat5a|B2C3G8|MatBase
0	1	1	1	97	T
1	1	1	3	95	T
2	11	87	1	1	C
3	1	85	3	11	C
4	28	22	43	7	N
5	4	0	94	2	G
6	1	0	96	3	G
7	89	4	1	6	A
8	91	6	1	2	A
XX
DE	T00043|P07249|TransFac
0	55	0	0	45	W
1	0	0	100	0	G
2	100	0	0	0	A
3	0	100	0	0	C
4	20	0	45	35	N
5	0	95	0	5	C
XX
DE	T00350|P13434|TransFac
0	0	16	28	56	K
1	10	51	23	16	N
2	0	12	0	88	T
3	9	22	46	23	N
4	93	0	7	0	A
5	0	0	0	100	T
6	0	0	0	100	T
7	0	0	100	0	G
8	0	0	100	0	G
9	15	39	0	46	Y
10	2	37	25	36	N
11	17	29	49	5	N
12	49	5	37	9	R
XX
DE	T00351|P14064|TransFac
0	7	43	0	50	Y
1	7	65	21	7	C
2	29	35	36	0	N
3	40	8	29	23	N
4	0	99	1	0	C
5	1	99	0	0	C
6	100	0	0	0	A
7	100	0	0	0	A
8	0	12	0	88	T
9	17	57	14	12	N
10	92	0	7	1	A
XX
DE	T00500|P11746|TransFac
0	22	3	17	58	N
1	7	88	1	4	C
2	1	91	2	6	C
3	11	36	20	33	N
4	60	9	16	15	A
5	68	3	5	24	A
6	28	2	1	69	T
7	18	24	11	47	N
8	45	12	28	15	N
9	11	0	88	1	G
10	3	0	93	4	G
11	65	8	3	24	A
12	80	11	4	5	A
13	74	3	8	15	A
XX
DE	T00594|Q04206|TransFac
0	7	8	71	14	G
1	1	0	98	1	G
2	2	0	97	1	G
3	65	2	31	2	A
4	44	28	13	15	N
5	12	3	5	80	T
6	3	6	4	87	T
7	3	31	2	64	T
8	5	89	1	5	C
9	4	89	2	5	C
XX
DE	T00763|P23790|TransFac
0	5	94	0	1	C
1	0	97	0	3	C
2	70	6	5	19	A
3	29	3	2	66	T
4	89	0	6	5	A
5	14	4	4	78	T
6	87	0	3	10	A
7	46	0	5	49	W
8	2	0	98	0	G
9	1	0	99	0	G
10	33	32	25	10	N
11	21	49	22	8	N
12	61	20	8	11	A
XX
DE	T00795|P17871|TransFac
0	0	35	13	52	Y
1	35	26	9	30	N
2	4	30	0	66	T
3	17	0	4	79	T
4	0	9	0	91	T
5	100	0	0	0	A
6	13	0	0	87	T
7	87	0	0	13	A
8	9	4	17	70	T
XX
DE	T00797|P20227|TransFac
0	16	37	39	8	N
1	4	12	5	79	T
2	90	0	1	9	A
3	1	3	1	95	T
4	91	0	1	8	A
5	69	0	0	31	A
6	92	1	5	2	A
7	57	1	11	31	W
8	41	11	40	8	R
9	14	35	39	12	N
10	21	38	33	8	N
11	21	33	33	13	N
12	21	30	33	16	N
13	17	28	36	19	N
14	20	26	36	18	N
XX
DE	T00798|P13393|TransFac
0	67	12	5	16	A
1	10	1	1	88	T
2	93	0	0	7	A
3	1	1	0	98	T
4	93	1	3	3	A
5	27	1	0	72	T
6	86	1	11	2	A
7	14	5	9	72	T
8	53	6	19	22	N
9	25	27	20	28	N
10	8	70	10	12	C
XX
DE	T01066|P22814|TransFac
0	41	7	0	52	W
1	94	0	3	3	A
2	97	0	3	0	A
3	0	100	0	0	C
4	0	97	3	0	C
5	17	3	80	0	G
6	0	100	0	0	C
7	97	0	0	3	A
8	69	0	31	0	A
XX
DE	T01154|P16236|TransFac
0	2	0	87	11	G
1	11	1	87	1	G
2	78	0	14	8	A
3	76	5	16	3	A
4	79	3	3	15	A
5	19	10	26	45	N
6	6	36	5	53	Y
7	12	83	1	4	C
8	5	90	5	0	C
XX
DE	T01770|Q14814|TransFac
0	5	8	65	22	G
1	5	60	0	35	C
2	0	2	0	98	T
3	95	2	0	3	A
4	1	0	0	99	T
5	13	0	0	87	T
6	5	0	0	95	T
7	31	0	0	69	T
8	16	0	0	84	T
9	93	0	6	1	A
10	17	4	73	6	G
XX
DE	T01783|Q12224|TransFac
0	54	3	38	5	R
1	1	6	53	40	K
2	5	72	11	12	C
3	26	0	0	74	T
4	97	0	3	0	A
5	62	0	0	38	A
6	42	0	19	39	W
7	40	9	0	51	W
8	37	0	0	63	T
9	0	9	0	91	T
10	94	0	6	0	A
11	26	0	74	0	G
12	94	6	0	0	A
13	69	1	0	30	A
XX
DE	T01907|NA|TransFac
0	12	9	8	71	T
1	9	6	76	9	G
2	13	4	78	5	G
3	13	68	12	7	C
4	45	17	10	28	N
5	20	38	29	13	N
6	20	44	24	12	N
7	25	16	36	23	N
8	23	18	11	48	N
9	4	2	88	6	G
10	0	98	1	1	C
11	5	95	0	0	C
12	95	4	0	1	A
13	82	0	13	5	A
XX
DE	T01924|P25799-1|TransFac
0	4	1	81	14	G
1	2	0	97	1	G
2	7	0	91	2	G
3	85	2	10	3	A
4	39	38	8	15	N
5	4	6	9	81	T
6	1	18	2	79	T
7	6	29	0	65	T
8	6	90	1	3	C
9	2	90	2	6	C
XX
DE	T01927|Q00653|TransFac
0	16	20	36	28	N
1	19	25	29	27	N
2	25	33	21	21	N
3	23	23	27	27	N
4	11	12	46	31	N
5	4	3	90	3	G
6	5	1	90	4	G
7	61	0	36	3	A
8	83	4	12	1	A
9	94	3	3	0	A
10	21	15	29	35	N
11	5	20	3	72	T
12	4	91	0	5	C
13	1	96	0	3	C
14	13	78	1	8	C
15	23	28	25	24	N
XX
DE	T01934|Q04865|TransFac
0	2	0	87	11	G
1	11	1	87	1	G
2	78	0	14	8	A
3	76	5	16	3	A
4	79	3	3	15	A
5	19	10	26	45	N
6	6	36	5	53	Y
7	12	83	1	4	C
8	5	90	5	0	C
XX
DE	T01944|Q60591|TransFac
0	2	2	6	90	T
1	0	3	0	97	T
2	0	0	0	100	T
3	0	99	0	1	C
4	1	96	0	3	C
XX
DE	T01988|Q24151|TransFac
0	0	0	0	100	T
1	0	0	0	100	T
2	0	0	0	100	T
3	0	100	0	0	C
4	10	67	13	10	C
5	3	37	47	13	S
6	10	13	70	7	G
7	0	0	100	0	G
8	100	0	0	0	A
9	100	0	0	0	A
10	93	0	0	7	A
XX
DE	T02241|Q03347|TransFac
0	5	4	2	89	T
1	1	1	98	0	G
2	2	17	0	81	T
3	0	0	100	0	G
4	0	0	100	0	G
5	0	3	6	91	T
XX
DE	T02297|Q63783|TransFac
0	6	22	3	69	T
1	2	0	5	93	T
2	0	0	96	4	G
3	1	1	98	0	G
4	8	84	3	5	C
5	48	12	17	23	N
6	25	38	21	16	N
7	12	24	41	23	N
8	17	27	33	23	N
9	38	14	22	26	N
10	11	18	51	20	N
11	8	68	6	18	C
12	13	64	10	13	C
XX
DE	T02298|Q63784|TransFac
0	6	22	3	69	T
1	2	0	5	93	T
2	0	0	96	4	G
3	1	1	98	0	G
4	8	84	3	5	C
5	48	12	17	23	N
6	25	38	21	16	N
7	12	24	41	23	N
8	17	27	33	23	N
9	38	14	22	26	N
10	11	18	51	20	N
11	8	68	6	18	C
12	13	64	10	13	C
XX
DE	T02478|Q13952|TransFac
0	10	32	4	54	Y
1	4	32	51	13	S
2	96	3	1	0	A
3	3	3	8	86	T
4	0	0	0	100	T
5	0	1	98	1	G
6	0	0	100	0	G
7	3	44	4	49	Y
8	3	35	14	48	Y
XX
DE	T02903|Q28447|TransFac
0	9	58	5	28	Y
1	28	4	12	56	W
2	7	3	7	83	T
3	13	1	0	86	T
4	0	9	91	0	G
5	19	1	0	80	T
6	7	1	8	84	T
7	40	8	1	51	W
XX
DE	T03178|Q38742|TransFac
0	75	0	0	25	A
1	25	0	25	50	N
2	50	0	0	50	W
3	28	52	4	16	N
4	2	56	13	29	Y
5	79	0	14	7	A
6	79	2	2	17	A
7	95	0	0	5	A
8	86	0	0	14	A
9	93	0	2	5	A
10	14	4	0	82	T
11	24	2	74	0	G
12	4	13	83	0	G
13	100	0	0	0	A
14	100	0	0	0	A
15	67	0	0	33	A
XX
DE	T03601|P38128|TransFac
0	13	15	9	63	T
1	40	6	4	50	W
2	10	23	3	64	T
3	74	13	5	8	A
4	86	2	2	10	A
5	10	2	2	86	T
6	8	5	13	74	T
7	64	3	23	10	A
8	35	11	13	41	N
9	63	9	15	13	A
10	15	5	62	18	G
XX
DE	T03690|Q9YH93|TransFac
0	13	54	20	13	N
1	41	28	11	20	N
2	7	11	35	47	K
3	17	33	30	20	N
4	7	17	28	48	N
5	0	96	0	4	C
6	0	96	0	4	C
7	22	9	0	69	T
8	6	0	0	94	T
9	65	4	7	24	A
10	0	2	2	96	T
11	57	2	2	39	W
12	9	4	4	83	T
13	15	0	85	0	G
14	2	0	98	0	G
15	15	35	22	28	N
16	24	39	17	20	N
17	39	17	20	24	N
18	9	17	33	41	N
XX
DE	T03890|Q9I8V2|TransFac
0	25	5	11	59	W
1	4	5	90	1	G
2	4	4	5	87	T
3	4	82	4	10	C
4	6	10	4	80	T
XX
DE	T03892|Q9YGP9|TransFac
0	20	20	5	55	N
1	40	5	30	25	N
2	10	15	50	25	N
3	15	35	30	20	N
4	0	75	0	25	C
5	100	0	0	0	A
6	0	0	100	0	G
7	85	5	10	0	A
8	0	100	0	0	C
9	55	10	5	30	W
10	10	30	40	20	N
XX
DE	T04096|P84022|TransFac
0	7	10	67	16	G
1	35	20	24	21	N
2	1	83	4	12	C
3	93	2	5	0	A
4	0	0	98	2	G
5	86	9	3	2	A
6	1	91	3	5	C
7	58	8	13	21	N
XX
DE	T04150|Q9I9P9|TransFac
0	4	0	96	0	G
1	4	5	7	84	T
2	4	96	0	0	C
3	0	4	4	92	T
4	25	0	75	0	G
XX
DE	T04159|O57475|TransFac
0	20	20	5	55	N
1	40	5	30	25	N
2	10	15	50	25	N
3	15	35	30	20	N
4	0	75	0	25	C
5	100	0	0	0	A
6	0	0	100	0	G
7	85	5	10	0	A
8	0	100	0	0	C
9	55	10	5	30	W
10	10	30	40	20	N
XX
DE	T04246|Q9W734|TransFac
0	20	20	5	55	N
1	40	5	30	25	N
2	10	15	50	25	N
3	15	35	30	20	N
4	0	75	0	25	C
5	100	0	0	0	A
6	0	0	100	0	G
7	85	5	10	0	A
8	0	100	0	0	C
9	55	10	5	30	W
10	10	30	40	20	N
XX
DE	T04250|Q9I9N9|TransFac
0	20	20	5	55	N
1	40	5	30	25	N
2	10	15	50	25	N
3	15	35	30	20	N
4	0	75	0	25	C
5	100	0	0	0	A
6	0	0	100	0	G
7	85	5	10	0	A
8	0	100	0	0	C
9	55	10	5	30	W
10	10	30	40	20	N
XX
DE	T04378|P42003|TransFac
0	11	11	56	22	N
1	44	56	0	0	M
2	0	0	100	0	G
3	67	0	33	0	A
4	0	100	0	0	C
5	33	0	67	0	G
6	34	33	33	0	N
7	22	34	22	22	N
XX
DE	T04464|O57459|TransFac
0	20	20	5	55	N
1	40	5	30	25	N
2	10	15	50	25	N
3	15	35	30	20	N
4	0	75	0	25	C
5	100	0	0	0	A
6	0	0	100	0	G
7	85	5	10	0	A
8	0	100	0	0	C
9	55	10	5	30	W
10	10	30	40	20	N
XX
DE	T06144|O15350-5|TransFac
0	8	0	92	0	G
1	8	31	23	38	N
2	8	46	23	23	N
3	39	15	23	23	N
4	39	13	42	6	R
5	26	10	62	2	G
6	37	6	43	14	R
7	0	84	12	4	C
8	25	21	14	40	N
9	9	5	2	84	T
10	1	5	92	2	G
11	0	57	4	39	Y
12	16	58	0	26	Y
13	6	37	19	38	N
14	23	38	31	8	N
15	8	15	23	54	N
16	15	31	54	0	S
17	61	23	8	8	A
18	8	54	38	0	S
XX
DE	T06300|Q00366|TransFac
0	26	5	63	6	G
1	63	5	28	4	A
2	0	98	0	2	C
3	78	4	3	15	A
4	18	1	4	77	T
5	1	0	99	0	G
6	4	58	4	34	Y
7	5	79	3	13	C
8	6	62	6	26	C
9	28	9	52	11	N
10	16	6	74	4	G
11	42	5	48	5	R
12	0	96	1	3	C
13	63	5	4	28	A
14	15	4	3	78	T
15	2	2	95	1	G
16	2	37	1	60	T
17	4	63	3	30	C
18	7	45	7	41	Y
XX
DE	T06304|P10360|TransFac
0	26	5	63	6	G
1	63	5	28	4	A
2	0	98	0	2	C
3	78	4	3	15	A
4	18	1	4	77	T
5	1	0	99	0	G
6	4	58	4	34	Y
7	5	79	3	13	C
8	6	62	6	26	C
9	28	9	52	11	N
10	16	6	74	4	G
11	42	5	48	5	R
12	0	96	1	3	C
13	63	5	4	28	A
14	15	4	3	78	T
15	2	2	95	1	G
16	2	37	1	60	T
17	4	63	3	30	C
18	7	45	7	41	Y
XX
DE	T08252|Q14934|TransFac
0	23	5	57	15	R
1	31	13	13	43	N
2	49	9	22	20	N
3	31	11	15	43	N
4	16	15	24	45	N
5	2	0	4	94	T
6	0	0	0	100	T
7	0	0	0	100	T
8	0	96	0	4	C
9	2	95	0	3	C
10	55	6	7	32	W
11	12	44	0	44	Y
XX
DE	T08321|P04637|TransFac
0	26	5	63	6	G
1	63	5	28	4	A
2	0	98	0	2	C
3	78	4	3	15	A
4	18	1	4	77	T
5	1	0	99	0	G
6	4	58	4	34	Y
7	5	79	3	13	C
8	6	62	6	26	C
9	28	9	52	11	N
10	16	6	74	4	G
11	42	5	48	5	R
12	0	96	1	3	C
13	63	5	4	28	A
14	15	4	3	78	T
15	2	2	95	1	G
16	2	37	1	60	T
17	4	63	3	30	C
18	7	45	7	41	Y
XX
DE	T08323|P02340-1|TransFac
0	26	5	63	6	G
1	63	5	28	4	A
2	0	98	0	2	C
3	78	4	3	15	A
4	18	1	4	77	T
5	1	0	99	0	G
6	4	58	4	34	Y
7	5	79	3	13	C
8	6	62	6	26	C
9	28	9	52	11	N
10	16	6	74	4	G
11	42	5	48	5	R
12	0	96	1	3	C
13	63	5	4	28	A
14	15	4	3	78	T
15	2	2	95	1	G
16	2	37	1	60	T
17	4	63	3	30	C
18	7	45	7	41	Y
XX
DE	T08347|Q9Z2J9|TransFac
0	36	7	0	57	W
1	50	15	27	8	N
2	87	4	8	1	A
3	0	99	0	1	C
4	0	100	0	0	C
5	77	0	21	2	A
6	0	100	0	0	C
7	89	3	4	4	A
8	35	9	39	17	N
9	54	26	18	2	M
XX
DE	T08468|P79734|TransFac
0	26	5	63	6	G
1	63	5	28	4	A
2	0	98	0	2	C
3	78	4	3	15	A
4	18	1	4	77	T
5	1	0	99	0	G
6	4	58	4	34	Y
7	5	79	3	13	C
8	6	62	6	26	C
9	28	9	52	11	N
10	16	6	74	4	G
11	42	5	48	5	R
12	0	96	1	3	C
13	63	5	4	28	A
14	15	4	3	78	T
15	2	2	95	1	G
16	2	37	1	60	T
17	4	63	3	30	C
18	7	45	7	41	Y
XX
DE	T08520|P20226|TransFac
0	2	23	2	73	T
1	8	0	0	92	T
2	2	0	0	98	T
3	94	2	2	2	A
4	27	3	0	70	T
5	73	8	14	5	A
XX
DE	T08676|P42226|TransFac
0	0	0	0	100	T
1	2	4	2	92	T
2	12	86	1	1	C
3	5	73	2	20	C
4	14	49	12	25	N
5	40	11	49	0	R
6	0	0	70	30	G
7	94	6	0	0	A
8	100	0	0	0	A
XX
DE	T08967|P63140|TransFac
0	7	21	2	70	T
1	2	21	69	8	G
2	97	2	1	0	A
3	2	2	5	91	T
4	0	0	0	100	T
5	0	1	98	1	G
6	0	0	100	0	G
7	2	46	2	50	Y
8	6	27	9	58	Y
9	59	14	20	7	N
XX
DE	T08978|P15330-2|TransFac
0	0	17	62	21	G
1	13	4	83	0	G
2	17	4	66	13	G
3	13	5	0	82	T
4	9	3	0	88	T
5	4	4	0	92	T
6	0	0	0	100	T
7	0	50	0	50	Y
8	3	67	9	21	C
9	0	87	13	0	C
XX
DE	T09071|P17839|TransFac
0	12	8	3	77	T
1	11	2	1	86	T
2	42	6	17	35	N
3	6	88	2	4	C
4	0	90	0	10	C
5	49	8	8	35	W
6	66	2	4	28	A
7	82	0	1	17	A
8	46	0	1	53	W
9	42	15	9	34	N
10	35	8	19	38	N
11	11	0	85	4	G
12	2	0	90	8	G
13	37	24	6	33	N
14	76	3	6	15	A
15	66	7	13	14	A
XX
DE	T09190|Q38847|TransFac
0	19	13	9	59	N
1	13	3	3	81	T
2	43	13	16	28	N
3	12	88	0	0	C
4	2	65	0	33	C
5	62	13	8	17	A
6	53	7	6	34	W
7	76	0	1	23	A
8	58	3	2	37	W
9	55	6	13	26	W
10	29	10	21	40	N
11	39	0	57	4	R
12	1	0	99	0	G
13	49	13	3	35	W
14	82	3	5	10	A
15	74	6	10	10	A
XX
DE	T09254|Q04864|TransFac
0	2	0	87	11	G
1	11	1	87	1	G
2	78	0	14	8	A
3	76	5	16	3	A
4	79	3	3	15	A
5	19	10	26	45	N
6	6	36	5	53	Y
7	12	83	1	4	C
8	5	90	5	0	C
XX
DE	T09255|P15307|TransFac
0	2	0	87	11	G
1	11	1	87	1	G
2	78	0	14	8	A
3	76	5	16	3	A
4	79	3	3	15	A
5	19	10	26	45	N
6	6	36	5	53	Y
7	12	83	1	4	C
8	5	90	5	0	C
XX
DE	T09397|Q8CFN5-1|TransFac
0	5	8	65	22	G
1	1	63	0	36	C
2	2	3	0	95	T
3	95	2	0	3	A
4	2	0	0	98	T
5	12	0	0	88	T
6	5	0	0	95	T
7	31	0	0	69	T
8	18	2	3	77	T
9	93	0	6	1	A
10	17	4	73	6	G
XX
DE	T09535|Q08775-1|TransFac
0	7	3	2	88	T
1	0	0	100	0	G
2	2	18	0	80	T
3	0	0	100	0	G
4	0	0	100	0	G
5	0	7	4	89	T
6	5	23	10	62	T
7	43	2	12	43	W
XX
DE	T09635|P35631|TransFac
0	75	0	0	25	A
1	25	0	25	50	N
2	50	0	0	50	W
3	25	50	0	25	N
4	0	50	25	25	N
5	75	0	25	0	A
6	100	0	0	0	A
7	100	0	0	0	A
8	100	0	0	0	A
9	100	0	0	0	A
10	0	0	0	100	T
11	0	0	100	0	G
12	0	25	75	0	G
13	100	0	0	0	A
14	100	0	0	0	A
15	67	0	0	33	A
XX
DE	T10235|O70437|TransFac
0	40	3	44	13	R
1	5	8	55	32	K
2	13	27	37	23	N
3	1	72	10	17	C
4	92	4	4	0	A
5	0	0	98	2	G
6	74	17	4	5	A
7	1	95	1	3	C
8	57	10	8	25	W
9	10	34	34	22	N
10	18	59	9	14	N
XX
DE	T10342|P42228|TransFac
0	0	0	0	100	T
1	1	3	2	94	T
2	14	85	0	1	C
3	9	61	3	27	C
4	21	38	18	23	N
5	54	9	31	6	R
6	3	3	66	28	G
7	92	4	4	0	A
8	96	3	1	0	A
XX
DE	T10686|P07193|TransFac
0	26	5	63	6	G
1	63	5	28	4	A
2	0	98	0	2	C
3	78	4	3	15	A
4	18	1	4	77	T
5	1	0	99	0	G
6	4	58	4	34	Y
7	5	79	3	13	C
8	6	62	6	26	C
9	28	9	52	11	N
10	16	6	74	4	G
11	42	5	48	5	R
12	0	96	1	3	C
13	63	5	4	28	A
14	15	4	3	78	T
15	2	2	95	1	G
16	2	37	1	60	T
17	4	63	3	30	C
18	7	45	7	41	Y
XX
DE	T13808|O22456|TransFac
0	6	19	15	60	T
1	28	17	6	49	N
2	9	87	4	0	C
3	0	100	0	0	C
4	45	32	2	21	N
5	74	9	4	13	A
6	91	0	0	9	A
7	100	0	0	0	A
8	90	0	4	6	A
9	28	8	0	64	T
10	30	0	70	0	G
11	0	6	94	0	G
12	43	32	23	2	N
13	60	19	6	15	A
14	63	9	2	26	A
XX
DE	T13809|P29382|TransFac
0	20	1	7	72	T
1	29	8	18	45	N
2	0	100	0	0	C
3	0	50	0	50	Y
4	71	7	13	9	A
5	26	8	8	58	W
6	49	0	0	51	W
7	27	0	0	73	T
8	51	8	3	38	W
9	12	3	9	76	T
10	9	0	91	0	G
11	0	0	100	0	G
12	32	17	13	38	N
13	57	10	7	26	W
XX
DE	T13811|P29383|TransFac
0	17	11	6	66	T
1	32	20	14	34	N
2	3	96	0	1	C
3	0	85	0	15	C
4	82	2	1	15	A
5	43	5	6	46	W
6	65	0	0	35	A
7	42	0	0	58	W
8	67	2	3	28	A
9	13	6	1	80	T
10	69	0	27	4	A
11	0	0	96	4	G
12	31	19	9	41	N
13	58	5	12	25	W
XX
DE	T14801|NA|TransFac
0	9	36	0	55	Y
1	2	98	0	0	C
2	14	43	0	43	Y
3	63	5	0	32	A
4	54	0	6	40	W
5	89	0	0	11	A
6	84	0	0	16	A
7	74	5	0	21	A
8	33	0	5	62	T
9	64	0	22	14	A
10	9	0	91	0	G
XX
DE	T15386|P29381|TransFac
0	14	12	14	60	T
1	6	7	15	72	T
2	43	8	8	41	W
3	6	87	0	7	C
4	3	82	0	15	C
5	27	31	13	29	N
6	40	14	24	22	N
7	53	3	5	39	W
8	31	2	2	65	T
9	34	11	8	47	W
10	36	10	9	45	W
11	0	2	96	2	G
12	0	0	100	0	G
13	29	31	9	31	N
14	79	12	2	7	A
XX
DE	T16364|O95644-1|TransFac
0	25	10	4	61	T
1	2	0	97	1	G
2	3	0	97	0	G
3	100	0	0	0	A
4	99	0	1	0	A
5	92	5	1	2	A
6	42	25	15	18	N
7	48	14	10	28	N
8	20	19	0	61	T
9	44	17	13	26	N
10	15	57	5	23	Y
XX
DE	T19169|Q9JJP6-1|TransFac
0	8	77	5	10	C
1	18	51	8	23	N
2	35	11	46	8	R
3	22	3	72	3	G
4	45	1	49	5	R
5	1	97	2	0	C
6	78	2	2	18	A
7	27	3	1	69	T
8	2	0	98	0	G
9	6	32	3	59	Y
10	6	65	7	22	C
XX
DE	T19217|Q13761-2|TransFac
0	76	4	16	4	A
1	91	5	4	0	A
2	0	100	0	0	C
3	0	95	0	5	C
4	67	0	22	11	A
5	9	81	5	5	C
6	86	7	0	7	A
7	9	43	35	13	N
8	6	76	9	9	C
XX
DE	TBP2|Q2QN41|MatBase
0	9	5	13	73	T
1	59	0	9	32	W
2	5	1	0	94	T
3	28	0	0	72	T
4	0	0	0	100	T
5	98	0	2	0	A
6	11	0	0	89	T
7	97	0	1	2	A
8	12	3	52	33	K
9	39	9	26	26	N
10	45	9	46	0	R
XX
DE	TBPL1|Q32LB1|MatBase
0	13	7	3	77	T
1	0	1	2	97	T
2	48	0	0	52	W
3	17	0	0	83	T
4	96	0	4	0	A
5	12	5	1	82	T
6	83	1	13	3	A
XX
DE	TBPL2|A6H907|MatBase
0	13	7	3	77	T
1	0	1	2	97	T
2	48	0	0	52	W
3	17	0	0	83	T
4	96	0	4	0	A
5	12	5	1	82	T
6	83	1	13	3	A
XX
DE	TBPL2|A6H910|MatBase
0	13	7	3	77	T
1	0	1	2	97	T
2	48	0	0	52	W
3	17	0	0	83	T
4	96	0	4	0	A
5	12	5	1	82	T
6	83	1	13	3	A
XX
DE	Tbpl2|Q6SJ95|MatBase
0	13	7	3	77	T
1	0	1	2	97	T
2	48	0	0	52	W
3	17	0	0	83	T
4	96	0	4	0	A
5	12	5	1	82	T
6	83	1	13	3	A
XX
DE	Tp73|D4AA88|MatBase
0	22	4	66	8	G
1	50	3	46	1	R
2	0	99	0	1	C
3	74	3	0	23	A
4	17	5	1	77	T
5	3	0	97	0	G
6	6	36	1	57	Y
7	3	70	5	22	C
8	11	47	14	28	N
9	24	19	38	19	N
10	14	5	59	22	K
XX
DE	YBX1|Q91956|MatBase
0	25	62	13	0	C
1	33	22	0	45	N
2	0	22	78	0	G
3	100	0	0	0	A
4	0	11	22	67	T
5	0	0	0	100	T
6	0	11	78	11	G
7	11	0	89	0	G
8	0	100	0	0	C
9	0	56	0	44	Y
10	45	33	11	11	N
11	57	29	14	0	M
XX
DE	YBX2|Q9Y2T7|MatBase
0	25	62	13	0	C
1	33	22	0	45	N
2	0	22	78	0	G
3	100	0	0	0	A
4	0	11	22	67	T
5	0	0	0	100	T
6	0	11	78	11	G
7	11	0	89	0	G
8	0	100	0	0	C
9	0	56	0	44	Y
10	45	33	11	11	N
11	57	29	14	0	M
XX
DE	nfat5|Q6PD88|MatBase
0	22	5	58	15	N
1	26	13	16	45	N
2	61	0	19	20	A
3	28	10	14	48	N
4	18	15	25	42	N
5	2	0	5	93	T
6	0	0	0	100	T
7	0	0	0	100	T
8	0	95	0	5	C
9	0	98	0	2	C
10	65	2	9	24	A
11	12	43	0	45	Y
XX
DE	nfatc1|Q19AW4|MatBase
0	22	5	58	15	N
1	26	13	16	45	N
2	61	0	19	20	A
3	28	10	14	48	N
4	18	15	25	42	N
5	2	0	5	93	T
6	0	0	0	100	T
7	0	0	0	100	T
8	0	95	0	5	C
9	0	98	0	2	C
10	65	2	9	24	A
11	12	43	0	45	Y
XX
DE	runx1|Q9DGB8|MatBase
0	10	60	20	10	C
1	64	18	9	9	A
2	18	64	18	0	C
3	48	18	5	29	N
4	75	4	17	4	A
5	91	5	4	0	A
6	0	100	0	0	C
7	0	100	0	0	C
8	78	0	17	5	A
9	0	100	0	0	C
10	82	4	0	14	A
11	9	23	59	9	S
XX
DE	runx3|Q9DEA0|MatBase
0	10	60	20	10	C
1	64	18	9	9	A
2	18	64	18	0	C
3	48	18	5	29	N
4	75	4	17	4	A
5	91	5	4	0	A
6	0	100	0	0	C
7	0	100	0	0	C
8	78	0	17	5	A
9	0	100	0	0	C
10	82	4	0	14	A
11	9	23	59	9	S
XX
DE	stat1a|O93598|MatBase
0	1	1	1	97	T
1	1	1	3	95	T
2	11	87	1	1	C
3	1	85	3	11	C
4	28	22	43	7	N
5	4	0	94	2	G
6	1	0	96	3	G
7	89	4	1	6	A
8	91	6	1	2	A
XX
DE	stat1b|B0S789|MatBase
0	1	1	1	97	T
1	1	1	3	95	T
2	11	87	1	1	C
3	1	85	3	11	C
4	28	22	43	7	N
5	4	0	94	2	G
6	1	0	96	3	G
7	89	4	1	6	A
8	91	6	1	2	A
XX
DE	stat3|O93599|MatBase
0	1	1	1	97	T
1	1	1	3	95	T
2	11	87	1	1	C
3	1	85	3	11	C
4	28	22	43	7	N
5	4	0	94	2	G
6	1	0	96	3	G
7	89	4	1	6	A
8	91	6	1	2	A
XX
DE	stat4|Q8AW20|MatBase
0	1	1	1	97	T
1	1	1	3	95	T
2	11	87	1	1	C
3	1	85	3	11	C
4	28	22	43	7	N
5	4	0	94	2	G
6	1	0	96	3	G
7	89	4	1	6	A
8	91	6	1	2	A
XX
DE	stat5.2|Q68SP2|MatBase
0	1	1	1	97	T
1	1	1	3	95	T
2	11	87	1	1	C
3	1	85	3	11	C
4	28	22	43	7	N
5	4	0	94	2	G
6	1	0	96	3	G
7	89	4	1	6	A
8	91	6	1	2	A
XX
DE	stat6|B3DGV1|MatBase
0	1	1	1	97	T
1	1	1	3	95	T
2	11	87	1	1	C
3	1	85	3	11	C
4	28	22	43	7	N
5	4	0	94	2	G
6	1	0	96	3	G
7	89	4	1	6	A
8	91	6	1	2	A
XX
DE	tbpl1|Q5U385|MatBase
0	13	7	3	77	T
1	0	1	2	97	T
2	48	0	0	52	W
3	17	0	0	83	T
4	96	0	4	0	A
5	12	5	1	82	T
6	83	1	13	3	A
XX
DE	tbpl2|Q1JPY4|MatBase
0	13	7	3	77	T
1	0	1	2	97	T
2	48	0	0	52	W
3	17	0	0	83	T
4	96	0	4	0	A
5	12	5	1	82	T
6	83	1	13	3	A
XX
DE	tbpl2|Q28DH2|MatBase
0	13	7	3	77	T
1	0	1	2	97	T
2	48	0	0	52	W
3	17	0	0	83	T
4	96	0	4	0	A
5	12	5	1	82	T
6	83	1	13	3	A
XX
DE	tbp|Q7SXL3|MatBase
0	13	7	3	77	T
1	0	1	2	97	T
2	48	0	0	52	W
3	17	0	0	83	T
4	96	0	4	0	A
5	12	5	1	82	T
6	83	1	13	3	A
XX
DE	tp63|Q8JHZ6|MatBase
0	22	4	66	8	G
1	50	3	46	1	R
2	0	99	0	1	C
3	74	3	0	23	A
4	17	5	1	77	T
5	3	0	97	0	G
6	6	36	1	57	Y
7	3	70	5	22	C
8	11	47	14	28	N
9	24	19	38	19	N
10	14	5	59	22	K
XX
DE	tp73|Q801Z7|MatBase
0	22	4	66	8	G
1	50	3	46	1	R
2	0	99	0	1	C
3	74	3	0	23	A
4	17	5	1	77	T
5	3	0	97	0	G
6	6	36	1	57	Y
7	3	70	5	22	C
8	11	47	14	28	N
9	24	19	38	19	N
10	14	5	59	22	K
XX
DE	ybx1|O93584|MatBase
0	25	62	13	0	C
1	33	22	0	45	N
2	0	22	78	0	G
3	100	0	0	0	A
4	0	11	22	67	T
5	0	0	0	100	T
6	0	11	78	11	G
7	11	0	89	0	G
8	0	100	0	0	C
9	0	56	0	44	Y
10	45	33	11	11	N
11	57	29	14	0	M
XX
