DE	ABI3|B9GR87|MatBase
0	15	0	58	27	K
1	4	80	16	0	C
2	0	100	0	0	C
3	84	6	6	4	A
4	15	2	7	76	T
5	0	0	98	2	G
6	0	97	0	3	C
7	91	0	7	2	A
8	21	7	2	70	T
9	10	2	82	6	G
10	10	63	14	13	C
11	12	10	0	78	T
12	0	13	43	44	K
13	46	48	0	6	M
14	67	8	3	22	A
15	3	20	39	38	N
16	58	0	36	6	R
17	59	38	3	0	M
XX
DE	ABI3|C5XFL5|MatBase
0	15	0	58	27	K
1	4	80	16	0	C
2	0	100	0	0	C
3	84	6	6	4	A
4	15	2	7	76	T
5	0	0	98	2	G
6	0	97	0	3	C
7	91	0	7	2	A
8	21	7	2	70	T
9	10	2	82	6	G
10	10	63	14	13	C
11	12	10	0	78	T
12	0	13	43	44	K
13	46	48	0	6	M
14	67	8	3	22	A
15	3	20	39	38	N
16	58	0	36	6	R
17	59	38	3	0	M
XX
DE	ABI3|P37398|MatBase
0	15	0	58	27	K
1	4	80	16	0	C
2	0	100	0	0	C
3	84	6	6	4	A
4	15	2	7	76	T
5	0	0	98	2	G
6	0	97	0	3	C
7	91	0	7	2	A
8	21	7	2	70	T
9	10	2	82	6	G
10	10	63	14	13	C
11	12	10	0	78	T
12	0	13	43	44	K
13	46	48	0	6	M
14	67	8	3	22	A
15	3	20	39	38	N
16	58	0	36	6	R
17	59	38	3	0	M
XX
DE	ABI3|Q01593|MatBase
0	15	0	58	27	K
1	4	80	16	0	C
2	0	100	0	0	C
3	84	6	6	4	A
4	15	2	7	76	T
5	0	0	98	2	G
6	0	97	0	3	C
7	91	0	7	2	A
8	21	7	2	70	T
9	10	2	82	6	G
10	10	63	14	13	C
11	12	10	0	78	T
12	0	13	43	44	K
13	46	48	0	6	M
14	67	8	3	22	A
15	3	20	39	38	N
16	58	0	36	6	R
17	59	38	3	0	M
XX
DE	ABI4|A0MES8|MatBase
0	52	6	42	0	R
1	11	11	23	55	N
2	22	0	78	0	G
3	9	6	68	17	G
4	50	50	0	0	M
5	9	0	91	0	G
6	0	0	100	0	G
7	0	0	0	100	T
8	0	0	100	0	G
9	11	22	67	0	G
10	0	33	0	67	T
11	11	45	22	22	N
12	29	42	29	0	N
XX
DE	ANT|C5XN56|MatBase
0	43	0	57	0	R
1	0	86	0	14	C
2	71	0	29	0	A
3	0	100	0	0	C
4	43	0	57	0	R
5	11	11	56	22	N
6	33	0	0	67	T
7	0	0	0	100	T
8	11	89	0	0	C
9	0	100	0	0	C
10	0	100	0	0	C
11	33	0	67	0	G
12	100	0	0	0	A
13	22	0	56	22	N
14	0	0	100	0	G
15	0	42	29	29	N
16	28	29	14	29	N
XX
DE	ANT|Q2QYA7|MatBase
0	43	0	57	0	R
1	0	86	0	14	C
2	71	0	29	0	A
3	0	100	0	0	C
4	43	0	57	0	R
5	11	11	56	22	N
6	33	0	0	67	T
7	0	0	0	100	T
8	11	89	0	0	C
9	0	100	0	0	C
10	0	100	0	0	C
11	33	0	67	0	G
12	100	0	0	0	A
13	22	0	56	22	N
14	0	0	100	0	G
15	0	42	29	29	N
16	28	29	14	29	N
XX
DE	ARF10|Q9SKN5|MatBase
0	33	0	33	34	N
1	45	29	20	6	N
2	36	12	20	32	N
3	17	12	37	34	N
4	0	0	100	0	G
5	40	0	9	51	W
6	0	0	100	0	G
7	100	0	0	0	A
8	0	100	0	0	C
9	100	0	0	0	A
XX
DE	ARF11|C5XUU5|MatBase
0	33	0	33	34	N
1	45	29	20	6	N
2	36	12	20	32	N
3	17	12	37	34	N
4	0	0	100	0	G
5	40	0	9	51	W
6	0	0	100	0	G
7	100	0	0	0	A
8	0	100	0	0	C
9	100	0	0	0	A
XX
DE	ARF11|Q9ZPY6|MatBase
0	33	0	33	34	N
1	45	29	20	6	N
2	36	12	20	32	N
3	17	12	37	34	N
4	0	0	100	0	G
5	40	0	9	51	W
6	0	0	100	0	G
7	100	0	0	0	A
8	0	100	0	0	C
9	100	0	0	0	A
XX
DE	ARF14|Q8S983|MatBase
0	33	0	33	34	N
1	45	29	20	6	N
2	36	12	20	32	N
3	17	12	37	34	N
4	0	0	100	0	G
5	40	0	9	51	W
6	0	0	100	0	G
7	100	0	0	0	A
8	0	100	0	0	C
9	100	0	0	0	A
XX
DE	ARF15|C5YIB6|MatBase
0	33	0	33	34	N
1	45	29	20	6	N
2	36	12	20	32	N
3	17	12	37	34	N
4	0	0	100	0	G
5	40	0	9	51	W
6	0	0	100	0	G
7	100	0	0	0	A
8	0	100	0	0	C
9	100	0	0	0	A
XX
DE	ARF15|Q6YZW0|MatBase
0	33	0	33	34	N
1	45	29	20	6	N
2	36	12	20	32	N
3	17	12	37	34	N
4	0	0	100	0	G
5	40	0	9	51	W
6	0	0	100	0	G
7	100	0	0	0	A
8	0	100	0	0	C
9	100	0	0	0	A
XX
DE	ARF16|Q93YR9|MatBase
0	33	0	33	34	N
1	45	29	20	6	N
2	36	12	20	32	N
3	17	12	37	34	N
4	0	0	100	0	G
5	40	0	9	51	W
6	0	0	100	0	G
7	100	0	0	0	A
8	0	100	0	0	C
9	100	0	0	0	A
XX
DE	ARF17|Q84WU6|MatBase
0	33	0	33	34	N
1	45	29	20	6	N
2	36	12	20	32	N
3	17	12	37	34	N
4	0	0	100	0	G
5	40	0	9	51	W
6	0	0	100	0	G
7	100	0	0	0	A
8	0	100	0	0	C
9	100	0	0	0	A
XX
DE	ARF18|Q9C5W9|MatBase
0	33	0	33	34	N
1	45	29	20	6	N
2	36	12	20	32	N
3	17	12	37	34	N
4	0	0	100	0	G
5	40	0	9	51	W
6	0	0	100	0	G
7	100	0	0	0	A
8	0	100	0	0	C
9	100	0	0	0	A
XX
DE	ARF19|Q8RYC8|MatBase
0	33	0	33	34	N
1	45	29	20	6	N
2	36	12	20	32	N
3	17	12	37	34	N
4	0	0	100	0	G
5	40	0	9	51	W
6	0	0	100	0	G
7	100	0	0	0	A
8	0	100	0	0	C
9	100	0	0	0	A
XX
DE	ARF1|B9GXS6|MatBase
0	33	0	33	34	N
1	45	29	20	6	N
2	36	12	20	32	N
3	17	12	37	34	N
4	0	0	100	0	G
5	40	0	9	51	W
6	0	0	100	0	G
7	100	0	0	0	A
8	0	100	0	0	C
9	100	0	0	0	A
XX
DE	ARF1|C5Y8U9|MatBase
0	33	0	33	34	N
1	45	29	20	6	N
2	36	12	20	32	N
3	17	12	37	34	N
4	0	0	100	0	G
5	40	0	9	51	W
6	0	0	100	0	G
7	100	0	0	0	A
8	0	100	0	0	C
9	100	0	0	0	A
XX
DE	ARF21|Q9C8N9|MatBase
0	33	0	33	34	N
1	45	29	20	6	N
2	36	12	20	32	N
3	17	12	37	34	N
4	0	0	100	0	G
5	40	0	9	51	W
6	0	0	100	0	G
7	100	0	0	0	A
8	0	100	0	0	C
9	100	0	0	0	A
XX
DE	ARF2|B9I3Y9|MatBase
0	33	0	33	34	N
1	45	29	20	6	N
2	36	12	20	32	N
3	17	12	37	34	N
4	0	0	100	0	G
5	40	0	9	51	W
6	0	0	100	0	G
7	100	0	0	0	A
8	0	100	0	0	C
9	100	0	0	0	A
XX
DE	ARF2|Q2R3F5|MatBase
0	33	0	33	34	N
1	45	29	20	6	N
2	36	12	20	32	N
3	17	12	37	34	N
4	0	0	100	0	G
5	40	0	9	51	W
6	0	0	100	0	G
7	100	0	0	0	A
8	0	100	0	0	C
9	100	0	0	0	A
XX
DE	ARF6|B9GJG2|MatBase
0	33	0	33	34	N
1	45	29	20	6	N
2	36	12	20	32	N
3	17	12	37	34	N
4	0	0	100	0	G
5	40	0	9	51	W
6	0	0	100	0	G
7	100	0	0	0	A
8	0	100	0	0	C
9	100	0	0	0	A
XX
DE	ARF6|C5XVH8|MatBase
0	33	0	33	34	N
1	45	29	20	6	N
2	36	12	20	32	N
3	17	12	37	34	N
4	0	0	100	0	G
5	40	0	9	51	W
6	0	0	100	0	G
7	100	0	0	0	A
8	0	100	0	0	C
9	100	0	0	0	A
XX
DE	ARF6|Q0J951|MatBase
0	33	0	33	34	N
1	45	29	20	6	N
2	36	12	20	32	N
3	17	12	37	34	N
4	0	0	100	0	G
5	40	0	9	51	W
6	0	0	100	0	G
7	100	0	0	0	A
8	0	100	0	0	C
9	100	0	0	0	A
XX
DE	ARF8|B9H3I2|MatBase
0	33	0	33	34	N
1	45	29	20	6	N
2	36	12	20	32	N
3	17	12	37	34	N
4	0	0	100	0	G
5	40	0	9	51	W
6	0	0	100	0	G
7	100	0	0	0	A
8	0	100	0	0	C
9	100	0	0	0	A
XX
DE	ARF8|Q2QM84|MatBase
0	33	0	33	34	N
1	45	29	20	6	N
2	36	12	20	32	N
3	17	12	37	34	N
4	0	0	100	0	G
5	40	0	9	51	W
6	0	0	100	0	G
7	100	0	0	0	A
8	0	100	0	0	C
9	100	0	0	0	A
XX
DE	ARF9|C5XJJ7|MatBase
0	33	0	33	34	N
1	45	29	20	6	N
2	36	12	20	32	N
3	17	12	37	34	N
4	0	0	100	0	G
5	40	0	9	51	W
6	0	0	100	0	G
7	100	0	0	0	A
8	0	100	0	0	C
9	100	0	0	0	A
XX
DE	ARF9|Q5NB85|MatBase
0	33	0	33	34	N
1	45	29	20	6	N
2	36	12	20	32	N
3	17	12	37	34	N
4	0	0	100	0	G
5	40	0	9	51	W
6	0	0	100	0	G
7	100	0	0	0	A
8	0	100	0	0	C
9	100	0	0	0	A
XX
DE	ARF9|Q9XED8|MatBase
0	33	0	33	34	N
1	45	29	20	6	N
2	36	12	20	32	N
3	17	12	37	34	N
4	0	0	100	0	G
5	40	0	9	51	W
6	0	0	100	0	G
7	100	0	0	0	A
8	0	100	0	0	C
9	100	0	0	0	A
XX
DE	AT1G34170|Q9FX25|MatBase
0	33	0	33	34	N
1	45	29	20	6	N
2	36	12	20	32	N
3	17	12	37	34	N
4	0	0	100	0	G
5	40	0	9	51	W
6	0	0	100	0	G
7	100	0	0	0	A
8	0	100	0	0	C
9	100	0	0	0	A
XX
DE	AT2G36080|Q8GYJ2|MatBase
0	15	73	5	7	C
1	50	0	0	50	W
2	0	0	100	0	G
3	4	5	45	46	K
4	9	13	14	64	T
5	6	1	87	6	G
XX
DE	ATERF6|Q8VZ91|MatBase
0	50	0	17	33	W
1	29	0	14	57	W
2	0	0	100	0	G
3	0	0	100	0	G
4	0	100	0	0	C
5	7	0	93	0	G
6	0	15	85	0	G
7	9	82	9	0	C
8	7	0	0	93	T
9	0	72	14	14	C
10	0	0	14	86	T
11	17	17	0	66	T
XX
DE	CBF2|Q9SYS6|MatBase
0	54	7	32	7	R
1	17	23	23	37	N
2	0	0	100	0	G
3	0	9	42	49	K
4	0	100	0	0	C
5	0	0	100	0	G
6	0	0	100	0	G
7	0	37	0	63	T
8	29	15	47	9	N
9	39	31	14	16	N
10	15	32	17	36	N
11	0	33	33	34	N
XX
DE	CBF4|Q9FJ93|MatBase
0	54	7	32	7	R
1	17	23	23	37	N
2	0	0	100	0	G
3	0	9	42	49	K
4	0	100	0	0	C
5	0	0	100	0	G
6	0	0	100	0	G
7	0	37	0	63	T
8	29	15	47	9	N
9	39	31	14	16	N
10	15	32	17	36	N
11	0	33	33	34	N
XX
DE	DDF1|Q9LN86|MatBase
0	54	7	32	7	R
1	17	23	23	37	N
2	0	0	100	0	G
3	0	9	42	49	K
4	0	100	0	0	C
5	0	0	100	0	G
6	0	0	100	0	G
7	0	37	0	63	T
8	29	15	47	9	N
9	39	31	14	16	N
10	15	32	17	36	N
11	0	33	33	34	N
XX
DE	DREB2A|Q1ESI9|MatBase
0	54	7	32	7	R
1	17	23	23	37	N
2	0	0	100	0	G
3	0	9	42	49	K
4	0	100	0	0	C
5	0	0	100	0	G
6	0	0	100	0	G
7	0	37	0	63	T
8	29	15	47	9	N
9	39	31	14	16	N
10	15	32	17	36	N
11	0	33	33	34	N
XX
DE	DREB2B|O82133|MatBase
0	54	7	32	7	R
1	17	23	23	37	N
2	0	0	100	0	G
3	0	9	42	49	K
4	0	100	0	0	C
5	0	0	100	0	G
6	0	0	100	0	G
7	0	37	0	63	T
8	29	15	47	9	N
9	39	31	14	16	N
10	15	32	17	36	N
11	0	33	33	34	N
XX
DE	ERF1|Q6DKU6|MatBase
0	50	0	17	33	W
1	29	0	14	57	W
2	0	0	100	0	G
3	0	0	100	0	G
4	0	100	0	0	C
5	7	0	93	0	G
6	0	15	85	0	G
7	9	82	9	0	C
8	7	0	0	93	T
9	0	72	14	14	C
10	0	0	14	86	T
11	17	17	0	66	T
XX
DE	ERF3|O80339|MatBase
0	50	0	17	33	W
1	29	0	14	57	W
2	0	0	100	0	G
3	0	0	100	0	G
4	0	100	0	0	C
5	7	0	93	0	G
6	0	15	85	0	G
7	9	82	9	0	C
8	7	0	0	93	T
9	0	72	14	14	C
10	0	0	14	86	T
11	17	17	0	66	T
XX
DE	ERF4|O80340|MatBase
0	50	0	17	33	W
1	29	0	14	57	W
2	0	0	100	0	G
3	0	0	100	0	G
4	0	100	0	0	C
5	7	0	93	0	G
6	0	15	85	0	G
7	9	82	9	0	C
8	7	0	0	93	T
9	0	72	14	14	C
10	0	0	14	86	T
11	17	17	0	66	T
XX
DE	ERF8|Q9MAI5|MatBase
0	50	0	17	33	W
1	29	0	14	57	W
2	0	0	100	0	G
3	0	0	100	0	G
4	0	100	0	0	C
5	7	0	93	0	G
6	0	15	85	0	G
7	9	82	9	0	C
8	7	0	0	93	T
9	0	72	14	14	C
10	0	0	14	86	T
11	17	17	0	66	T
XX
DE	ETT|O23661|MatBase
0	33	0	33	34	N
1	45	29	20	6	N
2	36	12	20	32	N
3	17	12	37	34	N
4	0	0	100	0	G
5	40	0	9	51	W
6	0	0	100	0	G
7	100	0	0	0	A
8	0	100	0	0	C
9	100	0	0	0	A
XX
DE	FUS3|Q9LW31|MatBase
0	15	0	58	27	K
1	4	80	16	0	C
2	0	100	0	0	C
3	84	6	6	4	A
4	15	2	7	76	T
5	0	0	98	2	G
6	0	97	0	3	C
7	91	0	7	2	A
8	21	7	2	70	T
9	10	2	82	6	G
10	10	63	14	13	C
11	12	10	0	78	T
12	0	13	43	44	K
13	46	48	0	6	M
14	67	8	3	22	A
15	3	20	39	38	N
16	58	0	36	6	R
17	59	38	3	0	M
XX
DE	HRD|Q9SJR0|MatBase
0	54	7	32	7	R
1	17	23	23	37	N
2	0	0	100	0	G
3	0	9	42	49	K
4	0	100	0	0	C
5	0	0	100	0	G
6	0	0	100	0	G
7	0	37	0	63	T
8	29	15	47	9	N
9	39	31	14	16	N
10	15	32	17	36	N
11	0	33	33	34	N
XX
DE	LEC2|Q1PFR7|MatBase
0	15	0	58	27	K
1	4	80	16	0	C
2	0	100	0	0	C
3	84	6	6	4	A
4	15	2	7	76	T
5	0	0	98	2	G
6	0	97	0	3	C
7	91	0	7	2	A
8	21	7	2	70	T
9	10	2	82	6	G
10	10	63	14	13	C
11	12	10	0	78	T
12	0	13	43	44	K
13	46	48	0	6	M
14	67	8	3	22	A
15	3	20	39	38	N
16	58	0	36	6	R
17	59	38	3	0	M
XX
DE	LOC544042|O04681|MatBase
0	50	0	17	33	W
1	29	0	14	57	W
2	0	0	100	0	G
3	0	0	100	0	G
4	0	100	0	0	C
5	7	0	93	0	G
6	0	15	85	0	G
7	9	82	9	0	C
8	7	0	0	93	T
9	0	72	14	14	C
10	0	0	14	86	T
11	17	17	0	66	T
XX
DE	LOC544043|O04682|MatBase
0	50	0	17	33	W
1	29	0	14	57	W
2	0	0	100	0	G
3	0	0	100	0	G
4	0	100	0	0	C
5	7	0	93	0	G
6	0	15	85	0	G
7	9	82	9	0	C
8	7	0	0	93	T
9	0	72	14	14	C
10	0	0	14	86	T
11	17	17	0	66	T
XX
DE	NPH4|B9INC7|MatBase
0	33	0	33	34	N
1	45	29	20	6	N
2	36	12	20	32	N
3	17	12	37	34	N
4	0	0	100	0	G
5	40	0	9	51	W
6	0	0	100	0	G
7	100	0	0	0	A
8	0	100	0	0	C
9	100	0	0	0	A
XX
DE	NPH4|C5Z600|MatBase
0	33	0	33	34	N
1	45	29	20	6	N
2	36	12	20	32	N
3	17	12	37	34	N
4	0	0	100	0	G
5	40	0	9	51	W
6	0	0	100	0	G
7	100	0	0	0	A
8	0	100	0	0	C
9	100	0	0	0	A
XX
DE	NPH4|P93022|MatBase
0	33	0	33	34	N
1	45	29	20	6	N
2	36	12	20	32	N
3	17	12	37	34	N
4	0	0	100	0	G
5	40	0	9	51	W
6	0	0	100	0	G
7	100	0	0	0	A
8	0	100	0	0	C
9	100	0	0	0	A
XX
DE	Os08g0408500|Q6Z9V4|MatBase
0	54	7	32	7	R
1	17	23	23	37	N
2	0	0	100	0	G
3	0	9	42	49	K
4	0	100	0	0	C
5	0	0	100	0	G
6	0	0	100	0	G
7	0	37	0	63	T
8	29	15	47	9	N
9	39	31	14	16	N
10	15	32	17	36	N
11	0	33	33	34	N
XX
DE	RAP2.2|Q9LUM4|MatBase
0	49	13	13	25	N
1	25	13	13	49	N
2	100	0	0	0	A
3	0	0	0	100	T
4	0	100	0	0	C
5	0	0	0	100	T
6	100	0	0	0	A
7	75	25	0	0	A
8	74	0	13	13	A
9	57	0	14	29	W
XX
DE	RAP2.9|Q8W3M3|MatBase
0	54	7	32	7	R
1	17	23	23	37	N
2	0	0	100	0	G
3	0	9	42	49	K
4	0	100	0	0	C
5	0	0	100	0	G
6	0	0	100	0	G
7	0	37	0	63	T
8	29	15	47	9	N
9	39	31	14	16	N
10	15	32	17	36	N
11	0	33	33	34	N
XX
DE	SRY|Q03255|MatBase
0	86	1	0	13	A
1	2	0	3	95	T
2	0	0	0	100	T
3	13	28	42	17	N
4	41	11	3	45	W
5	9	27	6	58	Y
XX
DE	T00179|P15315|TransFac
0	17	0	50	33	K
1	0	89	0	11	C
2	61	0	0	39	A
3	0	11	0	89	T
4	0	0	0	100	T
5	0	0	0	100	T
6	0	55	14	31	Y
7	0	42	0	58	Y
8	0	0	72	28	G
9	0	100	0	0	C
10	0	0	0	100	T
11	22	0	78	0	G
XX
DE	T00925|P41772|TransFac
0	22	0	0	78	T
1	0	100	0	0	C
2	100	0	0	0	A
3	0	0	100	0	G
4	0	100	0	0	C
5	22	22	22	34	N
6	67	0	22	11	A
7	78	0	0	22	A
XX
DE	T01859|P52926|TransFac
0	74	13	10	3	A
1	72	5	2	21	A
2	12	0	1	87	T
3	12	2	15	71	T
4	34	3	9	54	W
XX
DE	T02302|Q27403|TransFac
0	36	28	28	8	N
1	33	15	26	26	N
2	62	9	29	0	A
3	0	98	0	2	C
4	0	100	0	0	C
5	10	88	0	2	C
6	0	2	98	0	G
7	2	92	0	6	C
8	100	0	0	0	A
9	2	9	2	87	T
10	43	26	17	14	N
11	24	24	10	42	N
12	26	16	21	37	N
XX
DE	T02637|Q9ZWM9|TransFac
0	12	62	4	22	C
1	41	19	0	40	W
2	0	0	100	0	G
3	3	4	56	37	K
4	7	10	11	72	T
5	7	18	70	5	G
XX
DE	T02639|Q38914|TransFac
0	43	0	57	0	R
1	0	90	0	10	C
2	78	2	18	2	A
3	0	100	0	0	C
4	54	2	44	0	R
5	19	13	49	19	N
6	40	2	2	56	W
7	0	3	2	95	T
8	13	79	0	8	C
9	0	100	0	0	C
10	0	98	0	2	C
11	32	2	61	5	G
12	97	0	0	3	A
13	18	0	50	32	K
14	5	0	95	0	G
15	0	42	29	29	N
XX
DE	T02653|Q40476|TransFac
0	0	0	100	0	G
1	0	0	86	14	G
2	0	100	0	0	C
3	0	0	100	0	G
4	0	0	100	0	G
5	0	86	0	14	C
6	14	0	14	72	T
7	0	42	29	29	N
XX
DE	T02654|Q40479|TransFac
0	6	79	3	12	C
1	0	3	94	3	G
2	3	79	18	0	C
3	0	91	6	3	C
4	3	0	97	0	G
5	9	85	6	0	C
6	0	97	3	0	C
XX
DE	T04284|Q43326|TransFac
0	0	0	0	100	T
1	25	17	17	41	N
2	17	0	8	75	T
3	17	0	41	42	K
4	0	0	0	100	T
5	25	0	17	58	W
6	25	0	17	58	W
7	25	0	0	75	T
8	0	25	8	67	T
9	83	0	17	0	A
10	51	33	8	8	M
11	17	42	8	33	N
XX
DE	T04348|Q9PWE8|TransFac
0	13	62	0	25	C
1	0	0	0	100	T
2	0	100	0	0	C
3	100	0	0	0	A
4	0	100	0	0	C
5	100	0	0	0	A
6	0	100	0	0	C
7	0	100	0	0	C
8	0	0	0	100	T
9	13	0	25	62	T
XX
DE	T04637|O80341|TransFac
0	15	2	54	29	K
1	9	0	91	0	G
2	0	2	81	17	G
3	0	100	0	0	C
4	5	0	95	0	G
5	0	10	90	0	G
6	6	88	6	0	C
7	8	13	17	62	T
XX
DE	T04675|Q14865-1|TransFac
0	24	11	62	3	G
1	23	14	22	41	N
2	21	76	3	0	C
3	76	0	0	24	A
4	1	18	48	33	K
5	11	15	69	5	G
6	5	2	6	87	T
7	5	3	90	2	G
XX
DE	T04679|Q24573|TransFac
0	21	17	17	45	N
1	21	36	17	26	N
2	50	0	50	0	R
3	100	0	0	0	A
4	2	0	0	98	T
5	2	0	0	98	T
6	88	0	12	0	A
7	67	12	14	7	A
8	21	12	14	53	N
9	29	26	24	21	N
XX
DE	T04804|Q9ZWK1|TransFac
0	80	7	7	6	A
1	1	24	0	75	T
2	0	1	99	0	G
3	36	14	3	47	W
4	99	0	1	0	A
5	1	57	2	40	Y
6	6	70	15	9	C
7	3	9	5	83	T
XX
DE	T05743|Q8L7W9|TransFac
0	36	26	32	6	N
1	38	15	35	12	N
2	8	10	79	3	G
3	2	96	0	2	C
4	77	0	23	0	A
5	0	100	0	0	C
6	0	100	0	0	C
7	5	0	95	0	G
8	0	100	0	0	C
9	5	95	0	0	C
10	5	70	20	5	C
XX
DE	T06607|Q8K585|TransFac
0	70	15	10	5	A
1	72	6	6	16	A
2	12	5	5	78	T
3	16	2	20	62	T
4	39	4	13	44	W
5	45	27	19	9	N
6	9	52	1	38	Y
XX
DE	T08661|P42736|TransFac
0	5	0	95	0	G
1	0	11	85	4	G
2	0	100	0	0	C
3	5	0	95	0	G
4	0	10	90	0	G
5	6	88	6	0	C
6	28	7	4	61	T
XX
DE	T08786|Q94JM3|TransFac
0	0	0	100	0	G
1	49	0	11	40	W
2	0	0	100	0	G
3	100	0	0	0	A
4	0	100	0	0	C
5	100	0	0	0	A
XX
DE	T08787|Q8L7G0|TransFac
0	0	0	100	0	G
1	49	0	11	40	W
2	0	0	100	0	G
3	100	0	0	0	A
4	0	100	0	0	C
5	100	0	0	0	A
XX
DE	T08789|O80338|TransFac
0	15	1	55	29	K
1	6	0	94	0	G
2	0	2	82	16	G
3	0	100	0	0	C
4	5	0	95	0	G
5	0	10	90	0	G
6	6	88	6	0	C
7	10	9	19	62	T
XX
DE	T08846|Q9LDE4|TransFac
0	8	0	92	0	G
1	0	2	97	1	G
2	0	100	0	0	C
3	5	0	95	0	G
4	0	10	90	0	G
5	6	88	6	0	C
6	5	26	7	62	T
XX
DE	T09206|Q6X5Y6|TransFac
0	2	4	44	50	K
1	0	0	0	100	T
2	95	2	2	1	A
3	3	96	0	1	C
4	80	12	7	1	A
5	6	1	1	92	T
6	6	44	5	45	Y
7	1	95	1	3	C
8	2	9	1	88	T
XX
DE	T09331|O82132|TransFac
0	40	0	60	0	G
1	0	100	0	0	C
2	0	100	0	0	C
3	0	0	100	0	G
4	33	61	6	0	C
5	0	99	0	1	C
XX
DE	T09594|O80337|TransFac
0	15	1	55	29	K
1	6	0	94	0	G
2	0	2	83	15	G
3	0	100	0	0	C
4	5	0	95	0	G
5	0	10	90	0	G
6	6	88	6	0	C
7	9	9	20	62	T
XX
DE	T10059|Q99468|TransFac
0	29	57	0	14	M
1	43	29	14	14	N
2	14	28	29	29	N
3	43	0	43	14	R
4	0	100	0	0	C
5	0	100	0	0	C
6	14	86	0	0	C
7	14	0	72	14	G
8	0	100	0	0	C
9	100	0	0	0	A
10	0	0	14	86	T
11	29	0	29	42	N
XX
DE	T10606|Q39127|TransFac
0	24	3	70	3	G
1	0	94	6	0	C
2	0	97	0	3	C
3	0	0	100	0	G
4	20	76	4	0	C
5	0	80	0	20	C
XX
DE	T10990|P93024|TransFac
0	0	0	100	0	G
1	49	0	11	40	W
2	0	0	100	0	G
3	100	0	0	0	A
4	0	100	0	0	C
5	100	0	0	0	A
XX
DE	T10991|Q9FGV1|TransFac
0	0	0	100	0	G
1	49	0	11	40	W
2	0	0	100	0	G
3	100	0	0	0	A
4	0	100	0	0	C
5	100	0	0	0	A
XX
DE	T11048|Q9SAD4|TransFac
0	15	3	53	29	K
1	0	0	100	0	G
2	0	2	98	0	G
3	0	100	0	0	C
4	5	0	95	0	G
5	0	10	90	0	G
6	6	88	6	0	C
7	5	32	1	62	T
XX
DE	T11216|Q9Y458|TransFac
0	100	0	0	0	A
1	0	0	100	0	G
2	0	0	100	0	G
3	0	0	0	100	T
4	0	0	100	0	G
5	0	13	0	87	T
6	0	0	100	0	G
7	100	0	0	0	A
8	100	0	0	0	A
9	60	7	0	33	A
10	0	0	6	94	T
11	0	0	0	100	T
12	13	31	56	0	S
13	25	13	6	56	W
14	0	100	0	0	C
15	100	0	0	0	A
16	0	94	0	6	C
17	0	81	0	19	C
18	0	0	0	100	T
XX
DE	T11250|P20293|TransFac
0	38	41	8	13	M
1	13	8	38	41	K
2	37	35	0	28	N
3	13	30	39	18	N
4	3	5	0	92	T
5	5	47	48	0	S
6	74	0	18	8	A
7	0	100	0	0	C
8	95	0	5	0	A
9	5	85	5	5	C
10	5	70	20	5	C
11	3	3	0	94	T
12	100	0	0	0	A
13	0	0	100	0	G
14	0	0	100	0	G
15	0	0	0	100	T
16	0	0	100	0	G
17	0	5	0	95	T
18	3	18	69	10	G
19	100	0	0	0	A
20	77	13	0	10	A
21	79	0	8	13	A
22	13	13	3	71	T
23	3	13	20	64	T
XX
DE	T11256|O09102|TransFac
0	29	57	0	14	M
1	43	29	14	14	N
2	14	28	29	29	N
3	43	0	43	14	R
4	0	100	0	0	C
5	0	100	0	0	C
6	14	86	0	0	C
7	14	0	72	14	G
8	0	100	0	0	C
9	100	0	0	0	A
10	0	0	14	86	T
11	29	0	29	42	N
XX
DE	T11258|O09103|TransFac
0	84	9	6	1	A
1	1	1	0	98	T
2	26	2	72	0	G
3	8	64	19	9	C
4	1	0	91	8	G
5	0	0	99	1	G
6	0	0	99	1	G
XX
DE	T11332|Q9EPZ6|TransFac
0	74	0	26	0	A
1	0	0	100	0	G
2	0	0	100	0	G
3	0	0	0	100	T
4	0	0	100	0	G
5	0	0	0	100	T
6	0	0	100	0	G
7	100	0	0	0	A
8	100	0	0	0	A
9	100	0	0	0	A
10	29	0	0	71	T
11	0	0	0	100	T
12	11	63	26	0	C
13	11	0	63	26	G
14	0	100	0	0	C
15	100	0	0	0	A
16	0	100	0	0	C
17	0	100	0	0	C
18	0	0	0	100	T
XX
DE	T14433|Q9FX53|TransFac
0	39	0	28	33	N
1	0	4	96	0	G
2	3	0	9	88	T
3	26	4	35	35	N
4	68	0	16	16	A
5	86	0	0	14	A
6	40	3	11	46	W
7	87	0	4	9	A
8	33	0	11	56	W
XX
DE	T14470|Q9ZTX8|TransFac
0	0	0	100	0	G
1	49	0	11	40	W
2	0	0	100	0	G
3	100	0	0	0	A
4	0	100	0	0	C
5	100	0	0	0	A
XX
DE	T14471|Q9ZTX9|TransFac
0	0	0	100	0	G
1	49	0	11	40	W
2	0	0	100	0	G
3	100	0	0	0	A
4	0	100	0	0	C
5	100	0	0	0	A
XX
DE	T15349|Q8LDC8|TransFac
0	0	0	100	0	G
1	0	0	95	5	G
2	0	100	0	0	C
3	5	0	95	0	G
4	0	10	90	0	G
5	6	83	6	5	C
6	9	0	5	86	T
7	0	56	22	22	N
XX
DE	T17435|Q9LND1|TransFac
0	15	1	8	76	T
1	1	0	99	0	G
2	0	3	95	2	G
3	0	100	0	0	C
4	5	0	95	0	G
5	0	10	90	0	G
6	6	88	6	0	C
7	10	9	19	62	T
XX
DE	TEM1|Q9C6M5|MatBase
0	15	73	5	7	C
1	50	0	0	50	W
2	0	0	100	0	G
3	4	5	45	46	K
4	9	13	14	64	T
5	6	1	87	6	G
XX
DE	dbf1|Q8LKW9|MatBase
0	54	7	32	7	R
1	17	23	23	37	N
2	0	0	100	0	G
3	0	9	42	49	K
4	0	100	0	0	C
5	0	0	100	0	G
6	0	0	100	0	G
7	0	37	0	63	T
8	29	15	47	9	N
9	39	31	14	16	N
10	15	32	17	36	N
11	0	33	33	34	N
XX
DE	ddf2|Q9SGJ6|MatBase
0	54	7	32	7	R
1	17	23	23	37	N
2	0	0	100	0	G
3	0	9	42	49	K
4	0	100	0	0	C
5	0	0	100	0	G
6	0	0	100	0	G
7	0	37	0	63	T
8	29	15	47	9	N
9	39	31	14	16	N
10	15	32	17	36	N
11	0	33	33	34	N
XX
DE	dreb1|Q8GZQ5|MatBase
0	54	7	32	7	R
1	17	23	23	37	N
2	0	0	100	0	G
3	0	9	42	49	K
4	0	100	0	0	C
5	0	0	100	0	G
6	0	0	100	0	G
7	0	37	0	63	T
8	29	15	47	9	N
9	39	31	14	16	N
10	15	32	17	36	N
11	0	33	33	34	N
XX
DE	ABF2|Q6Z312|MatBase
0	3	9	62	26	G
1	18	10	62	10	G
2	41	41	0	18	M
3	0	79	19	2	C
4	98	0	2	0	A
5	0	100	0	0	C
6	0	0	100	0	G
7	0	0	0	100	T
8	8	0	89	3	G
9	3	8	67	22	G
10	11	80	6	3	C
XX
DE	ABF2|Q9M7Q4|MatBase
0	3	9	62	26	G
1	18	10	62	10	G
2	41	41	0	18	M
3	0	79	19	2	C
4	98	0	2	0	A
5	0	100	0	0	C
6	0	0	100	0	G
7	0	0	0	100	T
8	8	0	89	3	G
9	3	8	67	22	G
10	11	80	6	3	C
XX
DE	ABF4|C5X2A7|MatBase
0	3	9	62	26	G
1	18	10	62	10	G
2	41	41	0	18	M
3	0	79	19	2	C
4	98	0	2	0	A
5	0	100	0	0	C
6	0	0	100	0	G
7	0	0	0	100	T
8	8	0	89	3	G
9	3	8	67	22	G
10	11	80	6	3	C
XX
DE	ABF4|Q67TQ5|MatBase
0	3	9	62	26	G
1	18	10	62	10	G
2	41	41	0	18	M
3	0	79	19	2	C
4	98	0	2	0	A
5	0	100	0	0	C
6	0	0	100	0	G
7	0	0	0	100	T
8	8	0	89	3	G
9	3	8	67	22	G
10	11	80	6	3	C
XX
DE	ABF4|Q9M7Q2|MatBase
0	3	9	62	26	G
1	18	10	62	10	G
2	41	41	0	18	M
3	0	79	19	2	C
4	98	0	2	0	A
5	0	100	0	0	C
6	0	0	100	0	G
7	0	0	0	100	T
8	8	0	89	3	G
9	3	8	67	22	G
10	11	80	6	3	C
XX
DE	ABI5|B9HBJ5|MatBase
0	3	9	62	26	G
1	18	10	62	10	G
2	41	41	0	18	M
3	0	79	19	2	C
4	98	0	2	0	A
5	0	100	0	0	C
6	0	0	100	0	G
7	0	0	0	100	T
8	8	0	89	3	G
9	3	8	67	22	G
10	11	80	6	3	C
XX
DE	ABI5|C5XQI3|MatBase
0	3	9	62	26	G
1	18	10	62	10	G
2	41	41	0	18	M
3	0	79	19	2	C
4	98	0	2	0	A
5	0	100	0	0	C
6	0	0	100	0	G
7	0	0	0	100	T
8	8	0	89	3	G
9	3	8	67	22	G
10	11	80	6	3	C
XX
DE	ABI5|Q0JHJ8|MatBase
0	3	9	62	26	G
1	18	10	62	10	G
2	41	41	0	18	M
3	0	79	19	2	C
4	98	0	2	0	A
5	0	100	0	0	C
6	0	0	100	0	G
7	0	0	0	100	T
8	8	0	89	3	G
9	3	8	67	22	G
10	11	80	6	3	C
XX
DE	AHBP-1B|B9HJ06|MatBase
0	2	7	68	23	G
1	5	11	55	29	K
2	34	66	0	0	C
3	0	98	0	2	C
4	100	0	0	0	A
5	0	100	0	0	C
6	0	0	100	0	G
7	0	0	0	100	T
8	6	89	5	0	C
9	91	2	2	5	A
10	5	29	23	43	N
11	6	90	2	2	C
XX
DE	ARNTL2|Q8QGQ7|MatBase
0	0	95	5	0	C
1	100	0	0	0	A
2	0	100	0	0	C
3	0	0	100	0	G
4	1	5	3	91	T
XX
DE	ARNTL2|Q8WYA1|MatBase
0	0	95	5	0	C
1	100	0	0	0	A
2	0	100	0	0	C
3	0	0	100	0	G
4	1	5	3	91	T
XX
DE	ARNTL|Q9I8T7|MatBase
0	0	95	5	0	C
1	100	0	0	0	A
2	0	100	0	0	C
3	0	0	100	0	G
4	1	5	3	91	T
XX
DE	ASCL2|Q99929|MatBase
0	0	100	0	0	C
1	100	0	0	0	A
2	5	0	85	10	G
3	63	25	12	0	A
4	0	0	0	100	T
5	0	0	100	0	G
6	16	13	63	8	G
7	0	52	27	21	N
XX
DE	ATBZIP2|Q9SI15|MatBase
0	5	66	6	23	C
1	82	2	16	0	A
2	16	56	0	28	Y
3	9	6	85	0	G
4	3	0	0	97	T
5	12	73	15	0	C
6	76	6	17	1	A
XX
DE	ATBZIP53|Q9LZP8|MatBase
0	5	66	6	23	C
1	82	2	16	0	A
2	16	56	0	28	Y
3	9	6	85	0	G
4	3	0	0	97	T
5	12	73	15	0	C
6	76	6	17	1	A
XX
DE	ATBZIP60|C5Z662|MatBase
0	0	100	0	0	C
1	0	95	5	0	C
2	85	0	5	10	A
3	61	10	19	10	A
4	14	0	0	86	T
5	32	10	29	29	N
6	52	19	10	19	N
7	33	10	19	38	N
8	48	19	14	19	N
9	57	0	14	29	W
10	43	14	19	24	N
11	33	29	14	24	N
12	28	29	14	29	N
13	14	14	53	19	N
14	14	86	0	0	C
15	0	100	0	0	C
16	100	0	0	0	A
17	0	100	0	0	C
18	0	0	100	0	G
XX
DE	ATBZIP60|Q69XV0|MatBase
0	0	100	0	0	C
1	0	95	5	0	C
2	85	0	5	10	A
3	61	10	19	10	A
4	14	0	0	86	T
5	32	10	29	29	N
6	52	19	10	19	N
7	33	10	19	38	N
8	48	19	14	19	N
9	57	0	14	29	W
10	43	14	19	24	N
11	33	29	14	24	N
12	28	29	14	29	N
13	14	14	53	19	N
14	14	86	0	0	C
15	0	100	0	0	C
16	100	0	0	0	A
17	0	100	0	0	C
18	0	0	100	0	G
XX
DE	ATBZIP60|Q9C7S0|MatBase
0	0	100	0	0	C
1	0	95	5	0	C
2	85	0	5	10	A
3	61	10	19	10	A
4	14	0	0	86	T
5	32	10	29	29	N
6	52	19	10	19	N
7	33	10	19	38	N
8	48	19	14	19	N
9	57	0	14	29	W
10	43	14	19	24	N
11	33	29	14	24	N
12	28	29	14	29	N
13	14	14	53	19	N
14	14	86	0	0	C
15	0	100	0	0	C
16	100	0	0	0	A
17	0	100	0	0	C
18	0	0	100	0	G
XX
DE	ATF4|Q3ZCH6|MatBase
0	17	10	1	72	T
1	9	24	31	36	N
2	73	2	11	14	A
3	0	100	0	0	C
4	18	2	80	0	G
5	1	3	0	96	T
6	0	100	0	0	C
7	99	0	0	1	A
XX
DE	ATF4|Q9W610|MatBase
0	17	10	1	72	T
1	9	24	31	36	N
2	73	2	11	14	A
3	0	100	0	0	C
4	18	2	80	0	G
5	1	3	0	96	T
6	0	100	0	0	C
7	99	0	0	1	A
XX
DE	ATF6B|A4FUY2|MatBase
0	0	100	0	0	C
1	94	1	4	1	A
2	0	92	0	8	C
3	5	2	89	4	G
4	6	11	0	83	T
5	4	4	88	4	G
XX
DE	Arntl2|Q2VPD4|MatBase
0	0	95	5	0	C
1	100	0	0	0	A
2	0	100	0	0	C
3	0	0	100	0	G
4	1	5	3	91	T
XX
DE	AtbZIP44|C0Z2L5|MatBase
0	5	66	6	23	C
1	82	2	16	0	A
2	16	56	0	28	Y
3	9	6	85	0	G
4	3	0	0	97	T
5	12	73	15	0	C
6	76	6	17	1	A
XX
DE	Atf6|Q8BZ84|MatBase
0	0	100	0	0	C
1	94	1	4	1	A
2	0	92	0	8	C
3	5	2	89	4	G
4	6	11	0	83	T
5	4	4	88	4	G
XX
DE	BATF3|Q9NR55|MatBase
0	5	45	45	5	S
1	40	40	17	3	M
2	0	0	0	100	T
3	0	3	78	19	G
4	97	3	0	0	A
5	3	66	25	6	C
6	0	0	0	100	T
7	8	92	0	0	C
8	97	3	0	0	A
9	9	29	23	39	N
10	10	60	12	18	C
XX
DE	BHLHB2|Q5EA15|MatBase
0	7	22	63	8	G
1	5	23	26	46	N
2	4	92	4	0	C
3	68	0	25	7	A
4	2	80	10	8	C
5	0	0	98	2	G
6	2	8	0	90	T
7	0	0	100	0	G
8	23	64	9	4	C
XX
DE	BZIP25|C5XB32|MatBase
0	5	66	6	23	C
1	82	2	16	0	A
2	16	56	0	28	Y
3	9	6	85	0	G
4	3	0	0	97	T
5	12	73	15	0	C
6	76	6	17	1	A
XX
DE	BZIP25|Q6ZLB0|MatBase
0	5	66	6	23	C
1	82	2	16	0	A
2	16	56	0	28	Y
3	9	6	85	0	G
4	3	0	0	97	T
5	12	73	15	0	C
6	76	6	17	1	A
XX
DE	BZIP25|Q9M1G6|MatBase
0	5	66	6	23	C
1	82	2	16	0	A
2	16	56	0	28	Y
3	9	6	85	0	G
4	3	0	0	97	T
5	12	73	15	0	C
6	76	6	17	1	A
XX
DE	BZO2H1|Q9FUD4|MatBase
0	5	66	6	23	C
1	82	2	16	0	A
2	16	56	0	28	Y
3	9	6	85	0	G
4	3	0	0	97	T
5	12	73	15	0	C
6	76	6	17	1	A
XX
DE	Bach1|D4ACD2|MatBase
0	11	26	57	6	S
1	30	49	17	4	N
2	18	6	12	64	T
3	11	7	65	17	G
4	54	15	24	7	N
5	16	31	46	7	N
6	7	0	8	85	T
7	3	86	4	7	C
8	85	0	8	7	A
9	2	9	60	29	G
10	5	81	11	3	C
11	68	13	8	11	A
XX
DE	Batf3|P97876|MatBase
0	5	45	45	5	S
1	40	40	17	3	M
2	0	0	0	100	T
3	0	3	78	19	G
4	97	3	0	0	A
5	3	66	25	6	C
6	0	0	0	100	T
7	8	92	0	0	C
8	97	3	0	0	A
9	9	29	23	39	N
10	10	60	12	18	C
XX
DE	Batf|O35284|MatBase
0	5	45	45	5	S
1	40	40	17	3	M
2	0	0	0	100	T
3	0	3	78	19	G
4	97	3	0	0	A
5	3	66	25	6	C
6	0	0	0	100	T
7	8	92	0	0	C
8	97	3	0	0	A
9	9	29	23	39	N
10	10	60	12	18	C
XX
DE	CLOCK|Q8QGQ6|MatBase
0	0	95	5	0	C
1	100	0	0	0	A
2	0	100	0	0	C
3	0	0	100	0	G
4	1	5	3	91	T
XX
DE	CREB3L3|Q3SYZ3|MatBase
0	19	15	1	65	T
1	12	24	39	25	N
2	82	2	8	8	A
3	8	84	4	4	C
4	3	3	94	0	G
5	0	0	0	100	T
6	0	100	0	0	C
7	100	0	0	0	A
XX
DE	CREB3L3|Q68CJ9|MatBase
0	19	15	1	65	T
1	12	24	39	25	N
2	82	2	8	8	A
3	8	84	4	4	C
4	3	3	94	0	G
5	0	0	0	100	T
6	0	100	0	0	C
7	100	0	0	0	A
XX
DE	CREB3L4|B0LI00|MatBase
0	19	15	1	65	T
1	12	24	39	25	N
2	82	2	8	8	A
3	8	84	4	4	C
4	3	3	94	0	G
5	0	0	0	100	T
6	0	100	0	0	C
7	100	0	0	0	A
XX
DE	CREB3|O43889|MatBase
0	19	15	1	65	T
1	12	24	39	25	N
2	82	2	8	8	A
3	8	84	4	4	C
4	3	3	94	0	G
5	0	0	0	100	T
6	0	100	0	0	C
7	100	0	0	0	A
XX
DE	CREB3|Q8SQ19|MatBase
0	19	15	1	65	T
1	12	24	39	25	N
2	82	2	8	8	A
3	8	84	4	4	C
4	3	3	94	0	G
5	0	0	0	100	T
6	0	100	0	0	C
7	100	0	0	0	A
XX
DE	CREB5|Q02930|MatBase
0	19	15	1	65	T
1	12	24	39	25	N
2	82	2	8	8	A
3	8	84	4	4	C
4	3	3	94	0	G
5	0	0	0	100	T
6	0	100	0	0	C
7	100	0	0	0	A
XX
DE	CREM|Q1LZH5|MatBase
0	19	15	1	65	T
1	12	24	39	25	N
2	82	2	8	8	A
3	8	84	4	4	C
4	3	3	94	0	G
5	0	0	0	100	T
6	0	100	0	0	C
7	100	0	0	0	A
XX
DE	Clock|Q9WVS9|MatBase
0	0	95	5	0	C
1	100	0	0	0	A
2	0	100	0	0	C
3	0	0	100	0	G
4	1	5	3	91	T
XX
DE	Creb3l1|Q66HA2|MatBase
0	19	15	1	65	T
1	12	24	39	25	N
2	82	2	8	8	A
3	8	84	4	4	C
4	3	3	94	0	G
5	0	0	0	100	T
6	0	100	0	0	C
7	100	0	0	0	A
XX
DE	Creb3l2|Q8BH52|MatBase
0	19	15	1	65	T
1	12	24	39	25	N
2	82	2	8	8	A
3	8	84	4	4	C
4	3	3	94	0	G
5	0	0	0	100	T
6	0	100	0	0	C
7	100	0	0	0	A
XX
DE	Creb3l3|Q91XE9|MatBase
0	19	15	1	65	T
1	12	24	39	25	N
2	82	2	8	8	A
3	8	84	4	4	C
4	3	3	94	0	G
5	0	0	0	100	T
6	0	100	0	0	C
7	100	0	0	0	A
XX
DE	Creb3l4|Q9D2A5|MatBase
0	19	15	1	65	T
1	12	24	39	25	N
2	82	2	8	8	A
3	8	84	4	4	C
4	3	3	94	0	G
5	0	0	0	100	T
6	0	100	0	0	C
7	100	0	0	0	A
XX
DE	Creb3|Q3UNH6|MatBase
0	19	15	1	65	T
1	12	24	39	25	N
2	82	2	8	8	A
3	8	84	4	4	C
4	3	3	94	0	G
5	0	0	0	100	T
6	0	100	0	0	C
7	100	0	0	0	A
XX
DE	Crebl2|Q32M00|MatBase
0	19	15	1	65	T
1	12	24	39	25	N
2	82	2	8	8	A
3	8	84	4	4	C
4	3	3	94	0	G
5	0	0	0	100	T
6	0	100	0	0	C
7	100	0	0	0	A
XX
DE	DBP|Q32PF6|MatBase
0	31	2	59	8	R
1	0	0	0	100	T
2	6	0	9	85	T
3	86	1	10	3	A
4	0	53	1	46	Y
5	25	0	75	0	G
6	3	29	0	68	T
7	78	18	1	3	A
8	95	0	3	2	A
XX
DE	DDIT3|P35638|MatBase
0	0	2	0	98	T
1	0	7	93	0	G
2	6	92	0	2	C
3	100	0	0	0	A
4	91	2	0	7	A
5	0	29	0	71	T
6	26	66	4	4	C
7	6	57	11	26	Y
8	0	63	20	17	C
9	3	73	8	16	C
XX
DE	EEL|B9IHG5|MatBase
0	3	9	62	26	G
1	18	10	62	10	G
2	41	41	0	18	M
3	0	79	19	2	C
4	98	0	2	0	A
5	0	100	0	0	C
6	0	0	100	0	G
7	0	0	0	100	T
8	8	0	89	3	G
9	3	8	67	22	G
10	11	80	6	3	C
XX
DE	EEL|C5YZX9|MatBase
0	3	9	62	26	G
1	18	10	62	10	G
2	41	41	0	18	M
3	0	79	19	2	C
4	98	0	2	0	A
5	0	100	0	0	C
6	0	0	100	0	G
7	0	0	0	100	T
8	8	0	89	3	G
9	3	8	67	22	G
10	11	80	6	3	C
XX
DE	EEL|Q0JIB6|MatBase
0	3	9	62	26	G
1	18	10	62	10	G
2	41	41	0	18	M
3	0	79	19	2	C
4	98	0	2	0	A
5	0	100	0	0	C
6	0	0	100	0	G
7	0	0	0	100	T
8	8	0	89	3	G
9	3	8	67	22	G
10	11	80	6	3	C
XX
DE	EEL|Q9C5Q2|MatBase
0	3	9	62	26	G
1	18	10	62	10	G
2	41	41	0	18	M
3	0	79	19	2	C
4	98	0	2	0	A
5	0	100	0	0	C
6	0	0	100	0	G
7	0	0	0	100	T
8	8	0	89	3	G
9	3	8	67	22	G
10	11	80	6	3	C
XX
DE	FOSB|A6QLQ3|MatBase
0	5	45	45	5	S
1	40	40	17	3	M
2	0	0	0	100	T
3	0	3	78	19	G
4	97	3	0	0	A
5	3	66	25	6	C
6	0	0	0	100	T
7	8	92	0	0	C
8	97	3	0	0	A
9	9	29	23	39	N
10	10	60	12	18	C
XX
DE	GBF1|B9HET6|MatBase
0	2	7	68	23	G
1	5	11	55	29	K
2	34	66	0	0	C
3	0	98	0	2	C
4	100	0	0	0	A
5	0	100	0	0	C
6	0	0	100	0	G
7	0	0	0	100	T
8	6	89	5	0	C
9	91	2	2	5	A
10	5	29	23	43	N
11	6	90	2	2	C
XX
DE	GBF1|Q10PC3|MatBase
0	2	7	68	23	G
1	5	11	55	29	K
2	34	66	0	0	C
3	0	98	0	2	C
4	100	0	0	0	A
5	0	100	0	0	C
6	0	0	100	0	G
7	0	0	0	100	T
8	6	89	5	0	C
9	91	2	2	5	A
10	5	29	23	43	N
11	6	90	2	2	C
XX
DE	GBF2|Q2QXH7|MatBase
0	2	7	68	23	G
1	5	11	55	29	K
2	34	66	0	0	C
3	0	98	0	2	C
4	100	0	0	0	A
5	0	100	0	0	C
6	0	0	100	0	G
7	0	0	0	100	T
8	6	89	5	0	C
9	91	2	2	5	A
10	5	29	23	43	N
11	6	90	2	2	C
XX
DE	GBF3|B9I8T8|MatBase
0	2	7	68	23	G
1	5	11	55	29	K
2	34	66	0	0	C
3	0	98	0	2	C
4	100	0	0	0	A
5	0	100	0	0	C
6	0	0	100	0	G
7	0	0	0	100	T
8	6	89	5	0	C
9	91	2	2	5	A
10	5	29	23	43	N
11	6	90	2	2	C
XX
DE	GBF3|C5YVZ3|MatBase
0	2	7	68	23	G
1	5	11	55	29	K
2	34	66	0	0	C
3	0	98	0	2	C
4	100	0	0	0	A
5	0	100	0	0	C
6	0	0	100	0	G
7	0	0	0	100	T
8	6	89	5	0	C
9	91	2	2	5	A
10	5	29	23	43	N
11	6	90	2	2	C
XX
DE	GBF3|Q6AUN3|MatBase
0	2	7	68	23	G
1	5	11	55	29	K
2	34	66	0	0	C
3	0	98	0	2	C
4	100	0	0	0	A
5	0	100	0	0	C
6	0	0	100	0	G
7	0	0	0	100	T
8	6	89	5	0	C
9	91	2	2	5	A
10	5	29	23	43	N
11	6	90	2	2	C
XX
DE	GBF4|P42777|MatBase
0	2	7	68	23	G
1	5	11	55	29	K
2	34	66	0	0	C
3	0	98	0	2	C
4	100	0	0	0	A
5	0	100	0	0	C
6	0	0	100	0	G
7	0	0	0	100	T
8	6	89	5	0	C
9	91	2	2	5	A
10	5	29	23	43	N
11	6	90	2	2	C
XX
DE	GBF6|O65683|MatBase
0	5	66	6	23	C
1	82	2	16	0	A
2	16	56	0	28	Y
3	9	6	85	0	G
4	3	0	0	97	T
5	12	73	15	0	C
6	76	6	17	1	A
XX
DE	HELT|A6NFD8|MatBase
0	7	22	63	8	G
1	5	23	26	46	N
2	4	92	4	0	C
3	68	0	25	7	A
4	2	80	10	8	C
5	0	0	98	2	G
6	2	8	0	90	T
7	0	0	100	0	G
8	23	64	9	4	C
XX
DE	HES1|O57337|MatBase
0	7	22	63	8	G
1	5	23	26	46	N
2	4	92	4	0	C
3	68	0	25	7	A
4	2	80	10	8	C
5	0	0	98	2	G
6	2	8	0	90	T
7	0	0	100	0	G
8	23	64	9	4	C
XX
DE	HES2|Q9Y543|MatBase
0	7	22	63	8	G
1	5	23	26	46	N
2	4	92	4	0	C
3	68	0	25	7	A
4	2	80	10	8	C
5	0	0	98	2	G
6	2	8	0	90	T
7	0	0	100	0	G
8	23	64	9	4	C
XX
DE	HES4|Q9HCC6|MatBase
0	7	22	63	8	G
1	5	23	26	46	N
2	4	92	4	0	C
3	68	0	25	7	A
4	2	80	10	8	C
5	0	0	98	2	G
6	2	8	0	90	T
7	0	0	100	0	G
8	23	64	9	4	C
XX
DE	HES6|Q96HZ4|MatBase
0	7	22	63	8	G
1	5	23	26	46	N
2	4	92	4	0	C
3	68	0	25	7	A
4	2	80	10	8	C
5	0	0	98	2	G
6	2	8	0	90	T
7	0	0	100	0	G
8	23	64	9	4	C
XX
DE	HES7|Q9BYE0|MatBase
0	7	22	63	8	G
1	5	23	26	46	N
2	4	92	4	0	C
3	68	0	25	7	A
4	2	80	10	8	C
5	0	0	98	2	G
6	2	8	0	90	T
7	0	0	100	0	G
8	23	64	9	4	C
XX
DE	HEY1|Q2KIN4|MatBase
0	7	22	63	8	G
1	5	23	26	46	N
2	4	92	4	0	C
3	68	0	25	7	A
4	2	80	10	8	C
5	0	0	98	2	G
6	2	8	0	90	T
7	0	0	100	0	G
8	23	64	9	4	C
XX
DE	HIF1A|Q9YIB9|MatBase
0	0	95	5	0	C
1	100	0	0	0	A
2	0	100	0	0	C
3	0	0	100	0	G
4	1	5	3	91	T
XX
DE	HY5|B9HA32|MatBase
0	2	7	68	23	G
1	5	11	55	29	K
2	34	66	0	0	C
3	0	98	0	2	C
4	100	0	0	0	A
5	0	100	0	0	C
6	0	0	100	0	G
7	0	0	0	100	T
8	6	89	5	0	C
9	91	2	2	5	A
10	5	29	23	43	N
11	6	90	2	2	C
XX
DE	HY5|C5XXX1|MatBase
0	2	7	68	23	G
1	5	11	55	29	K
2	34	66	0	0	C
3	0	98	0	2	C
4	100	0	0	0	A
5	0	100	0	0	C
6	0	0	100	0	G
7	0	0	0	100	T
8	6	89	5	0	C
9	91	2	2	5	A
10	5	29	23	43	N
11	6	90	2	2	C
XX
DE	HY5|Q0E2Y8|MatBase
0	2	7	68	23	G
1	5	11	55	29	K
2	34	66	0	0	C
3	0	98	0	2	C
4	100	0	0	0	A
5	0	100	0	0	C
6	0	0	100	0	G
7	0	0	0	100	T
8	6	89	5	0	C
9	91	2	2	5	A
10	5	29	23	43	N
11	6	90	2	2	C
XX
DE	Helt|Q7TS99|MatBase
0	7	22	63	8	G
1	5	23	26	46	N
2	4	92	4	0	C
3	68	0	25	7	A
4	2	80	10	8	C
5	0	0	98	2	G
6	2	8	0	90	T
7	0	0	100	0	G
8	23	64	9	4	C
XX
DE	Hes2|P35429|MatBase
0	7	22	63	8	G
1	5	23	26	46	N
2	4	92	4	0	C
3	68	0	25	7	A
4	2	80	10	8	C
5	0	0	98	2	G
6	2	8	0	90	T
7	0	0	100	0	G
8	23	64	9	4	C
XX
DE	Hes3|Q04667|MatBase
0	7	22	63	8	G
1	5	23	26	46	N
2	4	92	4	0	C
3	68	0	25	7	A
4	2	80	10	8	C
5	0	0	98	2	G
6	2	8	0	90	T
7	0	0	100	0	G
8	23	64	9	4	C
XX
DE	Hes5|P70120|MatBase
0	7	22	63	8	G
1	5	23	26	46	N
2	4	92	4	0	C
3	68	0	25	7	A
4	2	80	10	8	C
5	0	0	98	2	G
6	2	8	0	90	T
7	0	0	100	0	G
8	23	64	9	4	C
XX
DE	Hey2|Q9QUS4|MatBase
0	7	22	63	8	G
1	5	23	26	46	N
2	4	92	4	0	C
3	68	0	25	7	A
4	2	80	10	8	C
5	0	0	98	2	G
6	2	8	0	90	T
7	0	0	100	0	G
8	23	64	9	4	C
XX
DE	JDP2|Q8WYK2|MatBase
0	5	45	45	5	S
1	40	40	17	3	M
2	0	0	0	100	T
3	0	3	78	19	G
4	97	3	0	0	A
5	3	66	25	6	C
6	0	0	0	100	T
7	8	92	0	0	C
8	97	3	0	0	A
9	9	29	23	39	N
10	10	60	12	18	C
XX
DE	JUNB|Q0VBZ5|MatBase
0	5	45	45	5	S
1	40	40	17	3	M
2	0	0	0	100	T
3	0	3	78	19	G
4	97	3	0	0	A
5	3	66	25	6	C
6	0	0	0	100	T
7	8	92	0	0	C
8	97	3	0	0	A
9	9	29	23	39	N
10	10	60	12	18	C
XX
DE	JUND|A7YY54|MatBase
0	5	45	45	5	S
1	40	40	17	3	M
2	0	0	0	100	T
3	0	3	78	19	G
4	97	3	0	0	A
5	3	66	25	6	C
6	0	0	0	100	T
7	8	92	0	0	C
8	97	3	0	0	A
9	9	29	23	39	N
10	10	60	12	18	C
XX
DE	MAFF|A7YY73|MatBase
0	11	26	57	6	S
1	30	49	17	4	N
2	18	6	12	64	T
3	11	7	65	17	G
4	54	15	24	7	N
5	16	31	46	7	N
6	7	0	8	85	T
7	3	86	4	7	C
8	85	0	8	7	A
9	2	9	60	29	G
10	5	81	11	3	C
11	68	13	8	11	A
XX
DE	MGA|Q8IWI9|MatBase
0	0	100	0	0	C
1	94	1	4	1	A
2	0	92	0	8	C
3	5	2	89	4	G
4	6	11	0	83	T
5	4	4	88	4	G
XX
DE	MYF6|Q7YS80|MatBase
0	0	100	0	0	C
1	87	0	3	10	A
2	0	61	37	2	C
3	3	93	1	3	C
4	12	0	0	88	T
5	0	1	99	0	G
6	1	47	4	48	Y
XX
DE	Mafa|D3ZNT6|MatBase
0	11	26	57	6	S
1	30	49	17	4	N
2	18	6	12	64	T
3	11	7	65	17	G
4	54	15	24	7	N
5	16	31	46	7	N
6	7	0	8	85	T
7	3	86	4	7	C
8	85	0	8	7	A
9	2	9	60	29	G
10	5	81	11	3	C
11	68	13	8	11	A
XX
DE	Mafg|Q76MX4|MatBase
0	11	26	57	6	S
1	30	49	17	4	N
2	18	6	12	64	T
3	11	7	65	17	G
4	54	15	24	7	N
5	16	31	46	7	N
6	7	0	8	85	T
7	3	86	4	7	C
8	85	0	8	7	A
9	2	9	60	29	G
10	5	81	11	3	C
11	68	13	8	11	A
XX
DE	Mafk|Q6IRI7|MatBase
0	11	26	57	6	S
1	30	49	17	4	N
2	18	6	12	64	T
3	11	7	65	17	G
4	54	15	24	7	N
5	16	31	46	7	N
6	7	0	8	85	T
7	3	86	4	7	C
8	85	0	8	7	A
9	2	9	60	29	G
10	5	81	11	3	C
11	68	13	8	11	A
XX
DE	Mga|A2AWL7|MatBase
0	0	100	0	0	C
1	94	1	4	1	A
2	0	92	0	8	C
3	5	2	89	4	G
4	6	11	0	83	T
5	4	4	88	4	G
XX
DE	Mycl1|P10166|MatBase
0	0	100	0	0	C
1	94	1	4	1	A
2	0	92	0	8	C
3	5	2	89	4	G
4	6	11	0	83	T
5	4	4	88	4	G
XX
DE	NFE2L2|A5D975|MatBase
0	11	26	57	6	S
1	30	49	17	4	N
2	18	6	12	64	T
3	11	7	65	17	G
4	54	15	24	7	N
5	16	31	46	7	N
6	7	0	8	85	T
7	3	86	4	7	C
8	85	0	8	7	A
9	2	9	60	29	G
10	5	81	11	3	C
11	68	13	8	11	A
XX
DE	NFE2L3|A4IFL8|MatBase
0	11	26	57	6	S
1	30	49	17	4	N
2	18	6	12	64	T
3	11	7	65	17	G
4	54	15	24	7	N
5	16	31	46	7	N
6	7	0	8	85	T
7	3	86	4	7	C
8	85	0	8	7	A
9	2	9	60	29	G
10	5	81	11	3	C
11	68	13	8	11	A
XX
DE	NFE2L3|Q9Y4A8|MatBase
0	11	26	57	6	S
1	30	49	17	4	N
2	18	6	12	64	T
3	11	7	65	17	G
4	54	15	24	7	N
5	16	31	46	7	N
6	7	0	8	85	T
7	3	86	4	7	C
8	85	0	8	7	A
9	2	9	60	29	G
10	5	81	11	3	C
11	68	13	8	11	A
XX
DE	NFE2|Q5EAD3|MatBase
0	11	26	57	6	S
1	30	49	17	4	N
2	18	6	12	64	T
3	11	7	65	17	G
4	54	15	24	7	N
5	16	31	46	7	N
6	7	0	8	85	T
7	3	86	4	7	C
8	85	0	8	7	A
9	2	9	60	29	G
10	5	81	11	3	C
11	68	13	8	11	A
XX
DE	NFIX|Q14938|MatBase
0	0	0	0	100	T
1	0	0	100	0	G
2	5	0	95	0	G
3	5	95	0	0	C
4	69	8	0	23	A
5	17	39	26	18	N
6	14	46	25	15	N
7	36	23	24	17	N
8	26	6	4	64	T
9	0	0	83	17	G
10	0	93	7	0	C
11	0	100	0	0	C
12	93	7	0	0	A
13	58	3	37	2	R
XX
DE	NPAS2|Q5ZQU2|MatBase
0	0	95	5	0	C
1	100	0	0	0	A
2	0	100	0	0	C
3	0	0	100	0	G
4	1	5	3	91	T
XX
DE	NPAS2|Q99743|MatBase
0	0	95	5	0	C
1	100	0	0	0	A
2	0	100	0	0	C
3	0	0	100	0	G
4	1	5	3	91	T
XX
DE	Nfe2l3|Q9WTM4|MatBase
0	11	26	57	6	S
1	30	49	17	4	N
2	18	6	12	64	T
3	11	7	65	17	G
4	54	15	24	7	N
5	16	31	46	7	N
6	7	0	8	85	T
7	3	86	4	7	C
8	85	0	8	7	A
9	2	9	60	29	G
10	5	81	11	3	C
11	68	13	8	11	A
XX
DE	Nrl|D4ACF4|MatBase
0	11	26	57	6	S
1	30	49	17	4	N
2	18	6	12	64	T
3	11	7	65	17	G
4	54	15	24	7	N
5	16	31	46	7	N
6	7	0	8	85	T
7	3	86	4	7	C
8	85	0	8	7	A
9	2	9	60	29	G
10	5	81	11	3	C
11	68	13	8	11	A
XX
DE	Os02g0175100|Q0E3H1|MatBase
0	5	66	6	23	C
1	82	2	16	0	A
2	16	56	0	28	Y
3	9	6	85	0	G
4	3	0	0	97	T
5	12	73	15	0	C
6	76	6	17	1	A
XX
DE	RBPJL|Q9UBG7|MatBase
0	22	4	14	60	T
1	2	4	6	88	T
2	1	19	1	79	T
3	0	95	0	5	C
4	2	96	0	2	C
5	0	90	5	5	C
6	89	0	11	0	A
7	16	57	3	24	Y
XX
DE	RFX5|P48382|MatBase
0	5	2	57	36	K
1	11	19	6	64	T
2	15	8	20	57	N
3	14	52	30	4	S
4	3	78	5	14	C
5	27	20	10	43	N
6	45	12	9	34	N
7	22	10	64	4	G
8	2	1	95	2	G
9	5	50	15	30	Y
10	63	8	15	14	A
11	79	15	4	2	A
12	0	85	10	5	C
XX
DE	SIM1|P81133|MatBase
0	0	100	0	0	C
1	100	0	0	0	A
2	0	100	0	0	C
3	1	0	99	0	G
4	7	89	2	2	C
5	38	18	30	14	N
6	62	20	7	11	A
7	13	36	22	29	N
8	17	45	12	26	N
9	11	54	13	22	N
10	15	43	15	27	N
11	2	47	38	13	S
XX
DE	SIM2|Q14190|MatBase
0	0	100	0	0	C
1	100	0	0	0	A
2	0	100	0	0	C
3	1	0	99	0	G
4	7	89	2	2	C
5	38	18	30	14	N
6	62	20	7	11	A
7	13	36	22	29	N
8	17	45	12	26	N
9	11	54	13	22	N
10	15	43	15	27	N
11	2	47	38	13	S
XX
DE	T00028|P19880|TransFac
0	36	54	2	8	M
1	5	0	0	95	T
2	2	1	20	77	T
3	98	0	1	1	A
4	0	95	2	3	C
5	5	2	45	48	K
6	44	0	7	49	W
7	97	1	1	1	A
8	50	2	12	36	W
9	7	3	49	41	K
XX
DE	T00052|P17544|TransFac
0	21	16	3	60	T
1	14	9	46	31	N
2	78	2	11	9	A
3	1	96	1	2	C
4	6	0	93	1	G
5	0	1	0	99	T
6	0	100	0	0	C
7	99	1	0	0	A
XX
DE	T00104|P53566|TransFac
0	5	1	0	94	T
1	5	3	2	90	T
2	30	6	50	14	R
3	7	72	15	6	C
4	29	37	19	15	N
5	41	22	8	29	N
6	58	29	4	9	M
7	73	8	9	10	A
XX
DE	T00106|Q02637|TransFac
0	6	0	18	76	T
1	0	13	37	50	K
2	9	12	16	63	T
3	7	0	77	16	G
4	0	64	17	19	C
5	70	19	11	0	A
6	81	11	5	3	A
7	18	11	5	66	T
XX
DE	T00125|P11939|TransFac
0	0	0	0	100	T
1	1	0	96	3	G
2	100	0	0	0	A
3	4	76	13	7	C
4	15	10	12	63	T
5	18	56	6	20	N
6	67	19	6	8	A
XX
DE	T00163|P16220|TransFac
0	71	3	21	5	A
1	2	93	2	3	C
2	3	1	96	0	G
3	0	0	0	100	T
4	2	97	1	0	C
5	99	1	0	0	A
XX
DE	T00167|P15336|TransFac
0	1	0	2	97	T
1	10	1	72	17	G
2	99	0	1	0	A
3	1	92	1	6	C
4	2	1	96	1	G
5	2	9	1	88	T
6	43	49	3	5	M
7	80	2	10	8	A
XX
DE	T00345|P14003|TransFac
0	7	15	74	4	G
1	7	20	44	29	N
2	10	80	8	2	C
3	38	5	55	2	R
4	3	90	2	5	C
5	3	2	93	2	G
6	6	15	8	71	T
7	4	2	92	2	G
8	15	53	18	14	N
9	10	71	11	8	C
XX
DE	T00459|P21272|TransFac
0	9	6	4	81	T
1	6	6	28	60	T
2	31	4	39	26	N
3	21	17	23	39	N
4	0	4	94	2	G
5	22	55	3	20	N
6	93	6	0	1	A
7	99	1	0	0	A
XX
DE	T00775|P25302|TransFac
0	0	0	33	67	T
1	0	0	0	100	T
2	1	1	1	97	T
3	0	0	0	100	T
4	0	100	0	0	C
5	0	0	100	0	G
6	0	43	0	57	Y
7	0	0	100	0	G
XX
DE	T00830|P14233|TransFac
0	19	13	68	0	G
1	19	25	0	56	Y
2	0	45	50	5	S
3	100	0	0	0	A
4	0	100	0	0	C
5	0	0	100	0	G
6	0	0	0	100	T
7	5	45	50	0	S
8	44	0	31	25	N
9	0	68	13	19	C
XX
DE	T00923|P03206|TransFac
0	27	18	0	55	W
1	27	37	18	18	N
2	64	27	9	0	A
3	9	55	18	18	N
4	18	27	18	37	N
5	28	27	27	18	N
6	0	0	0	100	T
7	0	0	64	36	G
8	55	0	45	0	R
9	0	100	0	0	C
10	45	0	0	55	W
11	0	100	0	0	C
12	100	0	0	0	A
XX
DE	T00937|P23922|TransFac
0	14	18	61	7	G
1	14	23	4	59	Y
2	0	33	64	3	G
3	93	0	7	0	A
4	0	100	0	0	C
5	0	0	100	0	G
6	0	7	0	93	T
7	15	13	72	0	G
8	25	0	50	25	N
9	8	73	19	0	C
XX
DE	T00938|P23923|TransFac
0	25	13	13	49	N
1	0	0	38	62	T
2	13	62	0	25	C
3	13	13	36	38	N
4	0	25	75	0	G
5	25	37	0	38	N
6	0	62	0	38	C
7	87	0	13	0	A
8	0	100	0	0	C
9	0	0	100	0	G
10	0	13	0	87	T
11	0	100	0	0	C
12	100	0	0	0	A
13	0	50	25	25	N
XX
DE	T00949|P24700|TransFac
0	26	13	56	5	R
1	30	18	28	24	N
2	1	96	2	1	C
3	99	1	0	0	A
4	2	21	65	12	G
5	12	16	68	4	G
6	2	1	3	94	T
7	1	0	99	0	G
XX
DE	T01017|P16951-2|TransFac
0	1	0	2	97	T
1	10	1	72	17	G
2	99	0	1	0	A
3	1	92	1	6	C
4	2	1	96	1	G
5	2	9	1	88	T
6	43	49	3	5	M
7	80	2	10	8	A
XX
DE	T01078|P42774|TransFac
0	2	7	37	54	K
1	5	9	78	8	G
2	25	73	0	2	C
3	0	94	4	2	C
4	100	0	0	0	A
5	0	100	0	0	C
6	0	0	100	0	G
7	0	0	0	100	T
8	15	48	37	0	S
9	54	3	25	18	N
10	21	36	9	34	N
11	33	63	2	2	C
XX
DE	T01079|P42775|TransFac
0	2	7	51	40	K
1	5	9	68	18	G
2	14	83	0	3	C
3	0	95	3	2	C
4	100	0	0	0	A
5	0	100	0	0	C
6	0	0	100	0	G
7	0	0	0	100	T
8	6	74	20	0	C
9	73	3	15	9	A
10	7	39	22	32	N
11	17	79	2	2	C
XX
DE	T01239|P24813|TransFac
0	92	4	4	0	A
1	4	0	0	96	T
2	0	0	0	100	T
3	87	5	0	8	A
4	26	9	65	0	G
5	0	0	0	100	T
6	90	10	0	0	A
7	100	0	0	0	A
8	0	0	64	36	G
9	0	96	0	4	C
XX
DE	T01288|P36093|TransFac
0	7	56	29	8	S
1	47	34	13	6	M
2	0	7	0	93	T
3	1	1	98	0	G
4	1	97	0	2	C
5	93	1	5	1	A
6	5	13	28	54	K
XX
DE	T01313|P18847|TransFac
0	74	2	18	6	A
1	6	87	1	6	C
2	11	2	86	1	G
3	0	1	2	97	T
4	2	98	0	0	C
5	99	1	0	0	A
XX
DE	T01317|Q63884|TransFac
0	0	0	2	98	T
1	0	1	99	0	G
2	99	0	1	0	A
3	1	83	5	11	C
4	2	2	95	1	G
5	9	20	5	66	T
XX
DE	T01388|Q91346|TransFac
0	2	2	6	90	T
1	2	0	4	94	T
2	17	3	72	8	G
3	6	70	17	7	C
4	45	15	17	23	N
XX
DE	T01442|Q14494|TransFac
0	7	11	9	73	T
1	9	9	78	4	G
2	11	72	4	13	C
3	15	4	11	70	T
4	10	8	72	10	G
5	67	11	4	18	A
6	4	7	83	6	G
7	1	1	7	91	T
8	0	93	6	1	C
9	100	0	0	0	A
XX
DE	T01536|Q08856|TransFac
0	0	100	0	0	C
1	91	1	0	8	A
2	2	66	25	7	C
3	5	85	9	1	C
4	12	0	0	88	T
5	0	2	98	0	G
XX
DE	T01539|Q92020|TransFac
0	0	100	0	0	C
1	94	5	0	1	A
2	5	68	18	9	C
3	11	75	10	4	C
4	0	0	0	100	T
5	0	1	98	1	G
6	16	33	18	33	N
7	6	53	11	30	Y
8	11	30	29	30	N
9	7	58	15	20	N
XX
DE	T01600|Q62613|TransFac
0	0	0	2	98	T
1	0	1	99	0	G
2	99	0	1	0	A
3	1	83	5	11	C
4	2	2	95	1	G
5	9	20	5	66	T
XX
DE	T01620|P50553|TransFac
0	0	99	1	0	C
1	100	0	0	0	A
2	3	7	80	10	G
3	42	19	37	2	N
4	1	0	1	98	T
5	0	0	100	0	G
6	17	14	59	10	N
7	0	52	27	21	N
XX
DE	T01649|P35428|TransFac
0	0	100	0	0	C
1	100	0	0	0	A
2	2	92	2	4	C
3	10	6	81	3	G
4	27	25	0	48	N
5	2	0	94	4	G
XX
DE	T01803|Q03060|TransFac
0	0	0	2	98	T
1	0	1	99	0	G
2	99	0	1	0	A
3	1	83	5	11	C
4	2	2	95	1	G
5	9	20	5	66	T
XX
DE	T01976|P12981|TransFac
0	0	0	0	100	T
1	1	0	96	3	G
2	100	0	0	0	A
3	4	76	13	7	C
4	15	10	12	63	T
5	18	56	6	20	N
6	67	19	6	8	A
XX
DE	T02039|P41546|TransFac
0	21	3	60	16	G
1	84	16	0	0	A
2	0	82	9	9	C
3	83	0	17	0	A
4	0	100	0	0	C
5	0	0	100	0	G
6	0	42	9	49	Y
7	0	17	17	66	T
8	0	0	83	17	G
9	0	17	50	33	K
10	0	83	0	17	C
11	50	50	0	0	M
XX
DE	T02052|Q61328|TransFac
0	5	53	37	5	S
1	32	33	28	7	N
2	1	0	1	98	T
3	0	0	96	4	G
4	92	3	5	0	A
5	4	83	1	12	C
6	3	2	87	8	G
7	2	32	2	64	T
8	47	42	7	4	M
9	61	4	26	9	A
XX
DE	T02196|P27921|TransFac
0	7	4	15	74	T
1	18	5	62	15	G
2	65	11	9	15	A
3	10	14	72	4	G
4	0	0	0	100	T
5	6	93	0	1	C
6	100	0	0	0	A
XX
DE	T02205|P53450|TransFac
0	0	0	0	100	T
1	1	0	96	3	G
2	100	0	0	0	A
3	4	76	13	7	C
4	15	10	12	63	T
5	18	56	6	20	N
6	67	19	6	8	A
XX
DE	T02248|P36011|TransFac
0	30	30	30	10	N
1	60	0	10	30	A
2	40	10	0	50	W
3	0	100	0	0	C
4	0	0	100	0	G
5	0	100	0	0	C
