DE	ALX4|O93582|MatBase
0	7	38	3	52	Y
1	1	7	0	92	T
2	96	1	1	2	A
3	98	0	1	1	A
4	1	1	0	98	T
5	0	1	6	93	T
6	81	6	10	3	A
7	55	7	33	5	R
XX
DE	ARR11|C5XFH1|MatBase
0	100	0	0	0	A
1	0	0	100	0	G
2	100	0	0	0	A
3	0	0	0	100	T
4	27	40	0	33	N
5	0	60	0	40	C
6	0	0	60	40	G
7	14	43	29	14	N
XX
DE	ARR11|Q0DAK5|MatBase
0	100	0	0	0	A
1	0	0	100	0	G
2	100	0	0	0	A
3	0	0	0	100	T
4	27	40	0	33	N
5	0	60	0	40	C
6	0	0	60	40	G
7	14	43	29	14	N
XX
DE	ARR11|Q9FXD6|MatBase
0	100	0	0	0	A
1	0	0	100	0	G
2	100	0	0	0	A
3	0	0	0	100	T
4	27	40	0	33	N
5	0	60	0	40	C
6	0	0	60	40	G
7	14	43	29	14	N
XX
DE	ARR1|C5Z5H6|MatBase
0	100	0	0	0	A
1	0	0	100	0	G
2	100	0	0	0	A
3	0	0	0	100	T
4	27	40	0	33	N
5	0	60	0	40	C
6	0	0	60	40	G
7	14	43	29	14	N
XX
DE	ARR1|Q6K8X6|MatBase
0	100	0	0	0	A
1	0	0	100	0	G
2	100	0	0	0	A
3	0	0	0	100	T
4	27	40	0	33	N
5	0	60	0	40	C
6	0	0	60	40	G
7	14	43	29	14	N
XX
DE	ARR1|Q940D0|MatBase
0	100	0	0	0	A
1	0	0	100	0	G
2	100	0	0	0	A
3	0	0	0	100	T
4	27	40	0	33	N
5	0	60	0	40	C
6	0	0	60	40	G
7	14	43	29	14	N
XX
DE	ARR20|Q9LZJ8|MatBase
0	100	0	0	0	A
1	0	0	100	0	G
2	100	0	0	0	A
3	0	0	0	100	T
4	27	40	0	33	N
5	0	60	0	40	C
6	0	0	60	40	G
7	14	43	29	14	N
XX
DE	ARR21|Q9LYP5|MatBase
0	100	0	0	0	A
1	0	0	100	0	G
2	100	0	0	0	A
3	0	0	0	100	T
4	27	40	0	33	N
5	0	60	0	40	C
6	0	0	60	40	G
7	14	43	29	14	N
XX
DE	AS1|O80931|MatBase
0	7	52	1	40	Y
1	100	0	0	0	A
2	100	0	0	0	A
3	4	96	0	0	C
4	26	16	16	42	N
5	22	19	58	1	N
6	28	31	7	34	N
7	9	73	13	5	C
XX
DE	AS1|Q94IB1|MatBase
0	7	52	1	40	Y
1	100	0	0	0	A
2	100	0	0	0	A
3	4	96	0	0	C
4	26	16	16	42	N
5	22	19	58	1	N
6	28	31	7	34	N
7	9	73	13	5	C
XX
DE	AT-HSFA3|Q8GYY1|MatBase
0	50	0	50	0	R
1	37	21	17	25	N
2	0	0	0	100	T
3	0	0	0	100	T
4	0	100	0	0	C
5	25	21	0	54	N
6	41	0	38	21	N
7	0	0	83	17	G
8	91	0	0	9	A
9	70	20	0	10	A
10	25	0	55	20	R
11	0	43	13	44	Y
12	10	0	0	90	T
13	0	0	0	100	T
14	0	100	0	0	C
15	23	0	23	54	N
16	33	0	33	34	N
XX
DE	AT-HSFA4A|O49403|MatBase
0	50	0	50	0	R
1	37	21	17	25	N
2	0	0	0	100	T
3	0	0	0	100	T
4	0	100	0	0	C
5	25	21	0	54	N
6	41	0	38	21	N
7	0	0	83	17	G
8	91	0	0	9	A
9	70	20	0	10	A
10	25	0	55	20	R
11	0	43	13	44	Y
12	10	0	0	90	T
13	0	0	0	100	T
14	0	100	0	0	C
15	23	0	23	54	N
16	33	0	33	34	N
XX
DE	AT-HSFA5|Q94BZ5|MatBase
0	50	0	50	0	R
1	37	21	17	25	N
2	0	0	0	100	T
3	0	0	0	100	T
4	0	100	0	0	C
5	25	21	0	54	N
6	41	0	38	21	N
7	0	0	83	17	G
8	91	0	0	9	A
9	70	20	0	10	A
10	25	0	55	20	R
11	0	43	13	44	Y
12	10	0	0	90	T
13	0	0	0	100	T
14	0	100	0	0	C
15	23	0	23	54	N
16	33	0	33	34	N
XX
DE	AT-HSFA6A|Q1PDN3|MatBase
0	50	0	50	0	R
1	37	21	17	25	N
2	0	0	0	100	T
3	0	0	0	100	T
4	0	100	0	0	C
5	25	21	0	54	N
6	41	0	38	21	N
7	0	0	83	17	G
8	91	0	0	9	A
9	70	20	0	10	A
10	25	0	55	20	R
11	0	43	13	44	Y
12	10	0	0	90	T
13	0	0	0	100	T
14	0	100	0	0	C
15	23	0	23	54	N
16	33	0	33	34	N
XX
DE	AT-HSFA6B|Q9LUH8|MatBase
0	50	0	50	0	R
1	37	21	17	25	N
2	0	0	0	100	T
3	0	0	0	100	T
4	0	100	0	0	C
5	25	21	0	54	N
6	41	0	38	21	N
7	0	0	83	17	G
8	91	0	0	9	A
9	70	20	0	10	A
10	25	0	55	20	R
11	0	43	13	44	Y
12	10	0	0	90	T
13	0	0	0	100	T
14	0	100	0	0	C
15	23	0	23	54	N
16	33	0	33	34	N
XX
DE	AT-HSFA7B|Q9M1V5|MatBase
0	50	0	50	0	R
1	37	21	17	25	N
2	0	0	0	100	T
3	0	0	0	100	T
4	0	100	0	0	C
5	25	21	0	54	N
6	41	0	38	21	N
7	0	0	83	17	G
8	91	0	0	9	A
9	70	20	0	10	A
10	25	0	55	20	R
11	0	43	13	44	Y
12	10	0	0	90	T
13	0	0	0	100	T
14	0	100	0	0	C
15	23	0	23	54	N
16	33	0	33	34	N
XX
DE	AT-HSFA8|Q9S7U5|MatBase
0	50	0	50	0	R
1	37	21	17	25	N
2	0	0	0	100	T
3	0	0	0	100	T
4	0	100	0	0	C
5	25	21	0	54	N
6	41	0	38	21	N
7	0	0	83	17	G
8	91	0	0	9	A
9	70	20	0	10	A
10	25	0	55	20	R
11	0	43	13	44	Y
12	10	0	0	90	T
13	0	0	0	100	T
14	0	100	0	0	C
15	23	0	23	54	N
16	33	0	33	34	N
XX
DE	AT-HSFA9|Q9LVW2|MatBase
0	50	0	50	0	R
1	37	21	17	25	N
2	0	0	0	100	T
3	0	0	0	100	T
4	0	100	0	0	C
5	25	21	0	54	N
6	41	0	38	21	N
7	0	0	83	17	G
8	91	0	0	9	A
9	70	20	0	10	A
10	25	0	55	20	R
11	0	43	13	44	Y
12	10	0	0	90	T
13	0	0	0	100	T
14	0	100	0	0	C
15	23	0	23	54	N
16	33	0	33	34	N
XX
DE	AT-HSFB2A|Q9SCW4|MatBase
0	50	0	50	0	R
1	37	21	17	25	N
2	0	0	0	100	T
3	0	0	0	100	T
4	0	100	0	0	C
5	25	21	0	54	N
6	41	0	38	21	N
7	0	0	83	17	G
8	91	0	0	9	A
9	70	20	0	10	A
10	25	0	55	20	R
11	0	43	13	44	Y
12	10	0	0	90	T
13	0	0	0	100	T
14	0	100	0	0	C
15	23	0	23	54	N
16	33	0	33	34	N
XX
DE	AT-HSFB2B|Q9T0D3|MatBase
0	50	0	50	0	R
1	37	21	17	25	N
2	0	0	0	100	T
3	0	0	0	100	T
4	0	100	0	0	C
5	25	21	0	54	N
6	41	0	38	21	N
7	0	0	83	17	G
8	91	0	0	9	A
9	70	20	0	10	A
10	25	0	55	20	R
11	0	43	13	44	Y
12	10	0	0	90	T
13	0	0	0	100	T
14	0	100	0	0	C
15	23	0	23	54	N
16	33	0	33	34	N
XX
DE	AT-HSFB3|O22230|MatBase
0	50	0	50	0	R
1	37	21	17	25	N
2	0	0	0	100	T
3	0	0	0	100	T
4	0	100	0	0	C
5	25	21	0	54	N
6	41	0	38	21	N
7	0	0	83	17	G
8	91	0	0	9	A
9	70	20	0	10	A
10	25	0	55	20	R
11	0	43	13	44	Y
12	10	0	0	90	T
13	0	0	0	100	T
14	0	100	0	0	C
15	23	0	23	54	N
16	33	0	33	34	N
XX
DE	AT-HSFC1|Q9LV52|MatBase
0	50	0	50	0	R
1	37	21	17	25	N
2	0	0	0	100	T
3	0	0	0	100	T
4	0	100	0	0	C
5	25	21	0	54	N
6	41	0	38	21	N
7	0	0	83	17	G
8	91	0	0	9	A
9	70	20	0	10	A
10	25	0	55	20	R
11	0	43	13	44	Y
12	10	0	0	90	T
13	0	0	0	100	T
14	0	100	0	0	C
15	23	0	23	54	N
16	33	0	33	34	N
XX
DE	ATCDC5|B9I5N3|MatBase
0	28	24	33	15	N
1	17	26	55	2	S
2	0	92	4	4	C
3	2	2	0	96	T
4	6	86	0	8	C
5	92	2	2	4	A
6	2	0	94	4	G
7	2	93	5	0	C
8	4	4	92	0	G
9	2	55	27	16	S
10	18	23	45	14	N
XX
DE	ATCDC5|C5YNT7|MatBase
0	28	24	33	15	N
1	17	26	55	2	S
2	0	92	4	4	C
3	2	2	0	96	T
4	6	86	0	8	C
5	92	2	2	4	A
6	2	0	94	4	G
7	2	93	5	0	C
8	4	4	92	0	G
9	2	55	27	16	S
10	18	23	45	14	N
XX
DE	ATHB-15|Q9ZU11|MatBase
0	98	1	1	0	A
1	87	3	1	9	A
2	0	1	0	99	T
3	54	0	43	3	R
4	98	0	0	2	A
5	3	3	0	94	T
6	8	1	8	83	T
XX
DE	ATHB-2|B9HW68|MatBase
0	98	1	1	0	A
1	87	3	1	9	A
2	0	1	0	99	T
3	54	0	43	3	R
4	98	0	0	2	A
5	3	3	0	94	T
6	8	1	8	83	T
XX
DE	ATHB-2|C5YDG3|MatBase
0	98	1	1	0	A
1	87	3	1	9	A
2	0	1	0	99	T
3	54	0	43	3	R
4	98	0	0	2	A
5	3	3	0	94	T
6	8	1	8	83	T
XX
DE	ATHB-2|Q05466|MatBase
0	98	1	1	0	A
1	87	3	1	9	A
2	0	1	0	99	T
3	54	0	43	3	R
4	98	0	0	2	A
5	3	3	0	94	T
6	8	1	8	83	T
XX
DE	ATHB-2|Q0JKX1|MatBase
0	98	1	1	0	A
1	87	3	1	9	A
2	0	1	0	99	T
3	54	0	43	3	R
4	98	0	0	2	A
5	3	3	0	94	T
6	8	1	8	83	T
XX
DE	ATHB-8|Q39123|MatBase
0	98	1	1	0	A
1	87	3	1	9	A
2	0	1	0	99	T
3	54	0	43	3	R
4	98	0	0	2	A
5	3	3	0	94	T
6	8	1	8	83	T
XX
DE	ATHSFA1D|Q9LQM7|MatBase
0	50	0	50	0	R
1	37	21	17	25	N
2	0	0	0	100	T
3	0	0	0	100	T
4	0	100	0	0	C
5	25	21	0	54	N
6	41	0	38	21	N
7	0	0	83	17	G
8	91	0	0	9	A
9	70	20	0	10	A
10	25	0	55	20	R
11	0	43	13	44	Y
12	10	0	0	90	T
13	0	0	0	100	T
14	0	100	0	0	C
15	23	0	23	54	N
16	33	0	33	34	N
XX
DE	ATHSFA1E|Q9SCW5|MatBase
0	50	0	50	0	R
1	37	21	17	25	N
2	0	0	0	100	T
3	0	0	0	100	T
4	0	100	0	0	C
5	25	21	0	54	N
6	41	0	38	21	N
7	0	0	83	17	G
8	91	0	0	9	A
9	70	20	0	10	A
10	25	0	55	20	R
11	0	43	13	44	Y
12	10	0	0	90	T
13	0	0	0	100	T
14	0	100	0	0	C
15	23	0	23	54	N
16	33	0	33	34	N
XX
DE	ATHSFA2|O80982|MatBase
0	50	0	50	0	R
1	37	21	17	25	N
2	0	0	0	100	T
3	0	0	0	100	T
4	0	100	0	0	C
5	25	21	0	54	N
6	41	0	38	21	N
7	0	0	83	17	G
8	91	0	0	9	A
9	70	20	0	10	A
10	25	0	55	20	R
11	0	43	13	44	Y
12	10	0	0	90	T
13	0	0	0	100	T
14	0	100	0	0	C
15	23	0	23	54	N
16	33	0	33	34	N
XX
DE	ATMYB66|Q9SEI0|MatBase
0	7	29	1	63	T
1	100	0	0	0	A
2	100	0	0	0	A
3	0	100	0	0	C
4	27	29	10	34	N
5	9	10	80	1	G
6	22	28	4	46	N
7	10	57	9	24	Y
XX
DE	Arx|A6YP92|MatBase
0	7	38	3	52	Y
1	1	7	0	92	T
2	96	1	1	2	A
3	98	0	1	1	A
4	1	1	0	98	T
5	0	1	6	93	T
6	81	6	10	3	A
7	55	7	33	5	R
XX
DE	BARX2|A6QLV7|MatBase
0	63	14	18	5	A
1	18	44	23	15	N
2	1	59	3	37	Y
3	85	10	3	2	A
4	96	1	0	3	A
5	0	0	0	100	T
6	0	1	2	97	T
7	84	0	15	1	A
XX
DE	BEL1|Q38897|MatBase
0	6	63	25	6	C
1	75	0	20	5	A
2	0	95	5	0	C
3	9	77	11	3	C
4	6	11	7	76	T
5	0	0	100	0	G
6	0	0	0	100	T
7	0	100	0	0	C
8	89	0	3	8	A
XX
DE	BLH3|Q9FWS9|MatBase
0	6	63	25	6	C
1	75	0	20	5	A
2	0	95	5	0	C
3	9	77	11	3	C
4	6	11	7	76	T
5	0	0	100	0	G
6	0	0	0	100	T
7	0	100	0	0	C
8	89	0	3	8	A
XX
DE	BLH5|B9H4F9|MatBase
0	6	63	25	6	C
1	75	0	20	5	A
2	0	95	5	0	C
3	9	77	11	3	C
4	6	11	7	76	T
5	0	0	100	0	G
6	0	0	0	100	T
7	0	100	0	0	C
8	89	0	3	8	A
XX
DE	BLH5|Q2QLM6|MatBase
0	6	63	25	6	C
1	75	0	20	5	A
2	0	95	5	0	C
3	9	77	11	3	C
4	6	11	7	76	T
5	0	0	100	0	G
6	0	0	0	100	T
7	0	100	0	0	C
8	89	0	3	8	A
XX
DE	BLH5|Q8S897|MatBase
0	6	63	25	6	C
1	75	0	20	5	A
2	0	95	5	0	C
3	9	77	11	3	C
4	6	11	7	76	T
5	0	0	100	0	G
6	0	0	0	100	T
7	0	100	0	0	C
8	89	0	3	8	A
XX
DE	BLH6|B9HT49|MatBase
0	6	63	25	6	C
1	75	0	20	5	A
2	0	95	5	0	C
3	9	77	11	3	C
4	6	11	7	76	T
5	0	0	100	0	G
6	0	0	0	100	T
7	0	100	0	0	C
8	89	0	3	8	A
XX
DE	BLH6|O65685|MatBase
0	6	63	25	6	C
1	75	0	20	5	A
2	0	95	5	0	C
3	9	77	11	3	C
4	6	11	7	76	T
5	0	0	100	0	G
6	0	0	0	100	T
7	0	100	0	0	C
8	89	0	3	8	A
XX
DE	BLH7|B9H0U8|MatBase
0	6	63	25	6	C
1	75	0	20	5	A
2	0	95	5	0	C
3	9	77	11	3	C
4	6	11	7	76	T
5	0	0	100	0	G
6	0	0	0	100	T
7	0	100	0	0	C
8	89	0	3	8	A
XX
DE	BLH7|Q8LN25|MatBase
0	6	63	25	6	C
1	75	0	20	5	A
2	0	95	5	0	C
3	9	77	11	3	C
4	6	11	7	76	T
5	0	0	100	0	G
6	0	0	0	100	T
7	0	100	0	0	C
8	89	0	3	8	A
XX
DE	BLH7|Q9SIW1|MatBase
0	6	63	25	6	C
1	75	0	20	5	A
2	0	95	5	0	C
3	9	77	11	3	C
4	6	11	7	76	T
5	0	0	100	0	G
6	0	0	0	100	T
7	0	100	0	0	C
8	89	0	3	8	A
XX
DE	BSX|Q3C1V8|MatBase
0	63	14	18	5	A
1	18	44	23	15	N
2	1	59	3	37	Y
3	85	10	3	2	A
4	96	1	0	3	A
5	0	0	0	100	T
6	0	1	2	97	T
7	84	0	15	1	A
XX
DE	BSX|Q6RFL5|MatBase
0	63	14	18	5	A
1	18	44	23	15	N
2	1	59	3	37	Y
3	85	10	3	2	A
4	96	1	0	3	A
5	0	0	0	100	T
6	0	1	2	97	T
7	84	0	15	1	A
XX
DE	Barx1|D3ZA67|MatBase
0	63	14	18	5	A
1	18	44	23	15	N
2	1	59	3	37	Y
3	85	10	3	2	A
4	96	1	0	3	A
5	0	0	0	100	T
6	0	1	2	97	T
7	84	0	15	1	A
XX
DE	CDX1|Q9DEB6|MatBase
0	25	3	55	17	R
1	23	9	64	4	G
2	4	34	0	62	T
3	47	47	0	6	M
4	78	3	19	0	A
5	1	0	0	99	T
6	91	0	0	9	A
7	97	0	0	3	A
8	96	1	0	3	A
9	69	13	3	15	A
XX
DE	CDX2|P79788|MatBase
0	25	3	55	17	R
1	23	9	64	4	G
2	4	34	0	62	T
3	47	47	0	6	M
4	78	3	19	0	A
5	1	0	0	99	T
6	91	0	0	9	A
7	97	0	0	3	A
8	96	1	0	3	A
9	69	13	3	15	A
XX
DE	CDX4|Q90Z54|MatBase
0	25	3	55	17	R
1	23	9	64	4	G
2	4	34	0	62	T
3	47	47	0	6	M
4	78	3	19	0	A
5	1	0	0	99	T
6	91	0	0	9	A
7	97	0	0	3	A
8	96	1	0	3	A
9	69	13	3	15	A
XX
DE	CH211-223C6.1|A8WIP9|MatBase
0	53	0	5	42	W
1	21	42	11	26	N
2	11	5	0	84	T
3	100	0	0	0	A
4	100	0	0	0	A
5	0	0	0	100	T
6	100	0	0	0	A
7	37	5	21	37	N
8	47	5	11	37	W
9	21	21	16	42	N
10	26	26	5	43	N
11	53	5	5	37	W
12	48	5	26	21	N
13	32	5	26	37	N
XX
DE	CUX2|A7E2Y4|MatBase
0	100	0	0	0	A
1	1	0	1	98	T
2	3	60	11	26	C
3	16	9	69	6	G
4	72	8	16	4	A
5	27	12	0	61	T
6	12	24	12	52	N
7	41	47	6	6	M
XX
DE	Cdx4|D3ZF67|MatBase
0	25	3	55	17	R
1	23	9	64	4	G
2	4	34	0	62	T
3	47	47	0	6	M
4	78	3	19	0	A
5	1	0	0	99	T
6	91	0	0	9	A
7	97	0	0	3	A
8	96	1	0	3	A
9	69	13	3	15	A
XX
DE	Crx|Q9JLT8|MatBase
0	11	2	80	7	G
1	2	2	94	2	G
2	98	2	0	0	A
3	0	0	0	100	T
4	1	0	0	99	T
5	98	0	0	2	A
XX
DE	Cux2|D4A639|MatBase
0	100	0	0	0	A
1	1	0	1	98	T
2	3	60	11	26	C
3	16	9	69	6	G
4	72	8	16	4	A
5	27	12	0	61	T
6	12	24	12	52	N
7	41	47	6	6	M
XX
DE	DKEYP-35F11.3|B0S5S7|MatBase
0	6	29	9	56	Y
1	4	22	0	74	T
2	76	20	1	3	A
3	92	6	1	1	A
4	1	2	0	97	T
5	0	0	2	98	T
6	88	1	6	5	A
7	53	5	33	9	R
XX
DE	DLX1|Q6DV98|MatBase
0	5	36	3	56	Y
1	96	2	2	0	A
2	99	0	0	1	A
3	1	0	0	99	T
4	0	3	0	97	T
5	90	0	10	0	A
XX
DE	DLX4|A5D7U2|MatBase
0	5	36	3	56	Y
1	96	2	2	0	A
2	99	0	0	1	A
3	1	0	0	99	T
4	0	3	0	97	T
5	90	0	10	0	A
XX
DE	DMBX1|Q8UVD8|MatBase
0	11	2	80	7	G
1	2	2	94	2	G
2	98	2	0	0	A
3	0	0	0	100	T
4	1	0	0	99	T
5	98	0	0	2	A
XX
DE	Dlx6|A5HKN2|MatBase
0	5	36	3	56	Y
1	96	2	2	0	A
2	99	0	0	1	A
3	1	0	0	99	T
4	0	3	0	97	T
5	90	0	10	0	A
XX
DE	Dmtf1|Q8CE22|MatBase
0	15	4	33	48	K
1	41	22	22	15	N
2	0	78	15	7	C
3	11	82	7	0	C
4	4	89	7	0	C
5	0	0	100	0	G
6	0	0	74	26	G
7	100	0	0	0	A
8	0	0	0	100	T
9	7	4	85	4	G
10	4	7	15	74	T
11	41	11	26	22	N
12	37	11	45	7	R
XX
DE	E2F2|Q14209|MatBase
0	5	2	6	87	T
1	5	3	3	89	T
2	0	10	7	83	T
3	0	76	24	0	C
4	0	33	67	0	G
5	4	94	2	0	C
6	0	0	100	0	G
7	0	93	7	0	C
8	2	69	18	11	C
XX
DE	E2F5|Q15329|MatBase
0	5	2	6	87	T
1	5	3	3	89	T
2	0	10	7	83	T
3	0	76	24	0	C
4	0	33	67	0	G
5	4	94	2	0	C
6	0	0	100	0	G
7	0	93	7	0	C
8	2	69	18	11	C
XX
DE	E2F6|Q08DY6|MatBase
0	5	2	6	87	T
1	5	3	3	89	T
2	0	10	7	83	T
3	0	76	24	0	C
4	0	33	67	0	G
5	4	94	2	0	C
6	0	0	100	0	G
7	0	93	7	0	C
8	2	69	18	11	C
XX
DE	E2F7|Q96AV8|MatBase
0	5	2	6	87	T
1	5	3	3	89	T
2	0	10	7	83	T
3	0	76	24	0	C
4	0	33	67	0	G
5	4	94	2	0	C
6	0	0	100	0	G
7	0	93	7	0	C
8	2	69	18	11	C
XX
DE	E2F8|A0AVK6|MatBase
0	5	2	6	87	T
1	5	3	3	89	T
2	0	10	7	83	T
3	0	76	24	0	C
4	0	33	67	0	G
5	4	94	2	0	C
6	0	0	100	0	G
7	0	93	7	0	C
8	2	69	18	11	C
XX
DE	ELF1|Q5ZMG4|MatBase
0	6	81	13	0	C
1	36	58	3	3	M
2	0	0	100	0	G
3	0	0	100	0	G
4	100	0	0	0	A
5	89	1	0	10	A
6	18	12	68	2	G
7	4	36	8	52	Y
XX
DE	ELF3|A5PJQ8|MatBase
0	6	81	13	0	C
1	36	58	3	3	M
2	0	0	100	0	G
3	0	0	100	0	G
4	100	0	0	0	A
5	89	1	0	10	A
6	18	12	68	2	G
7	4	36	8	52	Y
XX
DE	ELK4|A2VDQ8|MatBase
0	6	81	13	0	C
1	36	58	3	3	M
2	0	0	100	0	G
3	0	0	100	0	G
4	100	0	0	0	A
5	89	1	0	10	A
6	18	12	68	2	G
7	4	36	8	52	Y
XX
DE	ESX1|Q32LM3|MatBase
0	7	38	3	52	Y
1	1	7	0	92	T
2	96	1	1	2	A
3	98	0	1	1	A
4	1	1	0	98	T
5	0	1	6	93	T
6	81	6	10	3	A
7	55	7	33	5	R
XX
DE	ETS2|A1A4L6|MatBase
0	6	81	13	0	C
1	36	58	3	3	M
2	0	0	100	0	G
3	0	0	100	0	G
4	100	0	0	0	A
5	89	1	0	10	A
6	18	12	68	2	G
7	4	36	8	52	Y
XX
DE	ETV1|Q9YHW6|MatBase
0	6	81	13	0	C
1	36	58	3	3	M
2	0	0	100	0	G
3	0	0	100	0	G
4	100	0	0	0	A
5	89	1	0	10	A
6	18	12	68	2	G
7	4	36	8	52	Y
XX
DE	ETV2|B3KUL0|MatBase
0	6	81	13	0	C
1	36	58	3	3	M
2	0	0	100	0	G
3	0	0	100	0	G
4	100	0	0	0	A
5	89	1	0	10	A
6	18	12	68	2	G
7	4	36	8	52	Y
XX
DE	EVX2|Q03828|MatBase
0	6	44	7	43	Y
1	4	7	0	89	T
2	95	5	0	0	A
3	99	0	0	1	A
4	4	0	4	92	T
5	0	0	5	95	T
6	71	0	28	1	A
XX
DE	Ehf|B2RYD8|MatBase
0	6	81	13	0	C
1	36	58	3	3	M
2	0	0	100	0	G
3	0	0	100	0	G
4	100	0	0	0	A
5	89	1	0	10	A
6	18	12	68	2	G
7	4	36	8	52	Y
XX
DE	Eip74EF|P11536|MatBase
0	67	4	13	16	A
1	10	59	10	21	N
2	0	0	0	100	T
3	0	0	0	100	T
4	0	100	0	0	C
5	0	93	0	7	C
6	0	0	48	52	K
7	10	6	59	25	K
8	30	13	32	25	N
9	22	7	7	64	T
10	7	13	7	73	T
XX
DE	Elf3|Q4V7E1|MatBase
0	6	81	13	0	C
1	36	58	3	3	M
2	0	0	100	0	G
3	0	0	100	0	G
4	100	0	0	0	A
5	89	1	0	10	A
6	18	12	68	2	G
7	4	36	8	52	Y
XX
DE	Elk1|Q3V1M9|MatBase
0	6	81	13	0	C
1	36	58	3	3	M
2	0	0	100	0	G
3	0	0	100	0	G
4	100	0	0	0	A
5	89	1	0	10	A
6	18	12	68	2	G
7	4	36	8	52	Y
XX
DE	Elk3|Q8BWH1|MatBase
0	6	81	13	0	C
1	36	58	3	3	M
2	0	0	100	0	G
3	0	0	100	0	G
4	100	0	0	0	A
5	89	1	0	10	A
6	18	12	68	2	G
7	4	36	8	52	Y
XX
DE	Emx2|D3ZCK7|MatBase
0	6	44	7	43	Y
1	4	7	0	89	T
2	95	5	0	0	A
3	99	0	0	1	A
4	4	0	4	92	T
5	0	0	5	95	T
6	71	0	28	1	A
XX
DE	En1|Q3USF7|MatBase
0	6	44	7	43	Y
1	4	7	0	89	T
2	95	5	0	0	A
3	99	0	0	1	A
4	4	0	4	92	T
5	0	0	5	95	T
6	71	0	28	1	A
XX
DE	Erf|D3ZJW0|MatBase
0	6	81	13	0	C
1	36	58	3	3	M
2	0	0	100	0	G
3	0	0	100	0	G
4	100	0	0	0	A
5	89	1	0	10	A
6	18	12	68	2	G
7	4	36	8	52	Y
XX
DE	Etv1|B5DEZ2|MatBase
0	6	81	13	0	C
1	36	58	3	3	M
2	0	0	100	0	G
3	0	0	100	0	G
4	100	0	0	0	A
5	89	1	0	10	A
6	18	12	68	2	G
7	4	36	8	52	Y
XX
DE	FOXB2|Q5VYV0|MatBase
0	12	5	3	80	T
1	11	10	71	8	G
2	15	3	0	82	T
3	14	0	1	85	T
4	1	4	1	94	T
5	81	0	17	2	A
6	0	40	3	57	Y
7	15	15	15	55	N
8	8	7	9	76	T
9	55	3	15	27	W
XX
DE	FOXC2|Q99958|MatBase
0	12	5	3	80	T
1	11	10	71	8	G
2	15	3	0	82	T
3	14	0	1	85	T
4	1	4	1	94	T
5	81	0	17	2	A
6	0	40	3	57	Y
7	15	15	15	55	N
8	8	7	9	76	T
9	55	3	15	27	W
XX
DE	FOXD1|Q16676|MatBase
0	12	5	3	80	T
1	11	10	71	8	G
2	15	3	0	82	T
3	14	0	1	85	T
4	1	4	1	94	T
5	81	0	17	2	A
6	0	40	3	57	Y
7	15	15	15	55	N
8	8	7	9	76	T
9	55	3	15	27	W
XX
DE	FOXD2|O60548|MatBase
0	12	5	3	80	T
1	11	10	71	8	G
2	15	3	0	82	T
3	14	0	1	85	T
4	1	4	1	94	T
5	81	0	17	2	A
6	0	40	3	57	Y
7	15	15	15	55	N
8	8	7	9	76	T
9	55	3	15	27	W
XX
DE	FOXD4L1|Q9NU39|MatBase
0	12	5	3	80	T
1	11	10	71	8	G
2	15	3	0	82	T
3	14	0	1	85	T
4	1	4	1	94	T
5	81	0	17	2	A
6	0	40	3	57	Y
7	15	15	15	55	N
8	8	7	9	76	T
9	55	3	15	27	W
XX
DE	FOXD4|Q12950|MatBase
0	12	5	3	80	T
1	11	10	71	8	G
2	15	3	0	82	T
3	14	0	1	85	T
4	1	4	1	94	T
5	81	0	17	2	A
6	0	40	3	57	Y
7	15	15	15	55	N
8	8	7	9	76	T
9	55	3	15	27	W
XX
DE	FOXE1|O00358|MatBase
0	12	5	3	80	T
1	11	10	71	8	G
2	15	3	0	82	T
3	14	0	1	85	T
4	1	4	1	94	T
5	81	0	17	2	A
6	0	40	3	57	Y
7	15	15	15	55	N
8	8	7	9	76	T
9	55	3	15	27	W
XX
DE	FOXE3|Q13461|MatBase
0	12	5	3	80	T
1	11	10	71	8	G
2	15	3	0	82	T
3	14	0	1	85	T
4	1	4	1	94	T
5	81	0	17	2	A
6	0	40	3	57	Y
7	15	15	15	55	N
8	8	7	9	76	T
9	55	3	15	27	W
XX
DE	FOXG1|P55316|MatBase
0	12	5	3	80	T
1	11	10	71	8	G
2	15	3	0	82	T
3	14	0	1	85	T
4	1	4	1	94	T
5	81	0	17	2	A
6	0	40	3	57	Y
7	15	15	15	55	N
8	8	7	9	76	T
9	55	3	15	27	W
XX
DE	FOXK1|P85037|MatBase
0	12	5	3	80	T
1	11	10	71	8	G
2	15	3	0	82	T
3	14	0	1	85	T
4	1	4	1	94	T
5	81	0	17	2	A
6	0	40	3	57	Y
7	15	15	15	55	N
8	8	7	9	76	T
9	55	3	15	27	W
XX
DE	FOXK2|Q01167|MatBase
0	12	5	3	80	T
1	11	10	71	8	G
2	15	3	0	82	T
3	14	0	1	85	T
4	1	4	1	94	T
5	81	0	17	2	A
6	0	40	3	57	Y
7	15	15	15	55	N
8	8	7	9	76	T
9	55	3	15	27	W
XX
DE	FOXL1|Q12952|MatBase
0	12	5	3	80	T
1	11	10	71	8	G
2	15	3	0	82	T
3	14	0	1	85	T
4	1	4	1	94	T
5	81	0	17	2	A
6	0	40	3	57	Y
7	15	15	15	55	N
8	8	7	9	76	T
9	55	3	15	27	W
XX
DE	FOXL2|Q5J7N5|MatBase
0	12	5	3	80	T
1	11	10	71	8	G
2	15	3	0	82	T
3	14	0	1	85	T
4	1	4	1	94	T
5	81	0	17	2	A
6	0	40	3	57	Y
7	15	15	15	55	N
8	8	7	9	76	T
9	55	3	15	27	W
XX
DE	FOXL2|Q6VFT7|MatBase
0	12	5	3	80	T
1	11	10	71	8	G
2	15	3	0	82	T
3	14	0	1	85	T
4	1	4	1	94	T
5	81	0	17	2	A
6	0	40	3	57	Y
7	15	15	15	55	N
8	8	7	9	76	T
9	55	3	15	27	W
XX
DE	FOXN1|O15353|MatBase
0	40	16	32	12	N
1	12	32	28	28	N
2	9	19	66	6	G
3	100	0	0	0	A
4	0	100	0	0	C
5	0	0	100	0	G
6	0	100	0	0	C
7	8	19	18	55	N
8	36	13	13	38	N
9	15	17	23	45	N
XX
DE	FOXN2|P32314|MatBase
0	12	5	3	80	T
1	11	10	71	8	G
2	15	3	0	82	T
3	14	0	1	85	T
4	1	4	1	94	T
5	81	0	17	2	A
6	0	40	3	57	Y
7	15	15	15	55	N
8	8	7	9	76	T
9	55	3	15	27	W
XX
DE	FOXN3|O00409|MatBase
0	12	5	3	80	T
1	11	10	71	8	G
2	15	3	0	82	T
3	14	0	1	85	T
4	1	4	1	94	T
5	81	0	17	2	A
6	0	40	3	57	Y
7	15	15	15	55	N
8	8	7	9	76	T
9	55	3	15	27	W
XX
DE	FOXN4|A3EYS4|MatBase
0	40	16	32	12	N
1	12	32	28	28	N
2	9	19	66	6	G
3	100	0	0	0	A
4	0	100	0	0	C
5	0	0	100	0	G
6	0	100	0	0	C
7	8	19	18	55	N
8	36	13	13	38	N
9	15	17	23	45	N
XX
DE	FOXO1A|Q9W7F9|MatBase
0	12	5	3	80	T
1	11	10	71	8	G
2	15	3	0	82	T
3	14	0	1	85	T
4	1	4	1	94	T
5	81	0	17	2	A
6	0	40	3	57	Y
7	15	15	15	55	N
8	8	7	9	76	T
9	55	3	15	27	W
XX
DE	FOXP2|Q8MJA0|MatBase
0	12	5	3	80	T
1	11	10	71	8	G
2	15	3	0	82	T
3	14	0	1	85	T
4	1	4	1	94	T
5	81	0	17	2	A
6	0	40	3	57	Y
7	15	15	15	55	N
8	8	7	9	76	T
9	55	3	15	27	W
XX
DE	FOXP3|Q2LEZ0|MatBase
0	12	5	3	80	T
1	11	10	71	8	G
2	15	3	0	82	T
3	14	0	1	85	T
4	1	4	1	94	T
5	81	0	17	2	A
6	0	40	3	57	Y
7	15	15	15	55	N
8	8	7	9	76	T
9	55	3	15	27	W
XX
DE	FOXQ1|Q9C009|MatBase
0	12	5	3	80	T
1	11	10	71	8	G
2	15	3	0	82	T
3	14	0	1	85	T
4	1	4	1	94	T
5	81	0	17	2	A
6	0	40	3	57	Y
7	15	15	15	55	N
8	8	7	9	76	T
9	55	3	15	27	W
XX
DE	FOXS1|A5PJI1|MatBase
0	12	5	3	80	T
1	11	10	71	8	G
2	15	3	0	82	T
3	14	0	1	85	T
4	1	4	1	94	T
5	81	0	17	2	A
6	0	40	3	57	Y
7	15	15	15	55	N
8	8	7	9	76	T
9	55	3	15	27	W
XX
DE	FoxO3|Q6EUW1|MatBase
0	12	5	3	80	T
1	11	10	71	8	G
2	15	3	0	82	T
3	14	0	1	85	T
4	1	4	1	94	T
5	81	0	17	2	A
6	0	40	3	57	Y
7	15	15	15	55	N
8	8	7	9	76	T
9	55	3	15	27	W
XX
DE	Foxb1|Q64732|MatBase
0	12	5	3	80	T
1	11	10	71	8	G
2	15	3	0	82	T
3	14	0	1	85	T
4	1	4	1	94	T
5	81	0	17	2	A
6	0	40	3	57	Y
7	15	15	15	55	N
8	8	7	9	76	T
9	55	3	15	27	W
XX
DE	Foxd4|Q60688|MatBase
0	12	5	3	80	T
1	11	10	71	8	G
2	15	3	0	82	T
3	14	0	1	85	T
4	1	4	1	94	T
5	81	0	17	2	A
6	0	40	3	57	Y
7	15	15	15	55	N
8	8	7	9	76	T
9	55	3	15	27	W
XX
DE	Foxe3|Q9QY14|MatBase
0	12	5	3	80	T
1	11	10	71	8	G
2	15	3	0	82	T
3	14	0	1	85	T
4	1	4	1	94	T
5	81	0	17	2	A
6	0	40	3	57	Y
7	15	15	15	55	N
8	8	7	9	76	T
9	55	3	15	27	W
XX
DE	Foxf1a|Q61080|MatBase
0	12	5	3	80	T
1	11	10	71	8	G
2	15	3	0	82	T
3	14	0	1	85	T
4	1	4	1	94	T
5	81	0	17	2	A
6	0	40	3	57	Y
7	15	15	15	55	N
8	8	7	9	76	T
9	55	3	15	27	W
XX
DE	Foxi1|D4A7G2|MatBase
0	12	5	3	80	T
1	11	10	71	8	G
2	15	3	0	82	T
3	14	0	1	85	T
4	1	4	1	94	T
5	81	0	17	2	A
6	0	40	3	57	Y
7	15	15	15	55	N
8	8	7	9	76	T
9	55	3	15	27	W
XX
DE	Foxj2|D3Z992|MatBase
0	12	5	3	80	T
1	11	10	71	8	G
2	15	3	0	82	T
3	14	0	1	85	T
4	1	4	1	94	T
5	81	0	17	2	A
6	0	40	3	57	Y
7	15	15	15	55	N
8	8	7	9	76	T
9	55	3	15	27	W
XX
DE	Foxj3|Q8BUR3|MatBase
0	12	5	3	80	T
1	11	10	71	8	G
2	15	3	0	82	T
3	14	0	1	85	T
4	1	4	1	94	T
5	81	0	17	2	A
6	0	40	3	57	Y
7	15	15	15	55	N
8	8	7	9	76	T
9	55	3	15	27	W
XX
DE	Foxn3|Q499D0|MatBase
0	12	5	3	80	T
1	11	10	71	8	G
2	15	3	0	82	T
3	14	0	1	85	T
4	1	4	1	94	T
5	81	0	17	2	A
6	0	40	3	57	Y
7	15	15	15	55	N
8	8	7	9	76	T
9	55	3	15	27	W
XX
DE	Foxn4|Q8K3Q3|MatBase
0	40	16	32	12	N
1	12	32	28	28	N
2	9	19	66	6	G
3	100	0	0	0	A
4	0	100	0	0	C
5	0	0	100	0	G
6	0	100	0	0	C
7	8	19	18	55	N
8	36	13	13	38	N
9	15	17	23	45	N
XX
DE	Foxp4|Q9DBY0|MatBase
0	12	5	3	80	T
1	11	10	71	8	G
2	15	3	0	82	T
3	14	0	1	85	T
4	1	4	1	94	T
5	81	0	17	2	A
6	0	40	3	57	Y
7	15	15	15	55	N
8	8	7	9	76	T
9	55	3	15	27	W
XX
DE	Foxs1|Q61574|MatBase
0	12	5	3	80	T
1	11	10	71	8	G
2	15	3	0	82	T
3	14	0	1	85	T
4	1	4	1	94	T
5	81	0	17	2	A
6	0	40	3	57	Y
7	15	15	15	55	N
8	8	7	9	76	T
9	55	3	15	27	W
XX
DE	GABPA|Q5ZJ46|MatBase
0	6	81	13	0	C
1	36	58	3	3	M
2	0	0	100	0	G
3	0	0	100	0	G
4	100	0	0	0	A
5	89	1	0	10	A
6	18	12	68	2	G
7	4	36	8	52	Y
XX
DE	GBX1|P15142|MatBase
0	6	44	7	43	Y
1	4	7	0	89	T
2	95	5	0	0	A
3	99	0	0	1	A
4	4	0	4	92	T
5	0	0	5	95	T
6	71	0	28	1	A
XX
DE	GBX1|Q14549|MatBase
0	6	44	7	43	Y
1	4	7	0	89	T
2	95	5	0	0	A
3	99	0	0	1	A
4	4	0	4	92	T
5	0	0	5	95	T
6	71	0	28	1	A
XX
DE	GL2|B9GXB6|MatBase
0	4	57	13	26	Y
1	79	13	1	7	A
2	52	0	7	41	W
3	0	0	0	100	T
4	88	0	4	8	A
5	100	0	0	0	A
6	78	0	0	22	A
7	1	0	1	98	T
8	7	3	79	11	G
9	6	69	7	18	C
XX
DE	GL2|P46607|MatBase
0	4	57	13	26	Y
1	79	13	1	7	A
2	52	0	7	41	W
3	0	0	0	100	T
4	88	0	4	8	A
5	100	0	0	0	A
6	78	0	0	22	A
7	1	0	1	98	T
8	7	3	79	11	G
9	6	69	7	18	C
XX
DE	GSC2|O15499|MatBase
0	11	2	80	7	G
1	2	2	94	2	G
2	98	2	0	0	A
3	0	0	0	100	T
4	1	0	0	99	T
5	98	0	0	2	A
XX
DE	GSC|P56915|MatBase
0	11	2	80	7	G
1	2	2	94	2	G
2	98	2	0	0	A
3	0	0	0	100	T
4	1	0	0	99	T
5	98	0	0	2	A
XX
DE	GSX1|Q9H4S2|MatBase
0	6	44	7	43	Y
1	4	7	0	89	T
2	95	5	0	0	A
3	99	0	0	1	A
4	4	0	4	92	T
5	0	0	5	95	T
6	71	0	28	1	A
XX
DE	Gm9907|B1AY67|MatBase
0	6	81	13	0	C
1	36	58	3	3	M
2	0	0	100	0	G
3	0	0	100	0	G
4	100	0	0	0	A
5	89	1	0	10	A
6	18	12	68	2	G
7	4	36	8	52	Y
XX
DE	Gsc2|A2RTU1|MatBase
0	11	2	80	7	G
1	2	2	94	2	G
2	98	2	0	0	A
3	0	0	0	100	T
4	1	0	0	99	T
5	98	0	0	2	A
XX
DE	HAT3|B9H6N8|MatBase
0	98	1	1	0	A
1	87	3	1	9	A
2	0	1	0	99	T
3	54	0	43	3	R
4	98	0	0	2	A
5	3	3	0	94	T
6	8	1	8	83	T
XX
DE	HAT3|C5WRJ5|MatBase
0	98	1	1	0	A
1	87	3	1	9	A
2	0	1	0	99	T
3	54	0	43	3	R
4	98	0	0	2	A
5	3	3	0	94	T
6	8	1	8	83	T
XX
DE	HAT3|P46602|MatBase
0	98	1	1	0	A
1	87	3	1	9	A
2	0	1	0	99	T
3	54	0	43	3	R
4	98	0	0	2	A
5	3	3	0	94	T
6	8	1	8	83	T
XX
DE	HDG7|B9I4A9|MatBase
0	17	3	77	3	G
1	11	83	0	6	C
2	100	0	0	0	A
3	3	0	0	97	T
4	0	0	0	100	T
5	10	0	0	90	T
6	100	0	0	0	A
7	51	8	0	41	W
8	8	2	16	74	T
9	26	13	56	5	R
XX
DE	HDG7|C5XEA6|MatBase
0	17	3	77	3	G
1	11	83	0	6	C
2	100	0	0	0	A
3	3	0	0	97	T
4	0	0	0	100	T
5	10	0	0	90	T
6	100	0	0	0	A
7	51	8	0	41	W
8	8	2	16	74	T
9	26	13	56	5	R
XX
DE	HESX1|P79775|MatBase
0	7	38	3	52	Y
1	1	7	0	92	T
2	96	1	1	2	A
3	98	0	1	1	A
4	1	1	0	98	T
5	0	1	6	93	T
6	81	6	10	3	A
7	55	7	33	5	R
XX
DE	HGTX|B7Z056|MatBase
0	12	28	5	55	Y
1	59	29	1	11	M
2	94	0	0	6	A
3	0	0	0	100	T
4	5	0	3	92	T
5	100	0	0	0	A
6	65	2	16	17	A
XX
DE	HHEX|Q05502|MatBase
0	63	14	18	5	A
1	18	44	23	15	N
2	1	59	3	37	Y
3	85	10	3	2	A
4	96	1	0	3	A
5	0	0	0	100	T
6	0	1	2	97	T
7	84	0	15	1	A
XX
DE	HMX1|Q9DE09|MatBase
0	62	11	18	9	A
1	51	10	24	15	N
2	7	55	37	1	S
3	0	75	0	25	C
4	89	1	5	5	A
5	2	98	0	0	C
6	1	2	0	97	T
7	1	13	0	86	T
8	47	9	40	4	R
9	75	5	8	12	A
XX
DE	HMX2|A2RU54|MatBase
0	62	11	18	9	A
1	51	10	24	15	N
2	7	55	37	1	S
3	0	75	0	25	C
4	89	1	5	5	A
5	2	98	0	0	C
6	1	2	0	97	T
7	1	13	0	86	T
8	47	9	40	4	R
9	75	5	8	12	A
XX
DE	HMX3|O57601|MatBase
0	62	11	18	9	A
1	51	10	24	15	N
2	7	55	37	1	S
3	0	75	0	25	C
4	89	1	5	5	A
5	2	98	0	0	C
6	1	2	0	97	T
7	1	13	0	86	T
8	47	9	40	4	R
9	75	5	8	12	A
XX
DE	HNF1A|Q4PJJ8|MatBase
0	20	0	64	16	G
1	8	9	37	46	K
2	15	21	3	61	T
3	76	0	20	4	A
4	87	2	0	11	A
5	26	10	5	59	W
6	28	24	18	30	N
7	64	5	23	8	A
8	11	8	5	76	T
9	1	2	0	97	T
10	93	0	4	3	A
11	92	4	4	0	A
12	1	94	1	4	C
13	12	42	1	45	Y
XX
DE	HOXA11|P31270|MatBase
0	10	35	54	1	S
1	1	23	2	74	T
2	19	72	0	9	C
3	48	0	50	2	R
4	4	0	2	94	T
5	74	3	0	23	A
6	94	2	2	2	A
7	97	1	0	2	A
8	59	17	8	16	N
9	17	46	12	25	N
10	13	12	17	58	N
11	9	13	70	8	G
XX
DE	HOXA1|P13544|MatBase
0	2	15	0	83	T
1	79	18	1	2	A
2	100	0	0	0	A
3	0	0	0	100	T
4	0	0	5	95	T
5	95	0	4	1	A
6	28	19	40	13	N
7	6	41	8	45	Y
XX
DE	HOXA3|O93353|MatBase
0	2	15	0	83	T
1	79	18	1	2	A
2	100	0	0	0	A
3	0	0	0	100	T
4	0	0	5	95	T
5	95	0	4	1	A
6	28	19	40	13	N
7	6	41	8	45	Y
XX
DE	HOXA7|A2T7F3|MatBase
0	2	15	0	83	T
1	79	18	1	2	A
2	100	0	0	0	A
3	0	0	0	100	T
4	0	0	5	95	T
5	95	0	4	1	A
6	28	19	40	13	N
7	6	41	8	45	Y
XX
DE	HOXA9|P31269|MatBase
0	17	66	3	14	C
1	78	0	20	2	A
2	6	0	2	92	T
3	50	35	0	15	M
4	84	14	2	0	A
5	100	0	0	0	A
6	20	11	4	65	T
7	2	92	6	0	C
8	50	12	2	36	W
9	22	6	49	23	N
10	17	7	6	70	T
11	5	69	12	14	C
12	67	17	4	12	A
XX
DE	HOXB1|A2T6Z0|MatBase
0	2	15	0	83	T
1	79	18	1	2	A
2	100	0	0	0	A
3	0	0	0	100	T
4	0	0	5	95	T
5	95	0	4	1	A
6	28	19	40	13	N
7	6	41	8	45	Y
XX
DE	HOXB1|P31259|MatBase
0	2	15	0	83	T
1	79	18	1	2	A
2	100	0	0	0	A
3	0	0	0	100	T
4	0	0	5	95	T
5	95	0	4	1	A
6	28	19	40	13	N
7	6	41	8	45	Y
XX
DE	HOXB2|P14652|MatBase
0	2	15	0	83	T
1	79	18	1	2	A
2	100	0	0	0	A
3	0	0	0	100	T
4	0	0	5	95	T
5	95	0	4	1	A
6	28	19	40	13	N
7	6	41	8	45	Y
XX
DE	HOXB3|P23682|MatBase
0	2	15	0	83	T
1	79	18	1	2	A
2	100	0	0	0	A
3	0	0	0	100	T
4	0	0	5	95	T
5	95	0	4	1	A
6	28	19	40	13	N
7	6	41	8	45	Y
XX
DE	HOXB4|P14840|MatBase
0	2	15	0	83	T
1	79	18	1	2	A
2	100	0	0	0	A
3	0	0	0	100	T
4	0	0	5	95	T
5	95	0	4	1	A
6	28	19	40	13	N
7	6	41	8	45	Y
XX
DE	HOXB4|P17483|MatBase
0	2	15	0	83	T
1	79	18	1	2	A
2	100	0	0	0	A
3	0	0	0	100	T
4	0	0	5	95	T
5	95	0	4	1	A
6	28	19	40	13	N
7	6	41	8	45	Y
XX
DE	HOXD10|P28358|MatBase
0	17	66	3	14	C
1	78	0	20	2	A
2	6	0	2	92	T
3	50	35	0	15	M
4	84	14	2	0	A
5	100	0	0	0	A
6	20	11	4	65	T
7	2	92	6	0	C
8	50	12	2	36	W
9	22	6	49	23	N
10	17	7	6	70	T
11	5	69	12	14	C
12	67	17	4	12	A
XX
DE	HOXD11|P31277|MatBase
0	10	35	54	1	S
1	1	23	2	74	T
2	19	72	0	9	C
3	48	0	50	2	R
4	4	0	2	94	T
5	74	3	0	23	A
6	94	2	2	2	A
7	97	1	0	2	A
8	59	17	8	16	N
9	17	46	12	25	N
10	13	12	17	58	N
11	9	13	70	8	G
XX
DE	HOXD12|P24343|MatBase
0	10	35	54	1	S
1	1	23	2	74	T
2	19	72	0	9	C
3	48	0	50	2	R
4	4	0	2	94	T
5	74	3	0	23	A
6	94	2	2	2	A
7	97	1	0	2	A
8	59	17	8	16	N
9	17	46	12	25	N
10	13	12	17	58	N
11	9	13	70	8	G
XX
DE	HOXD12|P35452|MatBase
0	10	35	54	1	S
1	1	23	2	74	T
2	19	72	0	9	C
3	48	0	50	2	R
4	4	0	2	94	T
5	74	3	0	23	A
6	94	2	2	2	A
7	97	1	0	2	A
8	59	17	8	16	N
9	17	46	12	25	N
10	13	12	17	58	N
11	9	13	70	8	G
XX
DE	HOXD4|A7MBD6|MatBase
0	2	15	0	83	T
1	79	18	1	2	A
2	100	0	0	0	A
3	0	0	0	100	T
4	0	0	5	95	T
5	95	0	4	1	A
6	28	19	40	13	N
7	6	41	8	45	Y
XX
DE	HOXD4|P17278|MatBase
0	2	15	0	83	T
1	79	18	1	2	A
2	100	0	0	0	A
3	0	0	0	100	T
4	0	0	5	95	T
5	95	0	4	1	A
6	28	19	40	13	N
7	6	41	8	45	Y
XX
DE	HOXD8|P13378|MatBase
0	2	15	0	83	T
1	79	18	1	2	A
2	100	0	0	0	A
3	0	0	0	100	T
4	0	0	5	95	T
5	95	0	4	1	A
6	28	19	40	13	N
7	6	41	8	45	Y
XX
DE	HOXD8|P23459|MatBase
0	2	15	0	83	T
1	79	18	1	2	A
2	100	0	0	0	A
3	0	0	0	100	T
4	0	0	5	95	T
5	95	0	4	1	A
6	28	19	40	13	N
7	6	41	8	45	Y
XX
DE	HSF1|C5XB03|MatBase
0	50	0	50	0	R
1	37	21	17	25	N
2	0	0	0	100	T
3	0	0	0	100	T
4	0	100	0	0	C
5	25	21	0	54	N
6	41	0	38	21	N
7	0	0	83	17	G
8	91	0	0	9	A
9	70	20	0	10	A
10	25	0	55	20	R
11	0	43	13	44	Y
12	10	0	0	90	T
13	0	0	0	100	T
14	0	100	0	0	C
15	23	0	23	54	N
16	33	0	33	34	N
XX
DE	HSF1|P41151|MatBase
0	50	0	50	0	R
1	37	21	17	25	N
2	0	0	0	100	T
3	0	0	0	100	T
4	0	100	0	0	C
5	25	21	0	54	N
6	41	0	38	21	N
7	0	0	83	17	G
8	91	0	0	9	A
9	70	20	0	10	A
10	25	0	55	20	R
11	0	43	13	44	Y
12	10	0	0	90	T
13	0	0	0	100	T
14	0	100	0	0	C
15	23	0	23	54	N
16	33	0	33	34	N
XX
DE	HSF3|O81821|MatBase
0	50	0	50	0	R
1	37	21	17	25	N
2	0	0	0	100	T
3	0	0	0	100	T
4	0	100	0	0	C
5	25	21	0	54	N
6	41	0	38	21	N
7	0	0	83	17	G
8	91	0	0	9	A
9	70	20	0	10	A
10	25	0	55	20	R
11	0	43	13	44	Y
12	10	0	0	90	T
13	0	0	0	100	T
14	0	100	0	0	C
15	23	0	23	54	N
16	33	0	33	34	N
XX
DE	HSF4|D0VYS4|MatBase
0	0	8	79	13	G
1	74	0	0	26	A
2	49	13	5	33	W
3	24	25	28	23	N
4	32	21	27	20	N
5	8	8	18	66	T
6	13	9	11	67	T
7	9	85	3	3	C
8	0	22	36	42	N
9	57	16	16	11	N
10	0	4	96	0	G
11	84	4	3	9	A
12	82	8	7	3	A
13	9	41	33	17	N
14	31	16	29	24	N
15	26	8	6	60	T
16	4	3	7	86	T
17	5	90	5	0	C
XX
DE	HSF4|Q96320|MatBase
0	50	0	50	0	R
1	37	21	17	25	N
2	0	0	0	100	T
3	0	0	0	100	T
4	0	100	0	0	C
5	25	21	0	54	N
6	41	0	38	21	N
7	0	0	83	17	G
8	91	0	0	9	A
9	70	20	0	10	A
10	25	0	55	20	R
11	0	43	13	44	Y
12	10	0	0	90	T
13	0	0	0	100	T
14	0	100	0	0	C
15	23	0	23	54	N
16	33	0	33	34	N
XX
DE	HSFA7A|Q9SV12|MatBase
0	50	0	50	0	R
1	37	21	17	25	N
2	0	0	0	100	T
3	0	0	0	100	T
4	0	100	0	0	C
5	25	21	0	54	N
6	41	0	38	21	N
7	0	0	83	17	G
8	91	0	0	9	A
9	70	20	0	10	A
10	25	0	55	20	R
11	0	43	13	44	Y
12	10	0	0	90	T
13	0	0	0	100	T
14	0	100	0	0	C
15	23	0	23	54	N
16	33	0	33	34	N
XX
DE	HSFB4|Q9C635|MatBase
0	50	0	50	0	R
1	37	21	17	25	N
2	0	0	0	100	T
3	0	0	0	100	T
4	0	100	0	0	C
5	25	21	0	54	N
6	41	0	38	21	N
7	0	0	83	17	G
8	91	0	0	9	A
9	70	20	0	10	A
10	25	0	55	20	R
11	0	43	13	44	Y
12	10	0	0	90	T
13	0	0	0	100	T
14	0	100	0	0	C
15	23	0	23	54	N
16	33	0	33	34	N
XX
DE	HSFY1|Q96LI6|MatBase
0	0	8	79	13	G
1	74	0	0	26	A
2	49	13	5	33	W
3	24	25	28	23	N
4	32	21	27	20	N
5	8	8	18	66	T
6	13	9	11	67	T
7	9	85	3	3	C
8	0	22	36	42	N
9	57	16	16	11	N
10	0	4	96	0	G
11	84	4	3	9	A
12	82	8	7	3	A
13	9	41	33	17	N
14	31	16	29	24	N
15	26	8	6	60	T
16	4	3	7	86	T
17	5	90	5	0	C
XX
DE	Hesx1|D4AEG9|MatBase
0	7	38	3	52	Y
1	1	7	0	92	T
2	96	1	1	2	A
3	98	0	1	1	A
4	1	1	0	98	T
5	0	1	6	93	T
6	81	6	10	3	A
7	55	7	33	5	R
XX
DE	Hhex|P43120|MatBase
0	63	14	18	5	A
1	18	44	23	15	N
2	1	59	3	37	Y
3	85	10	3	2	A
4	96	1	0	3	A
5	0	0	0	100	T
6	0	1	2	97	T
7	84	0	15	1	A
XX
DE	Homez|Q5XFX1|MatBase
0	58	6	18	18	N
1	35	17	14	34	N
2	50	11	9	30	W
3	45	14	3	38	W
4	34	42	17	7	N
5	88	3	0	9	A
6	1	1	1	97	T
7	4	95	0	1	C
8	2	1	96	1	G
9	21	1	2	76	T
10	4	2	3	91	T
11	16	3	2	79	T
12	14	14	12	60	T
13	13	23	18	46	N
14	52	19	5	24	N
XX
DE	Hoxa1|Q8BNI8|MatBase
0	2	15	0	83	T
1	79	18	1	2	A
2	100	0	0	0	A
3	0	0	0	100	T
4	0	0	5	95	T
5	95	0	4	1	A
6	28	19	40	13	N
7	6	41	8	45	Y
XX
DE	Hoxb13|D3ZWL5|MatBase
0	10	35	54	1	S
1	1	23	2	74	T
2	19	72	0	9	C
3	48	0	50	2	R
4	4	0	2	94	T
5	74	3	0	23	A
6	94	2	2	2	A
7	97	1	0	2	A
8	59	17	8	16	N
9	17	46	12	25	N
10	13	12	17	58	N
11	9	13	70	8	G
XX
DE	Hoxb2|Q20A34|MatBase
0	2	15	0	83	T
1	79	18	1	2	A
2	100	0	0	0	A
3	0	0	0	100	T
4	0	0	5	95	T
5	95	0	4	1	A
6	28	19	40	13	N
7	6	41	8	45	Y
XX
DE	Hoxb3|P09026|MatBase
0	2	15	0	83	T
1	79	18	1	2	A
2	100	0	0	0	A
3	0	0	0	100	T
4	0	0	5	95	T
5	95	0	4	1	A
6	28	19	40	13	N
7	6	41	8	45	Y
XX
DE	Hoxb7|P18864|MatBase
0	2	15	0	83	T
1	79	18	1	2	A
2	100	0	0	0	A
3	0	0	0	100	T
4	0	0	5	95	T
5	95	0	4	1	A
6	28	19	40	13	N
7	6	41	8	45	Y
XX
DE	Hoxc11|B9EI74|MatBase
0	10	35	54	1	S
1	1	23	2	74	T
2	19	72	0	9	C
3	48	0	50	2	R
4	4	0	2	94	T
5	74	3	0	23	A
6	94	2	2	2	A
7	97	1	0	2	A
8	59	17	8	16	N
9	17	46	12	25	N
10	13	12	17	58	N
11	9	13	70	8	G
XX
DE	Hoxc12|D4ACL4|MatBase
0	10	35	54	1	S
1	1	23	2	74	T
2	19	72	0	9	C
3	48	0	50	2	R
4	4	0	2	94	T
5	74	3	0	23	A
6	94	2	2	2	A
7	97	1	0	2	A
8	59	17	8	16	N
9	17	46	12	25	N
10	13	12	17	58	N
11	9	13	70	8	G
XX
DE	Hoxd1|Q0VBQ9|MatBase
0	2	15	0	83	T
1	79	18	1	2	A
2	100	0	0	0	A
3	0	0	0	100	T
4	0	0	5	95	T
5	95	0	4	1	A
6	28	19	40	13	N
7	6	41	8	45	Y
XX
DE	Hoxd3|D3Z957|MatBase
0	2	15	0	83	T
1	79	18	1	2	A
2	100	0	0	0	A
3	0	0	0	100	T
4	0	0	5	95	T
5	95	0	4	1	A
6	28	19	40	13	N
7	6	41	8	45	Y
XX
DE	Hsf4|D4A5A8|MatBase
0	0	8	79	13	G
1	74	0	0	26	A
2	49	13	5	33	W
3	24	25	28	23	N
4	32	21	27	20	N
5	8	8	18	66	T
6	13	9	11	67	T
7	9	85	3	3	C
8	0	22	36	42	N
9	57	16	16	11	N
10	0	4	96	0	G
11	84	4	3	9	A
12	82	8	7	3	A
13	9	41	33	17	N
14	31	16	29	24	N
15	26	8	6	60	T
16	4	3	7	86	T
17	5	90	5	0	C
XX
DE	Hsf4|Q9R0L1|MatBase
0	0	8	79	13	G
1	74	0	0	26	A
2	49	13	5	33	W
3	24	25	28	23	N
4	32	21	27	20	N
5	8	8	18	66	T
6	13	9	11	67	T
7	9	85	3	3	C
8	0	22	36	42	N
9	57	16	16	11	N
10	0	4	96	0	G
11	84	4	3	9	A
12	82	8	7	3	A
13	9	41	33	17	N
14	31	16	29	24	N
15	26	8	6	60	T
16	4	3	7	86	T
17	5	90	5	0	C
XX
DE	IRF3|Q4JF28|MatBase
0	13	5	82	0	G
1	99	0	1	0	A
2	91	0	3	6	A
3	96	0	3	1	A
4	14	34	41	11	N
5	4	55	8	33	Y
6	0	0	100	0	G
7	99	1	0	0	A
8	95	1	0	4	A
9	92	0	0	8	A
10	9	55	31	5	S
11	5	61	5	29	C
12	66	12	12	10	A
XX
DE	IRF5|Q58DJ0|MatBase
0	13	5	82	0	G
1	99	0	1	0	A
2	91	0	3	6	A
3	96	0	3	1	A
4	14	34	41	11	N
5	4	55	8	33	Y
6	0	0	100	0	G
7	99	1	0	0	A
8	95	1	0	4	A
9	92	0	0	8	A
10	9	55	31	5	S
11	5	61	5	29	C
12	66	12	12	10	A
XX
DE	IRF6|O14896|MatBase
0	13	5	82	0	G
1	99	0	1	0	A
2	91	0	3	6	A
3	96	0	3	1	A
4	14	34	41	11	N
5	4	55	8	33	Y
6	0	0	100	0	G
7	99	1	0	0	A
8	95	1	0	4	A
9	92	0	0	8	A
10	9	55	31	5	S
11	5	61	5	29	C
12	66	12	12	10	A
XX
DE	IRX1|Q9I9C5|MatBase
0	26	1	4	69	T
1	94	1	1	4	A
2	1	95	1	3	C
3	93	0	2	5	A
4	5	2	0	93	T
5	3	1	95	1	G
6	4	1	1	94	T
7	69	4	1	26	A
XX
DE	IRX2|Q9PU52|MatBase
0	26	1	4	69	T
1	94	1	1	4	A
2	1	95	1	3	C
3	93	0	2	5	A
4	5	2	0	93	T
5	3	1	95	1	G
6	4	1	1	94	T
7	69	4	1	26	A
XX
DE	IRX4|A4IF73|MatBase
0	26	1	4	69	T
1	94	1	1	4	A
2	1	95	1	3	C
3	93	0	2	5	A
4	5	2	0	93	T
5	3	1	95	1	G
6	4	1	1	94	T
7	69	4	1	26	A
XX
DE	IRX4|Q9YGS0|MatBase
0	26	1	4	69	T
1	94	1	1	4	A
2	1	95	1	3	C
3	93	0	2	5	A
4	5	2	0	93	T
5	3	1	95	1	G
6	4	1	1	94	T
7	69	4	1	26	A
XX
DE	Irx1|D4A9L1|MatBase
0	26	1	4	69	T
1	94	1	1	4	A
2	1	95	1	3	C
3	93	0	2	5	A
4	5	2	0	93	T
5	3	1	95	1	G
6	4	1	1	94	T
7	69	4	1	26	A
XX
DE	Irx6|D4A7R4|MatBase
0	26	1	4	69	T
1	94	1	1	4	A
2	1	95	1	3	C
3	93	0	2	5	A
4	5	2	0	93	T
5	3	1	95	1	G
6	4	1	1	94	T
7	69	4	1	26	A
XX
DE	Isl2|P50480|MatBase
0	6	29	9	56	Y
1	4	22	0	74	T
2	76	20	1	3	A
3	92	6	1	1	A
4	1	2	0	97	T
5	0	0	2	98	T
6	88	1	6	5	A
7	53	5	33	9	R
XX
DE	KNAT1|O80416|MatBase
0	6	63	25	6	C
1	75	0	20	5	A
2	0	95	5	0	C
3	9	77	11	3	C
4	6	11	7	76	T
5	0	0	100	0	G
6	0	0	0	100	T
7	0	100	0	0	C
8	89	0	3	8	A
XX
DE	KNAT1|P46639|MatBase
0	6	63	25	6	C
1	75	0	20	5	A
2	0	95	5	0	C
3	9	77	11	3	C
4	6	11	7	76	T
5	0	0	100	0	G
6	0	0	0	100	T
7	0	100	0	0	C
8	89	0	3	8	A
XX
DE	KNAT2|P46640|MatBase
0	6	63	25	6	C
1	75	0	20	5	A
2	0	95	5	0	C
3	9	77	11	3	C
4	6	11	7	76	T
5	0	0	100	0	G
6	0	0	0	100	T
7	0	100	0	0	C
8	89	0	3	8	A
XX
DE	KNAT3|P48000|MatBase
0	6	63	25	6	C
1	75	0	20	5	A
2	0	95	5	0	C
3	9	77	11	3	C
4	6	11	7	76	T
5	0	0	100	0	G
6	0	0	0	100	T
7	0	100	0	0	C
8	89	0	3	8	A
XX
DE	KNAT4|P48001|MatBase
0	6	63	25	6	C
1	75	0	20	5	A
2	0	95	5	0	C
3	9	77	11	3	C
4	6	11	7	76	T
5	0	0	100	0	G
6	0	0	0	100	T
7	0	100	0	0	C
8	89	0	3	8	A
XX
DE	KNAT5|P48002|MatBase
0	6	63	25	6	C
1	75	0	20	5	A
2	0	95	5	0	C
3	9	77	11	3	C
4	6	11	7	76	T
5	0	0	100	0	G
6	0	0	0	100	T
7	0	100	0	0	C
8	89	0	3	8	A
XX
DE	KNAT6|Q7GDL5|MatBase
0	6	63	25	6	C
1	75	0	20	5	A
2	0	95	5	0	C
3	9	77	11	3	C
4	6	11	7	76	T
5	0	0	100	0	G
6	0	0	0	100	T
7	0	100	0	0	C
8	89	0	3	8	A
XX
DE	KNAT6|Q84JS6|MatBase
0	6	63	25	6	C
1	75	0	20	5	A
2	0	95	5	0	C
3	9	77	11	3	C
4	6	11	7	76	T
5	0	0	100	0	G
6	0	0	0	100	T
7	0	100	0	0	C
8	89	0	3	8	A
XX
DE	LBX2|Q6XYB7|MatBase
0	63	14	18	5	A
1	18	44	23	15	N
2	1	59	3	37	Y
3	85	10	3	2	A
4	96	1	0	3	A
5	0	0	0	100	T
6	0	1	2	97	T
7	84	0	15	1	A
XX
DE	LHX1|P53411|MatBase
0	6	29	9	56	Y
1	4	22	0	74	T
2	76	20	1	3	A
3	92	6	1	1	A
4	1	2	0	97	T
5	0	0	2	98	T
6	88	1	6	5	A
7	53	5	33	9	R
XX
DE	LHX3|Q2TEA4|MatBase
0	6	29	9	56	Y
1	4	22	0	74	T
2	76	20	1	3	A
3	92	6	1	1	A
4	1	2	0	97	T
5	0	0	2	98	T
6	88	1	6	5	A
7	53	5	33	9	R
XX
DE	LHX9|Q9NQ69|MatBase
0	6	29	9	56	Y
1	4	22	0	74	T
2	76	20	1	3	A
3	92	6	1	1	A
4	1	2	0	97	T
5	0	0	2	98	T
6	88	1	6	5	A
7	53	5	33	9	R
XX
DE	LHY|Q6R0H1|MatBase
0	54	15	12	19	N
1	46	27	15	12	N
2	65	19	12	4	A
3	46	31	4	19	N
4	46	38	12	4	M
5	50	23	15	12	N
6	88	0	0	12	A
7	84	4	12	0	A
8	100	0	0	0	A
9	100	0	0	0	A
10	0	0	0	100	T
11	0	96	4	0	C
12	4	0	0	96	T
13	23	39	15	23	N
14	44	36	8	12	M
XX
DE	MEIS2|Q9PTH1|MatBase
0	25	4	11	60	T
1	2	2	3	93	T
2	1	0	99	0	G
3	97	0	1	2	A
4	0	99	0	1	C
5	97	0	3	0	A
6	3	4	90	3	G
7	3	42	49	6	S
8	3	8	5	84	T
XX
DE	MEOX1|A2VDR0|MatBase
0	6	44	7	43	Y
1	4	7	0	89	T
2	95	5	0	0	A
3	99	0	0	1	A
4	4	0	4	92	T
5	0	0	5	95	T
6	71	0	28	1	A
XX
DE	MEOX1|Q9YI38|MatBase
0	6	44	7	43	Y
1	4	7	0	89	T
2	95	5	0	0	A
3	99	0	0	1	A
4	4	0	4	92	T
5	0	0	5	95	T
6	71	0	28	1	A
XX
DE	MEOX2|P50222|MatBase
0	6	44	7	43	Y
1	4	7	0	89	T
2	95	5	0	0	A
3	99	0	0	1	A
4	4	0	4	92	T
5	0	0	5	95	T
6	71	0	28	1	A
XX
DE	MNX1|Q9YHY7|MatBase
0	6	44	7	43	Y
1	4	7	0	89	T
2	95	5	0	0	A
3	99	0	0	1	A
4	4	0	4	92	T
5	0	0	5	95	T
6	71	0	28	1	A
XX
DE	MSX2|A2T764|MatBase
0	63	14	18	5	A
1	18	44	23	15	N
2	1	59	3	37	Y
3	85	10	3	2	A
4	96	1	0	3	A
5	0	0	0	100	T
6	0	1	2	97	T
7	84	0	15	1	A
XX
DE	MYB101|O80883|MatBase
0	7	29	1	63	T
1	100	0	0	0	A
2	100	0	0	0	A
3	0	100	0	0	C
4	27	29	10	34	N
5	9	10	80	1	G
6	22	28	4	46	N
7	10	57	9	24	Y
XX
DE	MYB101|Q0DQM8|MatBase
0	7	29	1	63	T
1	100	0	0	0	A
2	100	0	0	0	A
3	0	100	0	0	C
4	27	29	10	34	N
5	9	10	80	1	G
6	22	28	4	46	N
7	10	57	9	24	Y
XX
DE	MYB12|O22264|MatBase
0	4	56	14	26	Y
1	3	82	0	15	C
2	95	0	2	3	A
3	15	78	4	3	C
4	0	96	2	2	C
5	30	3	3	64	T
6	93	3	2	2	A
7	17	81	2	0	C
8	2	89	0	9	C
9	24	38	21	17	N
10	13	45	17	25	N
11	1	66	16	17	C
XX
DE	MYB15|Q9LTC4|MatBase
0	4	56	14	26	Y
1	3	82	0	15	C
2	95	0	2	3	A
3	15	78	4	3	C
4	0	96	2	2	C
5	30	3	3	64	T
6	93	3	2	2	A
7	17	81	2	0	C
8	2	89	0	9	C
9	24	38	21	17	N
10	13	45	17	25	N
11	1	66	16	17	C
XX
DE	MYB23|Q96276|MatBase
0	7	29	1	63	T
1	100	0	0	0	A
2	100	0	0	0	A
3	0	100	0	0	C
4	27	29	10	34	N
5	9	10	80	1	G
6	22	28	4	46	N
7	10	57	9	24	Y
XX
DE	MYB2|Q39028|MatBase
0	4	56	14	26	Y
1	3	82	0	15	C
2	95	0	2	3	A
3	15	78	4	3	C
4	0	96	2	2	C
5	30	3	3	64	T
6	93	3	2	2	A
7	17	81	2	0	C
8	2	89	0	9	C
9	24	38	21	17	N
10	13	45	17	25	N
11	1	66	16	17	C
XX
DE	MYB305|Q9LK14|MatBase
0	4	56	14	26	Y
1	3	82	0	15	C
2	95	0	2	3	A
3	15	78	4	3	C
4	0	96	2	2	C
5	30	3	3	64	T
6	93	3	2	2	A
7	17	81	2	0	C
8	2	89	0	9	C
9	24	38	21	17	N
10	13	45	17	25	N
11	1	66	16	17	C
XX
DE	MYB30|Q9SCU7|MatBase
0	7	29	1	63	T
1	100	0	0	0	A
2	100	0	0	0	A
3	0	100	0	0	C
4	27	29	10	34	N
5	9	10	80	1	G
6	22	28	4	46	N
7	10	57	9	24	Y
XX
DE	MYB33|Q8W1W6|MatBase
0	7	29	1	63	T
1	100	0	0	0	A
2	100	0	0	0	A
3	0	100	0	0	C
4	27	29	10	34	N
5	9	10	80	1	G
6	22	28	4	46	N
7	10	57	9	24	Y
XX
DE	MYB3R-4|Q94FL9|MatBase
0	44	30	22	4	N
1	49	17	17	17	N
2	9	9	13	69	T
3	9	70	17	4	C
4	9	50	5	36	Y
5	100	0	0	0	A
6	100	0	0	0	A
7	0	100	0	0	C
8	0	0	100	0	G
9	0	0	100	0	G
10	4	43	0	53	Y
11	17	30	4	49	N
12	66	13	4	17	A
13	31	26	17	26	N
14	44	0	17	39	W
XX
DE	MYB4|Q9SZP1|MatBase
0	4	56	14	26	Y
1	3	82	0	15	C
2	95	0	2	3	A
3	15	78	4	3	C
4	0	96	2	2	C
5	30	3	3	64	T
6	93	3	2	2	A
7	17	81	2	0	C
8	2	89	0	9	C
9	24	38	21	17	N
10	13	45	17	25	N
11	1	66	16	17	C
XX
DE	MYB65|Q9FR97|MatBase
0	7	29	1	63	T
1	100	0	0	0	A
2	100	0	0	0	A
3	0	100	0	0	C
4	27	29	10	34	N
5	9	10	80	1	G
6	22	28	4	46	N
7	10	57	9	24	Y
XX
DE	MYB77|Q9SN12|MatBase
0	7	29	1	63	T
1	100	0	0	0	A
2	100	0	0	0	A
3	0	100	0	0	C
4	27	29	10	34	N
5	9	10	80	1	G
6	22	28	4	46	N
7	10	57	9	24	Y
XX
DE	MYB84|Q6K9I8|MatBase
0	4	56	14	26	Y
1	3	82	0	15	C
2	95	0	2	3	A
3	15	78	4	3	C
4	0	96	2	2	C
5	30	3	3	64	T
6	93	3	2	2	A
7	17	81	2	0	C
8	2	89	0	9	C
9	24	38	21	17	N
10	13	45	17	25	N
11	1	66	16	17	C
XX
DE	MYB84|Q9M2Y9|MatBase
0	4	56	14	26	Y
1	3	82	0	15	C
2	95	0	2	3	A
3	15	78	4	3	C
4	0	96	2	2	C
5	30	3	3	64	T
6	93	3	2	2	A
7	17	81	2	0	C
8	2	89	0	9	C
9	24	38	21	17	N
10	13	45	17	25	N
11	1	66	16	17	C
XX
DE	MYBL1|P10243|MatBase
0	1	96	1	2	C
1	20	61	16	3	C
2	0	0	100	0	G
3	0	0	0	100	T
4	1	2	0	97	T
5	48	1	45	6	R
XX
DE	MYBL1|P52550|MatBase
0	1	96	1	2	C
1	20	61	16	3	C
2	0	0	100	0	G
3	0	0	0	100	T
4	1	2	0	97	T
5	48	1	45	6	R
XX
DE	MYB|Q28080|MatBase
0	1	96	1	2	C
1	20	61	16	3	C
2	0	0	100	0	G
3	0	0	0	100	T
4	1	2	0	97	T
5	48	1	45	6	R
XX
DE	Meis3|D4A9U2|MatBase
0	25	4	11	60	T
1	2	2	3	93	T
2	1	0	99	0	G
3	97	0	1	2	A
4	0	99	0	1	C
5	97	0	3	0	A
6	3	4	90	3	G
7	3	42	49	6	S
8	3	8	5	84	T
XX
DE	Mnx1|A2RSX2|MatBase
0	6	44	7	43	Y
1	4	7	0	89	T
2	95	5	0	0	A
3	99	0	0	1	A
4	4	0	4	92	T
5	0	0	5	95	T
6	71	0	28	1	A
XX
DE	Msx1|Q9ERF6|MatBase
0	63	14	18	5	A
1	18	44	23	15	N
2	1	59	3	37	Y
3	85	10	3	2	A
4	96	1	0	3	A
5	0	0	0	100	T
6	0	1	2	97	T
7	84	0	15	1	A
XX
DE	NANOG|Q4JM65|MatBase
0	2	15	0	83	T
1	79	18	1	2	A
2	100	0	0	0	A
3	0	0	0	100	T
4	0	0	5	95	T
5	95	0	4	1	A
6	28	19	40	13	N
7	6	41	8	45	Y
XX
DE	NKX1-1|P19601|MatBase
0	2	36	0	62	T
1	90	9	0	1	A
2	96	0	0	4	A
3	4	0	0	96	T
4	1	0	9	90	T
5	62	0	36	2	A
XX
DE	NKX1-1|Q15270|MatBase
0	2	36	0	62	T
1	90	9	0	1	A
2	96	0	0	4	A
3	4	0	0	96	T
4	1	0	9	90	T
5	62	0	36	2	A
XX
DE	NKX1-2|Q9UD57|MatBase
0	2	36	0	62	T
1	90	9	0	1	A
2	96	0	0	4	A
3	4	0	0	96	T
4	1	0	9	90	T
5	62	0	36	2	A
XX
DE	NKX2-1|Q9YH59|MatBase
0	62	11	18	9	A
1	51	10	24	15	N
2	7	55	37	1	S
3	0	75	0	25	C
4	89	1	5	5	A
5	2	98	0	0	C
6	1	2	0	97	T
7	1	13	0	86	T
8	47	9	40	4	R
9	75	5	8	12	A
XX
DE	NKX2-3|O73907|MatBase
0	62	11	18	9	A
1	51	10	24	15	N
2	7	55	37	1	S
3	0	75	0	25	C
4	89	1	5	5	A
5	2	98	0	0	C
6	1	2	0	97	T
7	1	13	0	86	T
8	47	9	40	4	R
9	75	5	8	12	A
XX
DE	NKX2-3|Q3ZC90|MatBase
0	62	11	18	9	A
1	51	10	24	15	N
2	7	55	37	1	S
3	0	75	0	25	C
4	89	1	5	5	A
5	2	98	0	0	C
6	1	2	0	97	T
7	1	13	0	86	T
8	47	9	40	4	R
9	75	5	8	12	A
XX
DE	NKX2-6|C9JML6|MatBase
0	62	11	18	9	A
1	51	10	24	15	N
2	7	55	37	1	S
