DE	T00843
0	0	0	100	0	G
1	0	25	75	0	G
2	0	0	0	100	T
3	0	100	0	0	C
4	0	100	0	0	C
5	0	0	0	100	T
6	0	0	100	0	G
7	0	75	25	0	C
XX
DE	T00120
0	30	10	59	1	R
1	0	7	0	93	T
2	94	0	6	0	A
3	0	9	3	88	T
4	94	2	4	0	A
5	1	4	0	95	T
6	60	3	34	3	A
7	3	10	1	86	T
8	72	3	21	4	A
XX
DE	T00456
0	83	0	17	0	A
1	50	33	0	17	M
2	17	50	0	33	Y
3	0	0	100	0	G
4	0	0	100	0	G
5	17	0	83	0	G
6	17	0	0	83	T
7	0	0	0	100	T
8	66	0	17	17	A
9	50	17	0	33	W
XX
DE	T00395
0	6	31	50	13	S
1	38	49	13	0	M
2	56	19	25	0	R
3	25	19	6	50	N
4	81	6	0	13	A
5	100	0	0	0	A
6	100	0	0	0	A
7	87	0	13	0	A
8	94	6	0	0	A
9	55	13	13	19	N
XX
DE	T00751
0	22	0	11	67	t
1	11	22	56	11	n
2	22	29	27	22	N
3	40	21	14	25	N
4	71	4	23	2	A
5	63	0	22	15	A
6	0	98	2	0	C
7	98	0	0	2	A
8	15	11	74	0	G
9	8	11	75	6	G
10	0	6	0	94	T
11	6	6	73	15	G
XX
DE	T00709
0	23	54	0	23	N
1	15	46	8	31	N
2	0	8	92	0	G
3	0	0	100	0	G
4	31	23	31	15	N
5	8	0	8	84	T
6	77	8	15	0	A
7	92	0	0	8	A
8	38	0	31	31	N
9	8	39	15	38	N
10	39	15	38	8	N
11	15	47	0	38	Y
12	0	0	0	100	T
13	8	23	0	69	T
14	84	8	0	8	A
15	23	8	0	69	T
16	8	76	8	8	C
17	15	77	8	0	C
18	8	23	38	31	N
19	0	39	38	23	N
XX
DE	T00011
0	19	31	13	37	N
1	0	0	100	0	G
2	0	0	100	0	G
3	38	0	62	0	G
4	0	0	100	0	G
5	0	13	38	49	K
XX
DE	T00302
0	0	18	60	22	g
1	4	37	0	59	y
2	27	5	0	68	t
3	0	100	0	0	C
4	0	0	100	0	G
5	0	7	93	0	G
6	53	16	12	19	N
7	17	33	42	8	N
8	19	19	47	15	N
9	61	12	22	5	A
10	21	36	31	12	N
11	51	5	8	36	W
12	5	22	62	11	G
13	18	22	5	55	N
14	12	28	39	21	N
15	19	37	29	15	N
16	10	29	23	38	N
17	0	93	7	0	C
18	2	98	0	0	C
19	0	0	96	4	G
XX
DE	T00915
0	46	18	0	36	w
1	18	27	37	18	n
2	16	36	35	13	N
3	51	10	10	29	N
4	15	21	38	26	N
5	25	35	20	20	N
6	21	45	25	9	N
7	56	12	6	26	W
8	72	10	10	8	A
9	24	18	44	14	N
10	94	6	0	0	A
11	0	0	3	97	T
12	0	0	100	0	G
13	9	3	85	3	G
XX
DE	T00509
0	7	7	43	43	K
1	58	14	7	21	N
2	43	21	7	29	N
3	50	0	14	36	W
4	50	0	0	50	W
5	64	0	0	36	A
6	64	0	0	36	A
7	72	0	14	14	A
8	14	21	7	58	N
9	0	50	50	0	S
10	0	43	0	57	Y
11	0	0	100	0	G
12	0	0	100	0	G
13	0	0	100	0	G
14	0	0	100	0	G
15	36	7	14	43	N
16	51	14	21	14	N
XX
DE	T00311
0	19	7	2	72	T
1	93	4	2	1	A
2	1	1	0	98	T
3	0	99	1	0	C
4	29	15	15	41	N
XX
DE	T00529
0	6	13	19	62	t
1	10	9	3	78	T
2	7	70	13	10	C
3	9	88	0	3	C
4	3	88	3	6	C
5	3	97	0	0	C
6	32	49	8	11	M
7	8	37	5	50	Y
XX
DE	T01468
0	9	34	26	31	N
1	6	14	80	0	G
2	3	0	88	9	G
3	0	100	0	0	C
4	3	0	0	97	T
5	0	100	0	0	C
6	9	43	3	45	Y
7	91	3	3	3	A
8	0	9	23	68	T
9	3	66	20	11	C
10	66	0	20	14	A
11	0	43	0	57	Y
12	11	74	6	9	C
XX
DE	T01469
0	29	21	29	21	N
1	25	37	0	38	N
2	13	13	29	45	N
3	8	25	4	63	T
4	8	0	92	0	G
5	0	0	100	0	G
6	0	0	100	0	G
7	100	0	0	0	A
8	92	0	0	8	A
9	13	17	8	62	T
10	46	8	33	13	N
11	13	54	8	25	N
12	13	57	13	17	N
XX
DE	T01470
0	25	28	33	14	N
1	31	14	19	36	N
2	14	19	19	48	N
3	17	28	0	55	Y
4	17	0	83	0	G
5	0	0	100	0	G
6	0	0	100	0	G
7	100	0	0	0	A
8	50	14	3	33	W
9	28	19	17	36	N
10	34	22	25	19	N
11	25	50	14	11	N
XX
DE	T01477
0	56	0	0	44	W
1	34	11	22	33	N
2	33	11	45	11	N
3	11	11	11	67	T
4	56	22	11	11	N
5	78	0	11	11	A
6	33	0	0	67	T
7	67	0	0	33	A
8	45	11	44	0	R
9	78	0	11	11	A
10	11	89	0	0	C
11	100	0	0	0	A
12	89	0	11	0	A
13	56	0	33	11	R
14	44	0	0	56	W
15	22	34	22	22	N
16	33	22	0	45	N
17	34	33	22	11	N
XX
DE	T01478
0	25	8	25	42	N
1	17	25	17	41	N
2	0	42	25	33	N
3	17	8	17	58	N
4	17	8	25	50	N
5	25	8	8	59	W
6	42	17	8	33	N
7	0	83	0	17	C
8	0	8	0	92	T
9	100	0	0	0	A
10	8	8	17	67	T
11	17	0	8	75	T
12	8	17	8	67	T
13	17	17	25	41	N
14	8	0	25	67	T
15	8	25	8	59	Y
XX
DE	T01479
0	25	17	25	33	N
1	50	8	25	17	N
2	33	25	25	17	N
3	25	8	8	59	W
4	75	17	8	0	A
5	83	0	0	17	A
6	100	0	0	0	A
7	0	84	8	8	C
8	33	0	0	67	T
9	83	0	0	17	A
10	50	0	33	17	R
11	50	8	17	25	N
12	33	25	17	25	N
13	17	25	41	17	N
14	42	25	8	25	N
XX
DE	T01480
0	50	0	0	50	W
1	33	17	0	50	W
2	50	0	17	33	W
3	50	0	33	17	R
4	0	0	33	67	T
5	100	0	0	0	A
6	100	0	0	0	A
7	100	0	0	0	A
8	0	50	33	17	S
9	66	0	17	17	A
10	50	17	0	33	W
11	83	0	0	17	A
12	67	0	0	33	A
XX
DE	T00117
0	7	3	90	0	G
1	12	2	85	1	G
2	0	1	98	1	G
3	1	1	97	1	G
4	0	0	2	98	T
5	0	91	5	4	C
6	90	2	8	0	A
7	11	60	8	21	Y
XX
DE	T00304
0	5	23	7	65	T
1	0	0	0	100	T
2	99	0	1	0	A
3	0	0	0	100	T
4	0	100	0	0	C
XX
DE	T00372
0	6	3	87	4	G
1	12	5	56	27	K
2	10	21	31	38	N
3	1	86	1	12	C
4	92	1	3	4	A
5	92	0	8	0	A
6	86	0	13	1	A
7	3	0	96	1	G
8	3	3	55	39	K
9	4	16	10	70	T
10	2	83	1	14	C
11	74	9	15	2	A
XX
DE	T00373
0	6	4	83	7	G
1	14	7	47	32	N
2	5	28	31	36	N
3	2	78	3	17	C
4	89	1	4	6	A
5	85	1	13	1	A
6	81	0	17	2	A
7	5	2	92	1	G
8	6	2	51	41	K
9	3	20	12	65	T
10	2	81	3	14	C
11	72	13	9	6	A
XX
DE	T00627
0	0	0	0	100	T
1	100	0	0	0	A
2	0	0	0	100	T
3	0	100	0	0	C
4	25	0	19	56	W
5	43	38	0	19	M
XX
DE	T01527
0	40	8	28	24	N
1	36	12	12	40	N
2	60	4	8	28	A
3	36	4	0	60	T
4	24	48	16	12	N
5	44	8	20	28	N
6	84	0	16	0	A
7	0	0	100	0	G
8	0	0	100	0	G
9	0	0	0	100	T
10	0	100	0	0	C
11	100	0	0	0	A
12	29	21	8	42	N
XX
DE	T01528
0	47	6	19	28	N
1	42	0	11	47	W
2	100	0	0	0	A
3	61	0	0	39	A
4	6	33	36	25	N
5	0	0	0	100	T
6	78	0	22	0	A
7	0	0	100	0	G
8	0	0	100	0	G
9	0	0	0	100	T
10	0	100	0	0	C
11	100	0	0	0	A
12	39	19	28	14	N
XX
DE	T00258
0	30	20	20	30	N
1	20	45	15	20	N
2	60	20	15	5	A
3	30	5	55	10	R
4	15	10	55	20	N
5	15	15	20	50	N
6	15	50	15	20	N
7	55	10	20	15	N
8	20	45	15	20	N
9	15	30	15	40	N
10	10	15	45	30	N
11	0	5	0	95	T
12	5	0	95	0	G
13	100	0	0	0	A
14	0	90	10	0	C
15	5	90	5	0	C
16	10	35	10	45	N
17	35	5	40	20	N
18	40	25	15	20	N
XX
DE	T00264
0	30	20	20	30	N
1	20	45	15	20	N
2	60	20	15	5	A
3	30	5	55	10	R
4	15	10	55	20	N
5	15	15	20	50	N
6	15	50	15	20	N
7	55	10	20	15	N
8	20	45	15	20	N
9	15	30	15	40	N
10	10	15	45	30	N
11	0	5	0	95	T
12	5	0	95	0	G
13	100	0	0	0	A
14	0	90	10	0	C
15	5	90	5	0	C
16	10	35	10	45	N
17	35	5	40	20	N
18	40	25	15	20	N
XX
DE	T00337
0	75	3	11	11	A
1	1	7	90	2	G
2	47	9	34	10	R
3	92	0	1	7	A
4	3	97	0	0	C
5	79	0	10	11	A
6	7	25	32	36	N
7	47	10	13	30	N
8	29	18	15	38	N
9	7	8	18	67	T
10	12	12	69	7	G
11	17	7	11	65	T
12	39	13	16	32	N
13	14	62	6	18	C
XX
DE	T01920
0	58	6	18	18	N
1	2	12	83	3	G
2	40	8	35	17	N
3	87	0	2	11	A
4	6	94	0	0	C
5	77	0	17	6	A
6	12	20	29	39	N
7	52	4	15	29	W
8	39	17	17	27	N
9	12	14	11	63	T
10	7	19	62	12	G
11	20	11	18	51	N
12	23	15	12	50	N
13	6	54	11	29	Y
14	11	50	6	33	Y
XX
DE	T00309
0	43	0	27	30	N
1	0	0	100	0	G
2	100	0	0	0	A
3	0	5	0	95	T
4	100	0	0	0	A
5	68	9	17	6	A
6	26	5	64	5	G
7	25	18	31	26	N
8	35	42	14	9	N
9	27	44	4	25	N
10	29	25	10	36	N
XX
DE	T00312
0	43	0	27	30	N
1	0	0	100	0	G
2	100	0	0	0	A
3	0	5	0	95	T
4	100	0	0	0	A
5	68	9	17	6	A
6	26	5	64	5	G
7	25	18	31	26	N
8	35	42	14	9	N
9	27	44	4	25	N
10	29	25	10	36	N
XX
DE	T00458
0	14	27	30	29	N
1	0	0	0	100	T
2	50	50	0	0	M
3	13	0	30	57	K
4	0	100	0	0	C
5	0	0	100	0	G
6	0	0	100	0	G
7	72	14	14	0	A
8	58	14	0	28	W
9	15	28	15	42	N
10	56	0	0	44	W
11	0	70	0	30	C
12	16	0	0	84	T
13	0	13	45	42	K
14	0	41	14	45	Y
15	41	14	30	15	N
16	27	43	30	0	N
17	15	0	0	85	T
18	0	100	0	0	C
19	0	100	0	0	C
20	0	14	86	0	G
21	30	15	28	27	N
XX
DE	T00886
0	18	41	41	0	S
1	46	18	12	24	N
2	18	24	29	29	N
3	0	0	6	94	T
4	41	6	53	0	R
5	94	0	6	0	A
6	0	0	100	0	G
7	0	0	100	0	G
8	0	0	0	100	T
9	0	100	0	0	C
10	100	0	0	0	A
11	12	70	0	18	C
12	12	18	58	12	N
13	12	47	41	0	S
14	18	35	18	29	N
15	35	29	18	18	N
XX
DE	T01352
0	14	72	14	0	C
1	57	14	0	29	W
2	57	0	43	0	R
3	72	14	14	0	A
4	57	0	14	29	W
5	14	72	14	0	C
6	0	29	0	71	T
7	86	0	14	0	A
8	0	0	100	0	G
9	0	0	100	0	G
10	14	29	14	43	N
11	14	86	0	0	C
12	100	0	0	0	A
13	71	0	0	29	A
14	100	0	0	0	A
15	0	0	100	0	G
16	0	0	71	29	G
17	0	0	0	100	T
18	0	86	14	0	C
19	86	0	0	14	A
XX
DE	T00244
0	46	6	6	42	W
1	5	3	5	87	T
2	7	0	93	0	G
3	0	98	0	2	C
4	2	0	98	0	G
5	0	2	15	83	T
6	31	0	69	0	G
7	0	0	100	0	G
8	0	0	100	0	G
9	13	76	0	11	C
10	0	0	100	0	G
11	0	0	42	58	K
XX
DE	T00455
0	46	6	6	42	W
1	5	3	5	87	T
2	7	0	93	0	G
3	0	98	0	2	C
4	2	0	98	0	G
5	0	2	15	83	T
6	31	0	69	0	G
7	0	0	100	0	G
8	0	0	100	0	G
9	13	76	0	11	C
10	0	0	100	0	G
11	0	0	42	58	K
XX
DE	T01679
0	40	40	20	0	M
1	40	40	0	20	M
2	0	80	20	0	C
3	20	20	40	20	N
4	0	0	100	0	G
5	0	100	0	0	C
6	0	100	0	0	C
7	100	0	0	0	A
8	60	0	40	0	A
9	0	0	100	0	G
10	40	60	0	0	C
11	20	20	60	0	G
12	20	20	40	20	N
13	40	40	0	20	M
14	20	40	40	0	S
15	20	40	0	40	Y
16	20	20	20	40	N
XX
DE	T01974
0	7	7	11	75	T
1	0	14	11	75	T
2	0	96	0	4	C
3	100	0	0	0	A
4	0	0	100	0	G
5	0	96	0	4	C
6	100	0	0	0	A
7	0	100	0	0	C
8	0	100	0	0	C
9	61	0	25	14	A
10	14	72	7	7	C
11	4	0	96	0	G
12	0	0	100	0	G
13	82	4	0	14	A
14	0	93	7	0	C
15	100	0	0	0	A
16	0	0	100	0	G
17	36	60	0	4	C
18	25	14	57	4	R
19	7	57	29	7	S
20	14	79	0	7	C
XX
DE	T01973
0	7	7	11	75	T
1	0	14	11	75	T
2	0	96	0	4	C
3	100	0	0	0	A
4	0	0	100	0	G
5	0	96	0	4	C
6	100	0	0	0	A
7	0	100	0	0	C
8	0	100	0	0	C
9	61	0	25	14	A
10	14	72	7	7	C
11	4	0	96	0	G
12	0	0	100	0	G
13	82	4	0	14	A
14	0	93	7	0	C
15	100	0	0	0	A
16	0	0	100	0	G
17	36	60	0	4	C
18	25	14	57	4	R
19	7	57	29	7	S
20	14	79	0	7	C
XX
DE	T02247
0	5	5	73	17	G
1	10	64	6	20	C
2	49	7	33	11	R
3	47	5	22	26	N
4	9	2	33	56	K
5	0	1	98	1	G
6	18	62	20	0	C
7	88	11	0	1	A
8	5	14	6	75	T
9	0	15	43	42	K
10	37	31	25	7	N
11	1	13	0	86	T
12	0	0	100	0	G
13	0	0	100	0	G
14	7	0	87	6	G
15	50	5	7	38	W
16	61	14	21	4	A
XX
DE	T00465
0	0	100	0	0	C
1	0	100	0	0	C
2	0	0	100	0	G
3	8	8	42	42	K
4	17	17	17	49	N
5	49	17	17	17	N
6	42	42	8	8	M
7	0	100	0	0	C
8	0	0	100	0	G
9	0	0	100	0	G
XX
DE	T01059
0	54	20	13	13	N
1	47	20	20	13	N
2	13	41	13	33	N
3	40	0	0	60	T
4	100	0	0	0	A
5	100	0	0	0	A
6	100	0	0	0	A
7	0	0	100	0	G
8	33	40	7	20	N
9	26	27	20	27	N
10	29	43	14	14	N
XX
DE	T02690
0	33	33	10	24	N
1	33	29	19	19	N
2	34	14	19	33	N
3	33	10	10	47	W
4	100	0	0	0	A
5	100	0	0	0	A
6	100	0	0	0	A
7	0	0	100	0	G
8	14	57	10	19	N
9	33	19	29	19	N
10	33	29	24	14	N
XX
DE	T02691
0	24	14	48	14	N
1	47	29	14	10	N
2	24	28	29	19	N
3	39	14	14	33	N
4	100	0	0	0	A
5	100	0	0	0	A
6	100	0	0	0	A
7	0	0	100	0	G
8	14	48	14	24	N
9	29	29	32	10	N
10	38	29	19	14	N
XX
DE	T04669
0	3	20	33	44	N
1	20	10	67	3	G
2	7	7	79	7	G
3	7	13	63	17	G
4	7	7	20	66	T
5	13	17	57	13	N
6	10	10	80	0	G
7	3	17	13	67	T
8	17	66	10	7	C
XX
DE	T04237
0	20	3	44	33	N
1	10	10	67	13	G
2	10	10	73	7	G
3	10	7	73	10	G
4	10	10	17	63	T
5	13	7	70	10	G
6	10	13	70	7	G
7	3	7	10	80	T
8	10	57	20	13	N
XX
DE	T04670
0	20	3	44	33	N
1	10	10	67	13	G
2	10	10	73	7	G
3	10	7	73	10	G
4	10	10	17	63	T
5	13	7	70	10	G
6	10	13	70	7	G
7	3	7	10	80	T
8	10	57	20	13	N
XX
DE	T04671
0	17	26	14	43	N
1	9	3	88	0	G
2	3	3	83	11	G
3	6	6	82	6	G
4	14	3	29	54	K
5	14	11	66	9	G
6	17	17	55	11	N
7	9	20	9	62	T
8	9	63	14	14	C
XX
DE	T00669
0	29	19	19	33	N
1	43	19	14	24	N
2	24	29	10	37	N
3	52	19	0	29	W
4	5	24	61	10	G
5	19	10	10	61	T
6	100	0	0	0	A
7	100	0	0	0	A
8	0	100	0	0	C
9	38	24	14	24	N
10	0	0	100	0	G
11	24	24	5	47	N
12	19	43	24	14	N
13	28	29	24	19	N
14	24	28	29	19	N
XX
DE	T02684
0	36	22	25	17	N
1	33	25	16	26	N
2	33	28	9	30	N
3	0	0	100	0	G
4	100	0	0	0	A
5	0	0	0	100	T
6	53	4	10	33	W
7	50	12	22	16	N
8	20	25	35	20	N
9	25	27	26	22	N
XX
DE	T02714
0	36	22	25	17	N
1	33	25	16	26	N
2	33	28	9	30	N
3	0	0	100	0	G
4	100	0	0	0	A
5	0	0	0	100	T
6	53	4	10	33	W
7	50	12	22	16	N
8	20	25	35	20	N
9	25	27	26	22	N
XX
DE	T02715
0	36	22	25	17	N
1	33	25	16	26	N
2	33	28	9	30	N
3	0	0	100	0	G
4	100	0	0	0	A
5	0	0	0	100	T
6	53	4	10	33	W
7	50	12	22	16	N
8	20	25	35	20	N
9	25	27	26	22	N
XX
DE	T04686
0	18	73	0	9	C
1	64	18	0	18	A
2	9	9	82	0	G
3	0	18	0	82	T
4	18	9	64	9	G
5	9	9	64	18	G
6	18	9	55	18	N
XX
DE	T04796
0	29	12	33	26	N
1	13	32	55	0	S
2	15	10	72	3	G
3	5	0	90	5	G
4	8	0	92	0	G
5	15	0	75	10	G
6	0	0	100	0	G
7	3	0	97	0	G
8	0	0	100	0	G
9	0	0	100	0	G
10	31	51	0	18	M
11	23	52	10	15	N
12	44	28	15	13	N
XX
DE	T04797
0	29	12	33	26	N
1	13	32	55	0	S
2	15	10	72	3	G
3	5	0	90	5	G
4	8	0	92	0	G
5	15	0	75	10	G
6	0	0	100	0	G
7	3	0	97	0	G
8	0	0	100	0	G
9	0	0	100	0	G
10	31	51	0	18	M
11	23	52	10	15	N
12	44	28	15	13	N
XX
DE	T02736
0	53	4	39	4	R
1	0	0	100	0	G
2	2	0	98	0	G
3	6	8	18	68	T
4	6	76	8	10	C
5	98	0	2	0	A
6	63	22	5	10	A
7	70	12	10	8	A
8	6	3	87	4	G
9	0	0	59	41	K
10	0	6	27	67	T
11	27	61	9	3	C
12	63	29	4	4	A
13	14	67	2	17	c
XX
DE	T02529
0	53	4	39	4	R
1	0	0	100	0	G
2	2	0	98	0	G
3	6	8	18	68	T
4	6	76	8	10	C
5	98	0	2	0	A
6	63	22	5	10	A
7	70	12	10	8	A
8	6	3	87	4	G
9	0	0	59	41	K
10	0	6	27	67	T
11	27	61	9	3	C
12	63	29	4	4	A
13	14	67	2	17	c
XX
DE	T04794
0	53	4	39	4	R
1	0	0	100	0	G
2	2	0	98	0	G
3	6	8	18	68	T
4	6	76	8	10	C
5	98	0	2	0	A
6	63	22	5	10	A
7	70	12	10	8	A
8	6	3	87	4	G
9	0	0	59	41	K
10	0	6	27	67	T
11	27	61	9	3	C
12	63	29	4	4	A
13	14	67	2	17	c
XX
DE	T03731
0	18	4	65	13	g
1	3	3	36	58	K
2	3	6	57	34	K
3	61	32	7	0	A
4	44	55	0	1	M
5	6	82	5	7	C
6	9	12	14	65	T
7	9	5	26	60	T
8	1	1	1	97	T
9	8	10	77	5	G
10	76	14	5	5	A
11	2	97	0	1	C
12	0	98	0	2	C
13	5	44	3	48	Y
XX
DE	T04780
0	53	4	39	4	R
1	0	0	100	0	G
2	2	0	98	0	G
3	6	8	18	68	T
4	6	76	8	10	C
5	98	0	2	0	A
6	63	22	5	10	A
7	70	12	10	8	A
8	6	3	87	4	G
9	0	0	59	41	K
10	0	6	27	67	T
11	27	61	9	3	C
12	63	29	4	4	A
13	14	67	2	17	c
XX
DE	T02772
0	24	40	22	14	N
1	5	14	19	62	T
2	8	75	14	3	C
3	83	3	11	3	A
4	94	0	3	3	A
5	3	0	97	0	G
6	0	3	35	62	T
7	0	0	0	100	T
8	0	100	0	0	C
9	100	0	0	0	A
10	97	3	0	0	A
11	0	0	92	8	G
12	3	3	46	48	K
13	3	3	5	89	T
14	0	95	0	5	C
15	91	3	3	3	A
16	24	38	16	22	N
17	16	38	19	27	N
XX
DE	T04401
0	24	40	22	14	N
1	5	14	19	62	T
2	8	75	14	3	C
3	83	3	11	3	A
4	94	0	3	3	A
5	3	0	97	0	G
6	0	3	35	62	T
7	0	0	0	100	T
8	0	100	0	0	C
9	100	0	0	0	A
10	97	3	0	0	A
11	0	0	92	8	G
12	3	3	46	48	K
13	3	3	5	89	T
14	0	95	0	5	C
15	91	3	3	3	A
16	24	38	16	22	N
17	16	38	19	27	N
XX
DE	T04400
0	24	40	22	14	N
1	5	14	19	62	T
2	8	75	14	3	C
3	83	3	11	3	A
4	94	0	3	3	A
5	3	0	97	0	G
6	0	3	35	62	T
7	0	0	0	100	T
8	0	100	0	0	C
9	100	0	0	0	A
10	97	3	0	0	A
11	0	0	92	8	G
12	3	3	46	48	K
13	3	3	5	89	T
14	0	95	0	5	C
15	91	3	3	3	A
16	24	38	16	22	N
17	16	38	19	27	N
XX
DE	T05040
0	17	17	36	30	N
1	42	19	25	14	N
2	73	27	0	0	A
3	95	0	5	0	A
4	0	100	0	0	C
5	100	0	0	0	A
6	0	0	2	98	T
7	0	98	2	0	C
8	0	0	0	100	T
9	0	0	100	0	G
10	0	3	74	23	G
11	61	29	10	0	A
XX
DE	T02421
0	43	10	40	7	R
1	3	3	84	10	G
2	18	6	52	24	N
3	7	35	30	28	N
4	4	77	6	13	C
5	89	1	4	6	A
6	79	3	15	3	A
7	84	1	12	3	A
8	6	6	87	1	G
9	9	3	49	39	K
10	4	33	16	47	N
11	6	74	7	13	C
12	63	10	15	12	A
XX
DE	T00789
0	0	8	6	86	T
1	18	6	32	44	N
2	99	0	1	0	A
3	44	41	4	11	M
4	2	12	0	86	T
5	4	10	4	82	T
6	8	10	6	76	T
XX
DE	T03227
0	0	100	0	0	C
1	0	0	100	0	G
2	0	0	100	0	G
3	13	36	13	38	N
4	0	41	17	42	Y
5	25	25	25	25	N
6	75	0	25	0	A
7	75	0	25	0	A
8	29	29	13	29	N
9	0	0	100	0	G
10	0	0	100	0	G
XX
DE	T03525
0	0	0	0	100	T
1	0	75	25	0	C
2	0	100	0	0	C
3	50	0	50	0	R
4	0	100	0	0	C
5	0	0	100	0	G
6	0	0	100	0	G
7	100	0	0	0	A
XX
DE	T00445
0	65	5	25	5	a
1	90	5	5	0	a
2	50	10	10	30	n
3	17	13	23	47	N
4	24	9	46	21	N
5	32	15	40	13	N
6	9	0	91	0	G
7	65	13	14	8	A
8	52	5	3	40	W
9	7	87	3	3	C
XX
DE	T00044
0	92	0	0	8	A
1	92	0	0	8	A
2	4	4	70	22	G
3	4	4	22	70	T
4	49	4	43	4	R
5	18	74	0	8	C
6	100	0	0	0	A
7	47	0	53	0	R
8	4	25	4	67	T
9	5	5	18	72	T
10	49	4	43	4	R
11	88	4	4	4	A
12	4	25	4	67	T
13	69	5	5	21	A
14	51	5	44	0	R
15	0	100	0	0	C
16	0	0	100	0	G
17	70	0	30	0	A
XX
DE	T02848
0	0	50	0	50	Y
1	0	0	100	0	G
2	0	0	100	0	G
3	25	25	25	25	N
4	25	25	25	25	N
5	25	25	25	25	N
6	25	25	25	25	N
7	25	25	25	25	N
8	25	25	25	25	N
9	25	25	25	25	N
10	25	25	25	25	N
11	25	25	25	25	N
12	25	25	25	25	N
13	0	100	0	0	C
14	0	100	0	0	C
15	0	0	100	0	G
XX
DE	T02411
0	0	0	100	0	G
1	100	0	0	0	A
2	0	0	0	100	T
3	100	0	0	0	A
4	100	0	0	0	A
5	0	0	100	0	G
6	25	25	25	25	N
7	25	25	25	25	N
8	25	25	25	25	N
9	25	25	25	25	N
10	25	25	25	25	N
11	25	25	25	25	N
12	25	25	25	25	N
13	25	25	25	25	N
14	25	25	25	25	N
15	25	25	25	25	N
16	25	25	25	25	N
17	25	25	25	25	N
18	25	25	25	25	N
19	25	25	25	25	N
20	25	25	25	25	N
21	0	0	100	0	G
22	100	0	0	0	A
23	0	0	0	100	T
24	100	0	0	0	A
25	100	0	0	0	A
26	0	0	100	0	G
XX
DE	T03293
0	100	0	0	0	a
1	66	17	17	0	a
2	0	100	0	0	C
3	0	0	100	0	G
4	0	98	2	0	C
5	98	2	0	0	A
6	61	13	13	13	A
7	25	0	0	75	T
8	0	0	0	100	T
9	0	0	0	100	T
10	0	0	0	100	T
11	0	75	25	0	C
XX
DE	T02817
0	0	0	100	0	G
1	100	0	0	0	A
2	0	0	0	100	T
3	100	0	0	0	A
4	100	0	0	0	A
5	0	0	100	0	G
XX
DE	T02818
0	0	100	0	0	C
1	0	0	0	100	T
2	50	0	0	50	W
3	100	0	0	0	A
4	0	0	0	100	T
5	0	100	0	0	C
XX
DE	T02827
0	0	0	100	0	G
1	100	0	0	0	A
2	0	0	0	100	T
3	100	0	0	0	A
4	100	0	0	0	A
5	0	0	100	0	G
XX
DE	T03472
0	0	0	0	100	T
1	0	100	0	0	C
2	0	100	0	0	C
3	50	0	50	0	R
4	25	25	25	25	N
5	0	50	0	50	Y
6	0	0	100	0	G
7	0	0	100	0	G
8	100	0	0	0	A
XX
DE	T03708
0	0	100	0	0	C
1	0	0	100	0	G
2	0	0	100	0	G
3	25	25	25	25	N
4	25	25	25	25	N
5	25	25	25	25	N
6	0	0	0	100	T
7	25	25	25	25	N
8	50	0	50	0	R
9	25	25	25	25	N
10	25	25	25	25	N
11	25	25	25	25	N
12	25	25	25	25	N
13	25	25	25	25	N
14	25	25	25	25	N
15	25	25	25	25	N
16	25	25	25	25	N
17	0	100	0	0	C
18	0	100	0	0	C
19	0	0	100	0	G
XX
DE	T03524
0	0	0	0	100	T
1	0	100	0	0	C
2	0	100	0	0	C
3	60	0	40	0	R
4	0	100	0	0	C
5	0	0	100	0	G
6	0	20	80	0	G
7	100	0	0	0	A
XX
DE	T03528
0	0	100	0	0	C
1	0	0	100	0	G
2	0	0	100	0	G
3	25	25	25	25	N
4	25	25	25	25	N
5	25	25	25	25	N
6	0	0	0	100	T
7	25	25	25	25	N
8	50	0	50	0	R
9	25	25	25	25	N
10	25	25	25	25	N
11	25	25	25	25	N
12	25	25	25	25	N
13	25	25	25	25	N
14	25	25	25	25	N
15	25	25	25	25	N
16	25	25	25	25	N
17	0	100	0	0	C
18	0	100	0	0	C
19	0	0	100	0	G
XX
DE	T01163
0	0	100	0	0	C
1	0	0	100	0	G
2	0	0	100	0	G
3	25	25	25	25	N
4	25	25	25	25	N
5	25	25	25	25	N
6	25	25	25	25	N
7	25	25	25	25	N
8	25	25	25	25	N
9	25	25	25	25	N
10	25	25	25	25	N
11	25	25	25	25	N
12	25	25	25	25	N
13	0	100	0	0	C
14	0	100	0	0	C
15	0	0	100	0	G
XX
DE	T03556
0	0	100	0	0	C
1	0	0	100	0	G
2	0	0	100	0	G
3	100	0	0	0	A
4	25	25	25	25	N
5	25	25	25	25	N
6	100	0	0	0	A
XX
DE	T03676
0	0	0	0	100	t
1	0	75	25	0	C
2	13	13	13	61	T
3	0	100	0	0	C
4	0	100	0	0	C
5	0	0	100	0	G
6	0	100	0	0	c
7	0	0	100	0	g
8	100	0	0	0	a
9	100	0	0	0	a
10	0	100	0	0	c
XX
DE	T00776
0	57	14	29	0	r
1	0	29	29	42	n
2	57	14	0	29	w
3	14	14	29	43	n
4	14	43	14	29	n
5	57	29	0	14	m
6	0	0	29	71	t
7	0	0	100	0	G
8	0	100	0	0	C
9	0	0	0	100	T
10	0	0	100	0	G
11	15	0	85	0	G
12	0	0	0	100	t
XX
DE	T03322
0	0	50	50	0	S
1	0	0	100	0	G
2	0	100	0	0	C
3	0	0	100	0	G
4	0	0	100	0	G
5	25	25	25	25	N
6	50	0	0	50	W
7	0	0	0	100	T
8	0	0	0	100	T
9	0	0	0	100	T
XX
DE	T01247
0	0	0	0	100	T
1	100	0	0	0	A
2	0	0	100	0	G
3	0	100	0	0	C
4	0	100	0	0	C
5	0	0	100	0	G
6	0	100	0	0	C
7	0	100	0	0	C
8	0	0	100	0	G
9	100	0	0	0	A
XX
DE	T00296
0	0	0	67	33	G
1	0	100	0	0	C
2	33	0	67	0	G
3	0	0	100	0	G
4	0	33	0	67	T
5	0	0	100	0	G
6	67	0	0	33	A
7	0	100	0	0	C
8	0	100	0	0	C
9	0	0	0	100	T
10	0	0	0	100	T
11	0	67	33	0	C
12	33	0	67	0	G
13	33	0	67	0	G
14	67	33	0	0	A
15	0	67	0	33	C
16	0	0	33	67	T
17	0	0	67	33	G
XX
DE	T02750
0	17	0	0	83	T
1	17	0	83	0	G
2	100	0	0	0	A
3	0	100	0	0	C
4	0	100	0	0	C
5	0	100	0	0	C
6	100	0	0	0	a
7	67	33	0	0	a
8	33	0	0	67	t
9	0	0	0	100	t
XX
DE	T00217
0	25	17	58	0	R
1	67	4	29	0	A
2	0	0	100	0	G
3	0	0	83	17	G
4	0	0	0	100	T
5	0	79	0	21	C
6	100	0	0	0	A
7	63	8	8	21	A
8	0	8	4	88	T
9	4	0	96	0	G
10	70	13	13	4	A
11	21	79	0	0	C
12	21	75	0	4	C
13	4	38	4	54	Y
14	4	75	4	17	C
XX
DE	T04108
0	0	0	0	100	T
1	100	0	0	0	A
2	100	0	0	0	A
3	0	0	0	100	T
4	0	0	0	100	T
5	0	0	100	0	G
6	100	0	0	0	A
7	0	100	0	0	C
8	0	0	0	100	T
9	0	100	0	0	C
10	100	0	0	0	A
11	100	0	0	0	A
12	0	0	0	100	T
13	0	0	0	100	T
14	100	0	0	0	A
XX
