DE	GABPA
0	0.7142	0.1429	0.1429	0.0000	A
1	0.1429	0.7142	0.1429	0.0000	C
2	0.1429	0.8571	0.0000	0.0000	C
3	0.0000	0.0000	0.9999	0.0000	G
4	0.0000	0.0000	0.9999	0.0000	G
5	0.9999	0.0000	0.0000	0.0000	A
6	0.9999	0.0000	0.0000	0.0000	A
7	0.0000	0.0000	0.9999	0.0000	G
8	0.4285	0.1429	0.1429	0.2857	N
9	0.0000	0.2857	0.5714	0.1429	S
XX
DE	ELK4
0	0.8000	0.0500	0.1000	0.0500	A
1	0.0000	1.0000	0.0000	0.0000	C
2	0.0000	1.0000	0.0000	0.0000	C
3	0.0000	0.0000	1.0000	0.0000	G
4	0.0000	0.0000	1.0000	0.0000	G
5	1.0000	0.0000	0.0000	0.0000	A
6	0.8000	0.0000	0.0000	0.2000	A
7	0.2000	0.0500	0.7500	0.0000	G
8	0.0500	0.3000	0.0000	0.6500	T
XX
DE	E74A
0	0.1177	0.7059	0.1177	0.0588	C
1	0.2941	0.7059	0.0000	0.0000	C
2	0.0000	0.0000	1.0000	0.0000	G
3	0.0000	0.0000	1.0000	0.0000	G
4	1.0000	0.0000	0.0000	0.0000	A
5	1.0000	0.0000	0.0000	0.0000	A
6	0.2941	0.0588	0.5882	0.0588	R
XX
DE	ELK1
0	0.2500	0.2500	0.3571	0.1429	N
1	0.3571	0.2143	0.2143	0.2143	N
2	0.3214	0.1429	0.3571	0.1786	N
3	0.1786	0.6786	0.0357	0.1071	C
4	0.0714	0.8571	0.0357	0.0357	C
5	0.0000	0.0000	0.8571	0.1429	G
6	0.0357	0.0000	0.9643	0.0000	G
7	0.9643	0.0000	0.0357	0.0000	A
8	0.7500	0.1786	0.0000	0.0714	A
9	0.4643	0.0000	0.5000	0.0357	R
XX
DE	SPIB
0	0.6326	0.0000	0.0000	0.3673	A
1	0.0816	0.2857	0.5918	0.0408	S
2	0.4898	0.3265	0.1429	0.0408	M
3	0.0408	0.0000	0.9592	0.0000	G
4	0.0204	0.0000	0.9592	0.0204	G
5	0.9796	0.0000	0.0000	0.0204	A
6	0.9592	0.0000	0.0000	0.0408	A
XX
DE	ELK4
0	0.8000	0.0500	0.1000	0.0500	A
1	0.0000	1.0000	0.0000	0.0000	C
2	0.0000	1.0000	0.0000	0.0000	C
3	0.0000	0.0000	1.0000	0.0000	G
4	0.0000	0.0000	1.0000	0.0000	G
5	1.0000	0.0000	0.0000	0.0000	A
6	0.8000	0.0000	0.0000	0.2000	A
7	0.2000	0.0500	0.7500	0.0000	G
8	0.0500	0.3000	0.0000	0.6500	T
XX
DE	GABPA
0	0.7142	0.1429	0.1429	0.0000	A
1	0.1429	0.7142	0.1429	0.0000	C
2	0.1429	0.8571	0.0000	0.0000	C
3	0.0000	0.0000	0.9999	0.0000	G
4	0.0000	0.0000	0.9999	0.0000	G
5	0.9999	0.0000	0.0000	0.0000	A
6	0.9999	0.0000	0.0000	0.0000	A
7	0.0000	0.0000	0.9999	0.0000	G
8	0.4285	0.1429	0.1429	0.2857	N
9	0.0000	0.2857	0.5714	0.1429	S
XX
DE	E74A
0	0.1177	0.7059	0.1177	0.0588	C
1	0.2941	0.7059	0.0000	0.0000	C
2	0.0000	0.0000	1.0000	0.0000	G
3	0.0000	0.0000	1.0000	0.0000	G
4	1.0000	0.0000	0.0000	0.0000	A
5	1.0000	0.0000	0.0000	0.0000	A
6	0.2941	0.0588	0.5882	0.0588	R
XX
DE	ELK1
0	0.2500	0.2500	0.3571	0.1429	N
1	0.3571	0.2143	0.2143	0.2143	N
2	0.3214	0.1429	0.3571	0.1786	N
3	0.1786	0.6786	0.0357	0.1071	C
4	0.0714	0.8571	0.0357	0.0357	C
5	0.0000	0.0000	0.8571	0.1429	G
6	0.0357	0.0000	0.9643	0.0000	G
7	0.9643	0.0000	0.0357	0.0000	A
8	0.7500	0.1786	0.0000	0.0714	A
9	0.4643	0.0000	0.5000	0.0357	R
XX
DE	SPI1
0	0.2456	0.3684	0.3333	0.0526	N
1	0.0702	0.0351	0.8421	0.0526	G
2	0.0526	0.0000	0.9123	0.0351	G
3	0.9824	0.0175	0.0000	0.0000	A
4	0.9824	0.0000	0.0000	0.0175	A
5	0.0526	0.3158	0.5965	0.0351	S
XX
DE	SPI1
0	0.2456	0.3684	0.3333	0.0526	N
1	0.0702	0.0351	0.8421	0.0526	G
2	0.0526	0.0000	0.9123	0.0351	G
3	0.9824	0.0175	0.0000	0.0000	A
4	0.9824	0.0000	0.0000	0.0175	A
5	0.0526	0.3158	0.5965	0.0351	S
XX
DE	E74A
0	0.1177	0.7059	0.1177	0.0588	C
1	0.2941	0.7059	0.0000	0.0000	C
2	0.0000	0.0000	1.0000	0.0000	G
3	0.0000	0.0000	1.0000	0.0000	G
4	1.0000	0.0000	0.0000	0.0000	A
5	1.0000	0.0000	0.0000	0.0000	A
6	0.2941	0.0588	0.5882	0.0588	R
XX
DE	ELK4
0	0.8000	0.0500	0.1000	0.0500	A
1	0.0000	1.0000	0.0000	0.0000	C
2	0.0000	1.0000	0.0000	0.0000	C
3	0.0000	0.0000	1.0000	0.0000	G
4	0.0000	0.0000	1.0000	0.0000	G
5	1.0000	0.0000	0.0000	0.0000	A
6	0.8000	0.0000	0.0000	0.2000	A
7	0.2000	0.0500	0.7500	0.0000	G
8	0.0500	0.3000	0.0000	0.6500	T
XX
DE	GABPA
0	0.7142	0.1429	0.1429	0.0000	A
1	0.1429	0.7142	0.1429	0.0000	C
2	0.1429	0.8571	0.0000	0.0000	C
3	0.0000	0.0000	0.9999	0.0000	G
4	0.0000	0.0000	0.9999	0.0000	G
5	0.9999	0.0000	0.0000	0.0000	A
6	0.9999	0.0000	0.0000	0.0000	A
7	0.0000	0.0000	0.9999	0.0000	G
8	0.4285	0.1429	0.1429	0.2857	N
9	0.0000	0.2857	0.5714	0.1429	S
XX
DE	SPIB
0	0.6326	0.0000	0.0000	0.3673	A
1	0.0816	0.2857	0.5918	0.0408	S
2	0.4898	0.3265	0.1429	0.0408	M
3	0.0408	0.0000	0.9592	0.0000	G
4	0.0204	0.0000	0.9592	0.0204	G
5	0.9796	0.0000	0.0000	0.0204	A
6	0.9592	0.0000	0.0000	0.0408	A
XX
DE	SPIB
0	0.6326	0.0000	0.0000	0.3673	A
1	0.0816	0.2857	0.5918	0.0408	S
2	0.4898	0.3265	0.1429	0.0408	M
3	0.0408	0.0000	0.9592	0.0000	G
4	0.0204	0.0000	0.9592	0.0204	G
5	0.9796	0.0000	0.0000	0.0204	A
6	0.9592	0.0000	0.0000	0.0408	A
XX
DE	GABPA
0	0.7142	0.1429	0.1429	0.0000	A
1	0.1429	0.7142	0.1429	0.0000	C
2	0.1429	0.8571	0.0000	0.0000	C
3	0.0000	0.0000	0.9999	0.0000	G
4	0.0000	0.0000	0.9999	0.0000	G
5	0.9999	0.0000	0.0000	0.0000	A
6	0.9999	0.0000	0.0000	0.0000	A
7	0.0000	0.0000	0.9999	0.0000	G
8	0.4285	0.1429	0.1429	0.2857	N
9	0.0000	0.2857	0.5714	0.1429	S
XX
DE	ELK4
0	0.8000	0.0500	0.1000	0.0500	A
1	0.0000	1.0000	0.0000	0.0000	C
2	0.0000	1.0000	0.0000	0.0000	C
3	0.0000	0.0000	1.0000	0.0000	G
4	0.0000	0.0000	1.0000	0.0000	G
5	1.0000	0.0000	0.0000	0.0000	A
6	0.8000	0.0000	0.0000	0.2000	A
7	0.2000	0.0500	0.7500	0.0000	G
8	0.0500	0.3000	0.0000	0.6500	T
XX
DE	E74A
0	0.1177	0.7059	0.1177	0.0588	C
1	0.2941	0.7059	0.0000	0.0000	C
2	0.0000	0.0000	1.0000	0.0000	G
3	0.0000	0.0000	1.0000	0.0000	G
4	1.0000	0.0000	0.0000	0.0000	A
5	1.0000	0.0000	0.0000	0.0000	A
6	0.2941	0.0588	0.5882	0.0588	R
XX
DE	TEAD
0	0.0833	0.5000	0.0833	0.3333	Y
1	0.7500	0.0000	0.2500	0.0000	A
2	0.0000	0.9999	0.0000	0.0000	C
3	0.9999	0.0000	0.0000	0.0000	A
4	0.0000	0.0000	0.0000	0.9999	T
5	0.0000	0.0000	0.0000	0.9999	T
6	0.0000	0.9999	0.0000	0.0000	C
7	0.0000	0.9166	0.0000	0.0833	C
8	0.4167	0.0000	0.0000	0.5833	W
9	0.0833	0.5833	0.3333	0.0000	S
10	0.1667	0.3333	0.2500	0.2500	N
11	0.0000	0.1667	0.6666	0.1667	G
XX
DE	c-ETS
0	0.1000	0.4000	0.1000	0.4000	N
1	0.4250	0.0000	0.0000	0.5750	W
2	0.0000	0.0250	0.0000	0.9750	T
3	0.0000	0.9750	0.0250	0.0000	C
4	0.0000	0.9750	0.0000	0.0250	C
5	0.1250	0.0750	0.4250	0.3750	N
XX
DE	SPI1
0	0.2456	0.3684	0.3333	0.0526	N
1	0.0702	0.0351	0.8421	0.0526	G
2	0.0526	0.0000	0.9123	0.0351	G
3	0.9824	0.0175	0.0000	0.0000	A
4	0.9824	0.0000	0.0000	0.0175	A
5	0.0526	0.3158	0.5965	0.0351	S
XX
DE	SPIB
0	0.6326	0.0000	0.0000	0.3673	A
1	0.0816	0.2857	0.5918	0.0408	S
2	0.4898	0.3265	0.1429	0.0408	M
3	0.0408	0.0000	0.9592	0.0000	G
4	0.0204	0.0000	0.9592	0.0204	G
5	0.9796	0.0000	0.0000	0.0204	A
6	0.9592	0.0000	0.0000	0.0408	A
XX
DE	E74A
0	0.1177	0.7059	0.1177	0.0588	C
1	0.2941	0.7059	0.0000	0.0000	C
2	0.0000	0.0000	1.0000	0.0000	G
3	0.0000	0.0000	1.0000	0.0000	G
4	1.0000	0.0000	0.0000	0.0000	A
5	1.0000	0.0000	0.0000	0.0000	A
6	0.2941	0.0588	0.5882	0.0588	R
XX
DE	ELK4
0	0.8000	0.0500	0.1000	0.0500	A
1	0.0000	1.0000	0.0000	0.0000	C
2	0.0000	1.0000	0.0000	0.0000	C
3	0.0000	0.0000	1.0000	0.0000	G
4	0.0000	0.0000	1.0000	0.0000	G
5	1.0000	0.0000	0.0000	0.0000	A
6	0.8000	0.0000	0.0000	0.2000	A
7	0.2000	0.0500	0.7500	0.0000	G
8	0.0500	0.3000	0.0000	0.6500	T
XX
DE	E74A
0	0.1177	0.7059	0.1177	0.0588	C
1	0.2941	0.7059	0.0000	0.0000	C
2	0.0000	0.0000	1.0000	0.0000	G
3	0.0000	0.0000	1.0000	0.0000	G
4	1.0000	0.0000	0.0000	0.0000	A
5	1.0000	0.0000	0.0000	0.0000	A
6	0.2941	0.0588	0.5882	0.0588	R
XX
DE	ELK4
0	0.8000	0.0500	0.1000	0.0500	A
1	0.0000	1.0000	0.0000	0.0000	C
2	0.0000	1.0000	0.0000	0.0000	C
3	0.0000	0.0000	1.0000	0.0000	G
4	0.0000	0.0000	1.0000	0.0000	G
5	1.0000	0.0000	0.0000	0.0000	A
6	0.8000	0.0000	0.0000	0.2000	A
7	0.2000	0.0500	0.7500	0.0000	G
8	0.0500	0.3000	0.0000	0.6500	T
XX
DE	GABPA
0	0.7142	0.1429	0.1429	0.0000	A
1	0.1429	0.7142	0.1429	0.0000	C
2	0.1429	0.8571	0.0000	0.0000	C
3	0.0000	0.0000	0.9999	0.0000	G
4	0.0000	0.0000	0.9999	0.0000	G
5	0.9999	0.0000	0.0000	0.0000	A
6	0.9999	0.0000	0.0000	0.0000	A
7	0.0000	0.0000	0.9999	0.0000	G
8	0.4285	0.1429	0.1429	0.2857	N
9	0.0000	0.2857	0.5714	0.1429	S
XX
DE	ELK1
0	0.2500	0.2500	0.3571	0.1429	N
1	0.3571	0.2143	0.2143	0.2143	N
2	0.3214	0.1429	0.3571	0.1786	N
3	0.1786	0.6786	0.0357	0.1071	C
4	0.0714	0.8571	0.0357	0.0357	C
5	0.0000	0.0000	0.8571	0.1429	G
6	0.0357	0.0000	0.9643	0.0000	G
7	0.9643	0.0000	0.0357	0.0000	A
8	0.7500	0.1786	0.0000	0.0714	A
9	0.4643	0.0000	0.5000	0.0357	R
XX
DE	SPI1
0	0.2456	0.3684	0.3333	0.0526	N
1	0.0702	0.0351	0.8421	0.0526	G
2	0.0526	0.0000	0.9123	0.0351	G
3	0.9824	0.0175	0.0000	0.0000	A
4	0.9824	0.0000	0.0000	0.0175	A
5	0.0526	0.3158	0.5965	0.0351	S
XX
DE	E74A
0	0.1177	0.7059	0.1177	0.0588	C
1	0.2941	0.7059	0.0000	0.0000	C
2	0.0000	0.0000	1.0000	0.0000	G
3	0.0000	0.0000	1.0000	0.0000	G
4	1.0000	0.0000	0.0000	0.0000	A
5	1.0000	0.0000	0.0000	0.0000	A
6	0.2941	0.0588	0.5882	0.0588	R
XX
DE	ELK1
0	0.2500	0.2500	0.3571	0.1429	N
1	0.3571	0.2143	0.2143	0.2143	N
2	0.3214	0.1429	0.3571	0.1786	N
3	0.1786	0.6786	0.0357	0.1071	C
4	0.0714	0.8571	0.0357	0.0357	C
5	0.0000	0.0000	0.8571	0.1429	G
6	0.0357	0.0000	0.9643	0.0000	G
7	0.9643	0.0000	0.0357	0.0000	A
8	0.7500	0.1786	0.0000	0.0714	A
9	0.4643	0.0000	0.5000	0.0357	R
XX
DE	ELK4
0	0.8000	0.0500	0.1000	0.0500	A
1	0.0000	1.0000	0.0000	0.0000	C
2	0.0000	1.0000	0.0000	0.0000	C
3	0.0000	0.0000	1.0000	0.0000	G
4	0.0000	0.0000	1.0000	0.0000	G
5	1.0000	0.0000	0.0000	0.0000	A
6	0.8000	0.0000	0.0000	0.2000	A
7	0.2000	0.0500	0.7500	0.0000	G
8	0.0500	0.3000	0.0000	0.6500	T
XX
DE	GABPA
0	0.7142	0.1429	0.1429	0.0000	A
1	0.1429	0.7142	0.1429	0.0000	C
2	0.1429	0.8571	0.0000	0.0000	C
3	0.0000	0.0000	0.9999	0.0000	G
4	0.0000	0.0000	0.9999	0.0000	G
5	0.9999	0.0000	0.0000	0.0000	A
6	0.9999	0.0000	0.0000	0.0000	A
7	0.0000	0.0000	0.9999	0.0000	G
8	0.4285	0.1429	0.1429	0.2857	N
9	0.0000	0.2857	0.5714	0.1429	S
XX
DE	SPI1
0	0.2456	0.3684	0.3333	0.0526	N
1	0.0702	0.0351	0.8421	0.0526	G
2	0.0526	0.0000	0.9123	0.0351	G
3	0.9824	0.0175	0.0000	0.0000	A
4	0.9824	0.0000	0.0000	0.0175	A
5	0.0526	0.3158	0.5965	0.0351	S
XX
