DE	T09177
0	33	10	53	4	R
1	40	14	30	16	N
2	0	99	1	0	C
3	100	0	0	0	A
4	4	8	77	11	G
5	9	19	67	5	G
6	1	0	3	96	T
7	0	0	100	0	G
XX
DE	T00207
0	0	100	0	0	C
1	97	2	0	1	A
2	3	58	14	25	Y
3	7	85	6	2	C
4	0	0	0	100	T
5	0	0	100	0	G
XX
DE	T00036
0	0	84	16	0	C
1	81	12	0	7	A
2	0	4	96	0	G
3	4	92	4	0	C
4	0	0	5	95	T
5	0	5	95	0	G
XX
DE	T08878
0	35	2	49	14	r
1	39	5	8	48	W
2	5	46	0	49	Y
3	0	22	47	31	N
4	100	0	0	0	A
5	0	84	0	16	C
6	23	0	77	0	G
7	0	0	0	100	T
8	10	13	77	0	G
9	23	0	72	5	G
10	69	8	5	18	a
XX
DE	T01430
0	13	15	3	69	t
1	5	0	92	3	g
2	31	52	4	13	M
3	3	3	0	94	T
4	4	10	82	4	G
5	83	10	5	2	A
6	8	83	0	9	C
7	14	11	8	67	T
8	13	68	13	6	C
9	60	13	9	18	N
10	11	4	75	10	G
11	9	67	15	9	C
XX
DE	T00893
0	25	33	21	21	N
1	8	46	13	33	N
2	25	0	62	13	G
3	83	0	17	0	A
4	0	0	0	100	T
5	0	0	100	0	G
6	100	0	0	0	A
7	0	100	0	0	C
8	0	0	100	0	G
9	0	0	0	100	T
10	0	100	0	0	C
11	100	0	0	0	A
12	0	8	4	88	T
13	21	33	17	29	N
14	13	53	17	17	N
15	21	41	0	38	N
XX
DE	T01440
0	17	10	69	4	G
1	13	73	4	10	C
2	8	0	12	80	T
3	2	4	92	2	G
4	88	0	4	8	A
5	2	17	73	8	G
6	2	2	15	81	T
7	0	84	8	8	C
8	94	6	0	0	A
XX
DE	T10187
0	17	10	69	4	G
1	13	73	4	10	C
2	8	0	12	80	T
3	2	4	92	2	G
4	88	0	4	8	A
5	2	17	73	8	G
6	2	2	15	81	T
7	0	84	8	8	C
8	94	6	0	0	A
XX
DE	T00321
0	15	6	3	76	t
1	9	10	74	7	G
2	78	22	0	0	A
3	11	5	84	0	G
4	0	3	0	97	T
5	4	78	18	0	C
6	96	4	0	0	a
XX
DE	T00989
0	0	0	1	99	T
1	0	1	96	3	G
2	100	0	0	0	A
3	0	93	2	5	C
4	3	1	95	1	G
5	7	24	3	66	t
XX
DE	T00164
0	0	0	1	99	T
1	0	1	96	3	G
2	100	0	0	0	A
3	0	93	2	5	C
4	3	1	95	1	G
5	7	24	3	66	t
XX
DE	T00163
0	67	2	25	6	a
1	1	96	1	2	C
2	5	2	93	0	G
3	0	0	0	100	T
4	3	96	1	0	C
5	99	1	0	0	A
XX
DE	T00166
0	66	3	24	7	a
1	1	96	2	1	C
2	6	2	91	1	G
3	0	1	0	99	T
4	4	95	1	0	C
5	99	1	0	0	A
6	17	35	20	28	n
7	5	65	16	14	c
XX
DE	T00165
0	67	3	23	7	a
1	1	95	2	2	C
2	7	2	90	1	G
3	0	1	0	99	T
4	4	95	1	0	C
5	99	1	0	0	A
6	17	33	22	28	n
7	7	63	16	14	c
XX
DE	T01311
0	9	9	16	66	t
1	36	16	19	29	N
2	3	7	32	58	K
3	49	4	44	3	R
4	2	97	1	0	C
5	0	2	98	0	G
6	0	0	0	100	T
7	7	93	0	0	C
8	100	0	0	0	A
9	26	36	6	32	n
10	0	83	7	10	c
11	19	62	16	3	c
XX
DE	T00167
0	1	0	2	97	T
1	10	1	72	17	G
2	99	0	1	0	A
3	1	92	1	6	C
4	2	1	96	1	G
5	2	9	1	88	t
6	43	49	3	5	m
7	80	2	10	8	a
XX
DE	T08461
0	8	6	19	67	T
1	20	6	56	18	N
2	63	12	10	15	A
3	7	13	76	4	G
4	0	0	0	100	T
5	3	96	0	1	C
6	100	0	0	0	A
XX
DE	T08466
0	8	6	19	67	T
1	20	6	56	18	N
2	63	12	10	15	A
3	7	13	76	4	G
4	0	0	0	100	T
5	3	96	0	1	C
6	100	0	0	0	A
XX
DE	T08587
0	8	6	19	67	T
1	20	6	56	18	N
2	63	12	10	15	A
3	7	13	76	4	G
4	0	0	0	100	T
5	3	96	0	1	C
6	100	0	0	0	A
XX
DE	T09588
0	26	39	13	22	N
1	39	13	48	0	R
2	4	0	0	96	T
3	0	0	9	91	T
4	100	0	0	0	A
5	0	35	0	65	T
6	4	0	96	0	G
7	0	0	0	100	T
8	100	0	0	0	A
9	100	0	0	0	A
10	0	48	17	35	Y
11	30	17	36	17	N
XX
DE	T09018
0	1	95	3	1	C
1	89	1	5	5	A
2	2	68	19	11	C
3	5	7	86	2	G
4	2	5	3	90	T
5	1	0	99	0	G
XX
DE	T00690
0	43	57	0	0	M
1	97	0	3	0	A
2	0	100	0	0	C
3	0	0	100	0	G
4	0	0	0	100	T
5	0	0	100	0	G
XX
DE	T01448
0	74	1	23	2	a
1	29	58	7	6	M
2	0	100	0	0	C
3	97	2	0	1	A
4	2	27	5	66	T
5	6	82	11	1	C
6	0	0	0	100	T
7	0	1	98	1	G
8	14	8	23	55	N
9	9	27	7	57	Y
XX
DE	T00790
0	63	1	17	19	a
1	24	67	5	4	C
2	0	99	1	0	C
3	98	1	0	1	A
4	1	25	22	52	N
5	12	78	9	1	C
6	0	0	0	100	T
7	0	1	98	1	G
8	14	19	27	40	N
9	5	33	6	56	Y
XX
DE	T00345
0	20	30	35	15	N
1	26	31	26	17	N
2	12	16	56	16	N
3	19	15	58	8	N
4	0	96	0	4	C
5	80	12	0	8	A
6	0	100	0	0	C
7	3	0	94	3	G
8	0	83	7	10	C
9	0	12	71	17	G
10	36	41	18	5	N
11	5	61	24	10	C
12	47	21	11	21	N
13	15	15	31	39	N
XX
DE	T09059
0	1	98	1	0	C
1	100	0	0	0	A
2	1	13	78	8	G
3	37	12	48	3	R
4	1	0	2	97	T
5	0	0	100	0	G
XX
DE	T00459
0	0	1	2	97	T
1	1	0	6	93	T
2	22	3	55	20	N
3	2	95	3	0	C
4	39	24	17	20	N
5	27	39	4	30	N
6	64	27	5	4	A
7	82	4	5	9	A
XX
DE	T00017
0	0	1	2	97	T
1	1	0	6	93	T
2	22	3	55	20	N
3	2	95	3	0	C
4	39	24	17	20	N
5	27	39	4	30	N
6	64	27	5	4	A
7	82	4	5	9	A
XX
DE	T01388
0	7	17	70	6	G
1	8	72	3	17	C
2	94	4	0	2	A
3	90	6	2	2	A
4	22	18	10	50	N
XX
DE	T00104
0	3	2	1	94	T
1	3	2	4	91	T
2	27	3	56	14	R
3	5	81	10	4	C
4	40	31	16	13	N
5	33	25	9	33	N
6	54	30	6	10	M
7	68	10	10	12	A
XX
DE	T00108
0	4	11	81	4	G
1	10	68	2	20	C
2	95	4	0	1	A
3	93	4	2	1	A
4	15	17	15	53	N
XX
DE	T08465
0	3	2	1	94	T
1	3	2	4	91	T
2	27	3	56	14	R
3	5	81	10	4	C
4	40	31	16	13	N
5	33	25	9	33	N
6	54	30	6	10	M
7	68	10	10	12	A
XX
DE	T09178
0	7	17	70	6	G
1	8	72	3	17	C
2	94	4	0	2	A
3	90	6	2	2	A
4	22	18	10	50	N
XX
DE	T00140
0	1	97	1	1	C
1	89	1	9	1	A
2	1	86	8	5	C
3	13	2	84	1	G
4	4	6	1	89	T
5	0	0	99	1	G
XX
DE	T00141
0	2	97	1	0	C
1	90	0	7	3	A
2	1	73	8	18	C
3	4	3	92	1	G
4	2	11	1	86	T
5	0	0	100	0	G
XX
DE	T00489
0	1	97	1	1	C
1	89	1	9	1	A
2	1	86	8	5	C
3	13	2	84	1	G
4	4	6	1	89	T
5	0	0	99	1	G
XX
DE	T08279
0	1	97	1	1	C
1	94	3	2	1	A
2	2	73	14	11	C
3	11	6	79	4	G
4	3	3	10	84	T
5	0	3	96	1	G
XX
DE	T09188
0	1	97	1	1	C
1	94	3	2	1	A
2	2	73	14	11	C
3	11	6	79	4	G
4	3	3	10	84	T
5	0	3	96	1	G
XX
DE	T09328
0	1	97	1	1	C
1	94	3	2	1	A
2	2	73	14	11	C
3	11	6	79	4	G
4	3	3	10	84	T
5	0	3	96	1	G
XX
DE	T00019
0	0	100	0	0	C
1	100	0	0	0	A
2	0	100	0	0	C
3	1	0	99	0	G
4	1	91	0	8	C
5	42	13	31	14	N
6	79	15	3	3	a
XX
DE	T09051
0	0	100	0	0	C
1	100	0	0	0	A
2	0	100	0	0	C
3	1	0	99	0	G
4	1	91	0	8	C
5	42	13	31	14	N
6	79	15	3	3	a
XX
DE	T00125
0	8	5	23	64	T
1	17	8	54	21	N
2	63	14	8	15	A
3	6	14	78	2	G
4	0	0	0	100	T
5	2	97	0	1	C
6	100	0	0	0	A
XX
DE	T02205
0	35	12	47	6	R
1	18	29	53	0	S
2	0	0	0	100	T
3	0	0	100	0	G
4	100	0	0	0	A
5	0	94	0	6	C
6	18	12	18	52	N
7	24	40	12	24	N
8	53	35	6	6	M
9	24	18	40	18	N
10	35	18	6	41	N
XX
DE	T08493
0	8	6	19	67	T
1	20	6	56	18	N
2	63	12	10	15	A
3	7	13	76	4	G
4	0	0	0	100	T
5	3	96	0	1	C
6	100	0	0	0	A
XX
DE	T08776
0	8	6	19	67	T
1	20	6	56	18	N
2	63	12	10	15	A
3	7	13	76	4	G
4	0	0	0	100	T
5	3	96	0	1	C
6	100	0	0	0	A
XX
DE	T01976
0	35	12	47	6	R
1	18	29	53	0	S
2	0	0	0	100	T
3	0	0	100	0	G
4	100	0	0	0	A
5	0	94	0	6	C
6	18	12	18	52	N
7	24	40	12	24	N
8	53	35	6	6	M
9	24	18	40	18	N
10	35	18	6	41	N
XX
DE	T02830
0	35	12	47	6	R
1	18	29	53	0	S
2	0	0	0	100	T
3	0	0	100	0	G
4	100	0	0	0	A
5	0	94	0	6	C
6	18	12	18	52	N
7	24	40	12	24	N
8	53	35	6	6	M
9	24	18	40	18	N
10	35	18	6	41	N
XX
DE	T02056
0	0	29	57	14	s
1	16	18	4	62	T
2	7	6	43	44	K
3	76	3	17	4	A
4	0	100	0	0	C
5	7	0	92	1	G
6	0	1	0	99	T
7	0	100	0	0	C
8	99	1	0	0	A
9	12	49	25	14	N
10	0	42	29	29	n
XX
DE	T09197
0	31	9	55	5	R
1	36	17	32	15	N
2	0	99	1	0	C
3	100	0	0	0	A
4	5	10	76	9	G
5	11	18	65	6	G
6	1	0	4	95	T
7	0	0	100	0	G
XX
DE	T08314
0	18	25	57	0	s
1	15	37	10	38	n
2	2	94	4	0	C
3	71	14	11	4	A
4	5	82	5	8	C
5	11	22	65	2	G
6	1	1	4	94	T
7	1	1	96	2	G
XX
DE	T00028
0	0	0	0	100	T
1	0	0	68	32	G
2	100	0	0	0	A
3	0	90	8	2	C
4	21	0	0	79	T
5	64	36	0	0	A
6	100	0	0	0	A
XX
DE	T01556
0	65	10	24	1	A
1	1	7	0	92	T
2	0	100	0	0	C
3	100	0	0	0	A
4	0	91	7	2	C
5	8	65	27	0	C
6	0	67	0	33	C
7	0	52	36	12	S
8	93	4	1	2	A
9	3	71	8	18	c
XX
DE	T01569
0	31	3	56	10	R
1	12	10	6	72	T
2	2	95	2	1	C
3	28	0	0	72	T
4	1	12	82	5	G
5	1	11	85	3	G
XX
DE	T00881
0	22	11	61	6	G
1	0	0	0	100	T
2	0	0	0	100	T
3	83	6	11	0	A
4	0	77	6	17	C
5	44	0	56	0	R
6	0	0	0	100	T
7	64	36	0	0	A
8	91	0	0	9	A
9	9	9	27	55	K
XX
DE	T08992
0	0	100	0	0	C
1	100	0	0	0	A
2	0	100	0	0	C
3	1	0	99	0	G
4	1	89	0	10	C
5	43	14	33	10	N
6	72	20	4	4	a
XX
DE	T01346
0	0	100	0	0	C
1	100	0	0	0	A
2	0	100	0	0	C
3	1	0	99	0	G
4	1	52	0	47	Y
5	27	7	57	9	R
6	63	21	6	10	a
XX
DE	T01798
0	0	100	0	0	C
1	100	0	0	0	A
2	0	100	0	0	C
3	1	0	99	0	G
4	1	52	0	47	Y
5	27	7	57	9	R
6	63	21	6	10	a
XX
DE	T10458
0	0	100	0	0	C
1	100	0	0	0	A
2	0	100	0	0	C
3	1	0	99	0	G
4	1	52	0	47	Y
5	27	7	57	9	R
6	63	21	6	10	a
XX
DE	T00299
0	36	18	31	15	N
1	28	18	36	18	N
2	46	8	38	8	R
3	0	3	0	97	T
4	0	0	97	3	G
5	10	85	0	5	C
6	97	3	0	0	A
7	92	5	3	0	A
8	0	15	0	85	T
9	36	43	13	8	N
10	10	59	23	8	S
11	0	67	15	18	C
12	3	69	10	18	C
XX
DE	T09569
0	33	0	67	0	G
1	0	0	0	100	T
2	6	0	0	94	T
3	77	6	17	0	A
4	0	77	6	17	C
5	39	0	61	0	G
6	6	39	0	55	Y
7	66	28	6	0	A
8	94	0	0	6	A
9	11	17	6	66	T
XX
DE	T02248
0	30	30	30	10	N
1	60	0	10	30	A
2	40	10	0	50	W
3	0	100	0	0	C
4	0	0	100	0	G
5	0	100	0	0	C
6	0	0	100	0	G
7	40	20	0	40	W
8	30	40	30	0	N
9	40	40	0	20	M
XX
DE	T01599
0	68	9	15	8	A
1	0	0	0	100	T
2	2	4	93	1	G
3	93	5	1	1	A
4	4	81	7	8	C
5	18	4	11	67	t
6	10	72	8	10	c
7	71	11	4	14	a
8	13	4	72	11	g
9	4	78	9	9	c
10	73	9	11	7	a
XX
DE	T09243
0	0	0	0	100	T
1	2	8	90	0	G
2	86	10	2	2	A
3	8	83	7	2	C
4	18	4	11	67	T
5	10	72	8	10	C
6	69	12	4	15	A
7	13	4	72	11	G
8	4	76	10	10	C
9	71	10	11	8	A
10	44	14	21	21	n
11	21	7	14	58	n
12	29	0	7	64	t
13	36	36	21	7	n
14	21	21	7	51	n
15	8	15	62	15	g
XX
DE	T00080
0	0	100	0	0	C
1	100	0	0	0	A
2	0	71	0	29	C
3	1	0	99	0	G
4	0	0	0	100	T
5	0	0	100	0	G
6	100	0	0	0	A
7	2	51	0	47	Y
XX
DE	T01567
0	21	15	59	5	R
1	13	42	20	25	N
2	1	96	2	1	C
3	85	1	11	3	A
4	2	50	19	29	N
5	6	7	85	2	G
6	5	28	3	64	T
7	1	0	99	0	G
XX
DE	T02789
0	0	0	44	56	k
1	0	0	100	0	g
2	6	94	0	0	c
3	0	100	0	0	c
4	100	0	0	0	A
5	0	100	0	0	C
6	0	0	100	0	G
7	0	0	0	100	T
8	0	100	0	0	C
9	100	0	0	0	A
10	0	14	44	42	K
11	0	97	3	0	C
12	70	12	6	12	a
13	6	53	6	35	y
14	12	58	24	6	s
15	0	100	0	0	c
XX
DE	T02790
0	0	0	97	3	G
1	0	5	46	49	K
2	50	50	0	0	M
3	0	100	0	0	C
4	100	0	0	0	A
5	0	100	0	0	C
6	0	0	100	0	G
7	0	0	0	100	T
8	0	100	0	0	C
9	100	0	0	0	A
10	0	48	0	52	Y
11	0	97	0	3	C
XX
DE	T02669
0	4	0	79	17	G
1	26	70	4	0	C
2	0	100	0	0	C
3	100	0	0	0	A
4	0	96	4	0	C
5	0	4	96	0	G
6	0	0	0	100	T
7	4	21	71	4	G
8	26	0	39	35	N
9	26	39	26	9	N
XX
DE	T04819
0	4	0	79	17	G
1	26	70	4	0	C
2	0	100	0	0	C
3	100	0	0	0	A
4	0	96	4	0	C
5	0	4	96	0	G
6	0	0	0	100	T
7	4	21	71	4	G
8	26	0	39	35	N
9	26	39	26	9	N
XX
DE	T01098
0	15	0	40	45	k
1	9	87	4	0	C
2	0	97	3	0	C
3	100	0	0	0	A
4	0	99	1	0	C
5	3	1	96	0	G
6	0	0	0	100	T
7	9	25	62	4	G
8	30	0	13	57	W
XX
DE	T00937
0	14	18	61	7	G
1	14	23	4	59	Y
2	0	33	64	3	G
3	93	0	7	0	A
4	0	100	0	0	C
5	0	0	100	0	G
6	0	7	0	93	T
7	15	13	72	0	G
8	25	0	50	25	N
9	8	73	19	0	C
XX
DE	T09450
0	7	0	53	40	K
1	47	53	0	0	M
2	0	100	0	0	C
3	100	0	0	0	A
4	0	100	0	0	C
5	0	0	100	0	G
6	0	0	0	100	T
7	0	0	100	0	G
8	0	0	53	47	K
9	47	53	0	0	M
XX
DE	T01090
0	0	74	26	0	C
1	97	3	0	0	A
2	3	97	0	0	C
3	0	3	97	0	G
4	0	0	3	97	T
5	6	24	61	9	G
XX
DE	T09444
0	27	34	0	39	N
1	0	58	42	0	S
2	100	0	0	0	A
3	0	100	0	0	C
4	0	0	100	0	G
5	0	0	0	100	T
6	0	42	58	0	S
7	40	0	33	27	N
XX
DE	T09449
0	27	36	0	37	N
1	0	64	29	7	C
2	100	0	0	0	A
3	0	100	0	0	C
4	0	0	100	0	G
5	0	0	0	100	T
6	7	29	64	0	G
7	36	0	37	27	N
XX
DE	T00830
0	19	13	68	0	G
1	19	25	0	56	Y
2	0	45	50	5	S
3	100	0	0	0	A
4	0	100	0	0	C
5	0	0	100	0	G
6	0	0	0	100	T
7	5	45	50	0	S
8	44	0	31	25	N
9	0	68	13	19	C
XX
DE	T09478
0	50	0	50	0	r
1	100	0	0	0	a
2	13	25	37	25	n
3	49	13	0	38	w
4	13	38	36	13	n
5	13	25	37	25	n
6	0	0	0	100	t
7	49	13	13	25	n
8	25	0	38	37	n
9	21	35	26	18	N
10	29	15	18	38	N
11	10	34	26	30	N
12	80	0	13	7	A
13	19	68	0	13	C
14	7	0	93	0	G
15	0	0	0	100	T
16	6	59	25	10	S
17	57	6	11	26	W
18	12	21	22	45	N
19	13	62	0	25	c
20	49	25	13	13	n
21	62	25	0	13	a
XX
DE	T03583
0	54	7	35	4	R
1	4	2	0	94	T
2	2	2	5	91	T
3	86	0	14	0	A
4	0	98	0	2	C
5	2	0	98	0	G
6	0	26	0	74	T
7	95	5	0	0	A
8	100	0	0	0	A
9	4	48	9	39	Y
XX
DE	T03820
0	0	49	12	39	y
1	2	18	54	26	n
2	6	20	37	37	n
3	5	37	20	38	N
4	5	34	32	29	N
5	7	21	42	30	N
6	9	15	52	24	N
7	8	8	79	5	G
8	7	71	0	22	C
9	0	75	22	3	C
10	100	0	0	0	A
11	0	100	0	0	C
12	0	0	99	1	G
13	0	1	0	99	T
14	1	5	94	0	G
15	5	0	53	42	K
16	9	73	5	13	C
17	28	59	13	0	M
XX
DE	T04001
0	45	22	11	22	N
1	37	21	21	21	N
2	31	25	13	31	N
3	17	44	11	28	N
4	0	4	96	0	G
5	0	23	0	77	T
6	96	0	4	0	A
7	100	0	0	0	A
8	0	0	0	100	T
9	0	0	100	0	G
10	100	0	0	0	A
11	0	0	0	100	T
12	0	0	12	88	T
13	65	0	35	0	A
14	0	96	4	0	C
15	29	6	24	41	N
16	17	50	0	33	Y
17	0	30	40	30	N
18	0	62	38	0	C
XX
DE	T09089
0	2	73	4	21	C
1	0	100	0	0	C
2	100	0	0	0	A
3	0	100	0	0	C
4	0	0	100	0	G
5	0	0	0	100	T
6	0	0	100	0	G
7	0	18	60	22	G
XX
DE	T01078
0	0	0	43	57	k
1	0	0	87	13	g
2	11	83	0	6	C
3	0	89	11	0	C
4	100	0	0	0	A
5	0	100	0	0	C
6	0	0	100	0	G
7	0	0	0	100	T
8	0	6	94	0	G
9	6	0	83	11	G
10	38	62	0	0	c
11	71	29	0	0	a
XX
DE	T02463
0	0	0	29	71	T
1	0	0	62	38	G
2	22	67	0	11	C
3	0	89	11	0	C
4	100	0	0	0	A
5	0	100	0	0	C
6	0	0	100	0	G
7	0	0	0	100	T
8	0	22	78	0	G
9	11	0	67	22	G
10	13	87	0	0	C
11	57	43	0	0	M
XX
DE	T02672
0	0	0	29	71	T
1	0	0	62	38	G
2	22	67	0	11	C
3	0	89	11	0	C
4	100	0	0	0	A
5	0	100	0	0	C
6	0	0	100	0	G
7	0	0	0	100	T
8	0	22	78	0	G
9	11	0	67	22	G
10	13	87	0	0	C
11	57	43	0	0	M
XX
DE	T02676
0	0	0	29	71	T
1	0	0	62	38	G
2	22	67	0	11	C
3	0	89	11	0	C
4	100	0	0	0	A
5	0	100	0	0	C
6	0	0	100	0	G
7	0	0	0	100	T
8	0	22	78	0	G
9	11	0	67	22	G
10	13	87	0	0	C
11	57	43	0	0	M
XX
DE	T02798
0	0	0	29	71	T
1	0	0	62	38	G
2	22	67	0	11	C
3	0	89	11	0	C
4	100	0	0	0	A
5	0	100	0	0	C
6	0	0	100	0	G
7	0	0	0	100	T
8	0	22	78	0	G
9	11	0	67	22	G
10	13	87	0	0	C
11	57	43	0	0	M
XX
DE	T02799
0	0	0	29	71	T
1	0	0	62	38	G
2	22	67	0	11	C
3	0	89	11	0	C
4	100	0	0	0	A
5	0	100	0	0	C
6	0	0	100	0	G
7	0	0	0	100	T
8	0	22	78	0	G
9	11	0	67	22	G
10	13	87	0	0	C
11	57	43	0	0	M
XX
DE	T01079
0	0	0	43	57	k
1	0	0	87	13	g
2	11	83	0	6	C
3	0	89	11	0	C
4	100	0	0	0	A
5	0	100	0	0	C
6	0	0	100	0	G
7	0	0	0	100	T
8	0	6	94	0	G
9	6	0	83	11	G
10	38	62	0	0	c
11	71	29	0	0	a
XX
DE	T02674
0	0	0	29	71	T
1	0	0	62	38	G
2	22	67	0	11	C
3	0	89	11	0	C
4	100	0	0	0	A
5	0	100	0	0	C
6	0	0	100	0	G
7	0	0	0	100	T
8	0	22	78	0	G
9	11	0	67	22	G
10	13	87	0	0	C
11	57	43	0	0	M
XX
DE	T02800
0	0	0	29	71	T
1	0	0	62	38	G
2	22	67	0	11	C
3	0	89	11	0	C
4	100	0	0	0	A
5	0	100	0	0	C
6	0	0	100	0	G
7	0	0	0	100	T
8	0	22	78	0	G
9	11	0	67	22	G
10	13	87	0	0	C
11	57	43	0	0	M
XX
DE	T01080
0	0	0	43	57	k
1	0	0	87	13	g
2	11	83	0	6	C
3	0	89	11	0	C
4	100	0	0	0	A
5	0	100	0	0	C
6	0	0	100	0	G
7	0	0	0	100	T
8	0	6	94	0	G
9	6	0	83	11	G
10	38	62	0	0	c
11	71	29	0	0	a
XX
DE	T02670
0	0	0	29	71	T
1	0	0	62	38	G
2	22	67	0	11	C
3	0	89	11	0	C
4	100	0	0	0	A
5	0	100	0	0	C
6	0	0	100	0	G
7	0	0	0	100	T
8	0	22	78	0	G
9	11	0	67	22	G
10	13	87	0	0	C
11	57	43	0	0	M
XX
DE	T02671
0	0	0	29	71	T
1	0	0	62	38	G
2	22	67	0	11	C
3	0	89	11	0	C
4	100	0	0	0	A
5	0	100	0	0	C
6	0	0	100	0	G
7	0	0	0	100	T
8	0	22	78	0	G
9	11	0	67	22	G
10	13	87	0	0	C
11	57	43	0	0	M
XX
DE	T03824
0	15	24	35	26	N
1	6	26	42	26	N
2	0	16	66	18	G
3	16	10	62	12	G
4	47	33	0	20	N
5	0	78	20	2	C
6	96	0	4	0	A
7	2	98	0	0	C
8	0	0	100	0	G
9	0	0	0	100	T
10	0	0	100	0	G
11	0	0	88	12	G
12	4	96	0	0	C
13	38	36	17	9	N
14	17	51	23	9	N
15	23	21	47	9	N
16	47	24	22	7	N
XX
DE	T04668
0	29	0	42	29	N
1	17	33	29	21	N
2	36	30	15	19	N
3	0	13	87	0	G
4	0	7	93	0	G
5	39	7	37	17	N
6	0	13	87	0	G
7	0	17	83	0	G
8	7	10	66	17	G
9	33	10	0	57	W
10	44	10	13	33	N
11	20	17	20	43	N
12	21	4	50	25	N
13	14	27	41	18	N
14	18	41	32	9	N
XX
DE	T08994
0	78	0	22	0	A
1	1	99	0	0	C
2	0	0	100	0	G
3	0	0	0	100	T
4	0	0	100	0	G
5	18	60	16	6	N
XX
DE	T09623
0	9	56	4	31	Y
1	7	50	26	17	N
2	83	3	10	4	A
3	0	100	0	0	C
4	7	0	92	1	G
5	0	1	0	99	T
6	0	100	0	0	C
7	99	1	0	0	A
XX
DE	T10673
0	0	3	0	97	T
1	2	10	84	4	G
2	82	12	2	4	A
3	8	86	0	6	C
4	10	6	12	72	T
5	4	90	4	2	C
6	76	16	0	8	A
XX
DE	T04791
0	8	0	12	80	T
1	2	4	92	2	G
2	88	0	4	8	A
3	2	0	90	8	G
4	2	2	10	86	T
5	0	90	8	2	C
6	100	0	0	0	A
7	14	10	18	58	N
XX
DE	T10676
0	8	0	12	80	T
1	2	4	92	2	G
2	88	0	4	8	A
3	2	0	90	8	G
4	2	2	10	86	T
5	0	90	8	2	C
6	100	0	0	0	A
7	14	10	18	58	N
XX
DE	T04066
0	9	91	0	0	c
1	99	1	0	0	A
2	99	1	0	0	A
3	2	0	0	98	T
4	45	24	19	12	N
5	99	0	0	1	A
6	2	0	0	98	T
7	3	0	10	87	T
8	5	7	86	2	G
XX
DE	T04821
0	17	17	49	17	N
1	0	17	50	33	K
2	83	17	0	0	A
3	0	100	0	0	C
4	0	0	100	0	G
5	0	50	0	50	Y
6	0	0	100	0	G
7	0	17	17	66	T
8	0	33	67	0	G
9	0	20	60	20	G
10	0	100	0	0	C
XX
DE	T01313
0	1	0	1	98	T
1	0	0	97	3	G
2	96	3	1	0	A
3	1	86	4	9	C
4	8	2	89	1	G
5	4	10	3	83	t
6	17	65	11	7	c
7	66	4	11	19	a
XX
DE	T04850
0	0	57	43	0	s
1	14	14	72	0	g
2	37	25	25	13	n
3	19	11	4	66	T
4	7	11	65	17	G
5	83	3	10	4	A
6	0	93	0	7	C
7	11	5	83	1	G
8	0	1	5	94	T
9	5	95	0	0	C
10	99	1	0	0	A
11	5	36	38	21	N
12	42	29	29	0	n
XX
DE	T09531
0	1	0	1	98	T
1	0	0	95	5	G
2	94	0	6	0	A
3	1	92	1	6	C
4	4	2	83	11	G
5	4	39	3	54	y
6	44	43	6	7	m
7	61	4	26	9	a
XX
DE	T04854
0	0	60	20	20	n
1	42	29	29	0	n
2	9	26	4	61	T
3	7	6	43	44	K
4	54	3	39	4	R
5	15	85	0	0	C
6	7	0	92	1	G
7	0	8	0	92	T
8	7	93	0	0	C
9	99	1	0	0	A
10	5	35	31	29	N
11	0	33	67	0	g
XX
DE	T02052
0	0	60	20	20	n
1	42	29	29	0	n
2	9	26	4	61	T
3	7	6	43	44	K
4	54	3	39	4	R
5	15	85	0	0	C
6	7	0	92	1	G
7	0	8	0	92	T
8	7	93	0	0	C
9	99	1	0	0	A
10	5	35	31	29	N
11	0	33	67	0	g
XX
DE	T00291
0	8	6	15	71	T
1	20	5	58	17	N
2	65	11	10	14	A
3	7	16	72	5	G
4	0	1	0	99	T
5	4	94	1	1	C
6	99	1	0	0	A
XX
DE	T08533
0	8	6	15	71	T
1	20	5	58	17	N
2	65	11	10	14	A
3	7	16	72	5	G
4	0	1	0	99	T
5	4	94	1	1	C
6	99	1	0	0	A
XX
DE	T08537
0	13	32	40	15	N
1	29	26	28	17	N
2	41	6	34	19	N
3	9	4	11	76	T
4	9	4	70	17	G
5	76	9	4	11	A
6	6	28	62	4	G
7	0	0	0	100	T
8	4	94	0	2	C
9	100	0	0	0	A
10	4	17	51	28	N
11	21	51	11	17	N
12	32	26	23	19	N
XX
DE	T08989
0	8	6	15	71	T
1	20	5	58	17	N
2	65	11	10	14	A
3	7	16	72	5	G
4	0	1	0	99	T
5	4	94	1	1	C
6	99	1	0	0	A
XX
DE	T08491
0	8	6	15	71	T
1	20	5	58	17	N
2	65	11	10	14	A
3	7	16	72	5	G
4	0	1	0	99	T
5	4	94	1	1	C
6	99	1	0	0	A
XX
DE	T08590
0	8	6	15	71	T
1	20	5	58	17	N
2	65	11	10	14	A
3	7	16	72	5	G
4	0	1	0	99	T
5	4	94	1	1	C
6	99	1	0	0	A
XX
DE	T02196
0	8	5	15	72	T
1	16	4	61	19	G
2	69	10	8	13	A
3	9	20	66	5	G
4	0	1	0	99	T
5	4	93	1	2	C
6	99	1	0	0	A
XX
DE	T08536
0	8	6	15	71	T
1	20	5	58	17	N
2	65	11	10	14	A
3	7	16	72	5	G
4	0	1	0	99	T
5	4	94	1	1	C
6	99	1	0	0	A
XX
DE	T05026
0	42	29	24	5	N
1	25	8	25	42	N
2	36	16	8	40	N
3	46	15	8	31	N
4	54	0	8	38	W
5	50	4	19	27	N
6	26	19	19	36	N
7	15	7	59	19	N
8	48	41	7	4	M
9	7	90	0	3	C
10	87	0	13	0	A
11	0	100	0	0	C
12	0	0	100	0	G
13	0	0	0	100	T
14	12	72	0	16	C
15	80	4	4	12	A
16	0	21	26	53	N
17	11	50	6	33	Y
18	29	12	24	35	N
19	24	29	0	47	N
20	41	6	6	47	W
21	25	31	25	19	N
22	36	7	21	36	N
23	15	23	39	23	N
XX
DE	T03427
0	1	96	2	1	C
1	99	1	0	0	A
2	2	69	19	10	C
3	3	7	88	2	G
4	2	1	3	94	T
5	1	0	99	0	G
XX
DE	T03428
0	1	96	2	1	C
1	99	1	0	0	A
2	2	69	19	10	C
3	3	7	88	2	G
4	2	1	3	94	T
5	1	0	99	0	G
XX
DE	T03430
0	1	96	2	1	C
1	99	1	0	0	A
2	2	69	19	10	C
3	3	7	88	2	G
4	2	1	3	94	T
5	1	0	99	0	G
XX
DE	T03432
0	1	96	2	1	C
1	99	1	0	0	A
2	2	69	19	10	C
3	3	7	88	2	G
4	2	1	3	94	T
5	1	0	99	0	G
XX
DE	T03433
0	1	96	2	1	C
1	99	1	0	0	A
2	2	69	19	10	C
3	3	7	88	2	G
4	2	1	3	94	T
5	1	0	99	0	G
XX
DE	T03450
0	1	96	2	1	C
1	99	1	0	0	A
2	2	69	19	10	C
3	3	7	88	2	G
4	2	1	3	94	T
5	1	0	99	0	G
XX
DE	T03454
0	1	96	2	1	C
1	99	1	0	0	A
2	2	69	19	10	C
3	3	7	88	2	G
4	2	1	3	94	T
5	1	0	99	0	G
XX
DE	T03455
0	1	96	2	1	C
1	99	1	0	0	A
2	2	69	19	10	C
3	3	7	88	2	G
4	2	1	3	94	T
5	1	0	99	0	G
XX
DE	T03462
0	1	96	2	1	C
1	99	1	0	0	A
2	2	69	19	10	C
3	3	7	88	2	G
4	2	1	3	94	T
5	1	0	99	0	G
XX
DE	T03466
0	1	96	2	1	C
1	99	1	0	0	A
2	2	69	19	10	C
3	3	7	88	2	G
4	2	1	3	94	T
5	1	0	99	0	G
XX
DE	T03532
0	1	96	2	1	C
1	99	1	0	0	A
2	2	69	19	10	C
3	3	7	88	2	G
4	2	1	3	94	T
5	1	0	99	0	G
XX
DE	T00523
0	3	94	0	3	C
1	97	3	0	0	A
2	3	92	5	0	C
3	0	0	100	0	G
4	3	0	0	97	T
5	0	0	100	0	G
XX
DE	T03552
0	1	96	2	1	C
1	99	1	0	0	A
2	2	69	19	10	C
3	3	7	88	2	G
4	2	1	3	94	T
5	1	0	99	0	G
XX
DE	T03570
0	1	96	2	1	C
1	99	1	0	0	A
2	2	69	19	10	C
3	3	7	88	2	G
4	2	1	3	94	T
5	1	0	99	0	G
XX
DE	T03596
0	1	96	2	1	C
1	99	1	0	0	A
2	2	69	19	10	C
3	3	7	88	2	G
4	2	1	3	94	T
5	1	0	99	0	G
XX
DE	T00109
0	0	1	0	99	T
1	1	1	8	90	T
2	24	4	49	23	N
3	0	100	0	0	C
4	34	25	22	19	N
5	21	30	11	38	N
6	52	34	5	9	M
7	71	10	8	11	A
XX
DE	T00216
0	0	10	0	90	T
1	1	0	16	83	T
2	27	4	34	35	N
3	9	91	0	0	C
4	54	21	7	18	N
5	32	28	20	20	N
6	73	17	5	5	A
7	71	3	13	13	A
XX
DE	T02028
0	43	0	14	43	w
1	14	14	0	72	t
2	15	10	11	64	T
3	0	23	8	69	T
4	9	1	5	85	T
5	13	7	57	23	K
6	36	49	0	15	M
7	51	35	4	10	M
8	56	11	20	13	N
9	27	14	5	54	W
XX
DE	T00183
0	100	0	0	0	A
1	0	0	87	13	G
2	0	100	0	0	C
3	73	0	0	27	A
4	46	27	0	27	N
5	60	13	0	27	A
6	27	53	0	20	N
XX
DE	T10331
0	0	100	0	0	C
1	14	0	86	0	G
2	0	100	0	0	C
3	57	0	29	14	R
4	0	0	0	100	T
5	0	0	100	0	G
6	0	100	0	0	C
7	0	0	100	0	G
8	0	100	0	0	C
9	57	0	43	0	R
XX
DE	T02999
0	0	71	29	0	C
1	100	0	0	0	A
2	0	100	0	0	C
3	0	0	100	0	G
4	0	0	0	100	T
XX
DE	T02807
0	83	17	0	0	A
1	0	100	0	0	C
2	17	0	83	0	G
3	0	33	0	67	T
4	0	17	83	0	G
5	0	0	33	67	T
6	0	100	0	0	C
7	33	0	67	0	G
8	17	66	0	17	C
9	0	50	33	17	S
10	67	33	0	0	A
11	17	17	33	33	N
12	33	17	0	50	W
13	0	67	33	0	C
XX
DE	T02786
0	17	39	0	44	Y
1	0	56	33	11	S
2	100	0	0	0	A
3	0	100	0	0	C
4	0	0	100	0	G
5	0	0	0	100	T
6	33	17	50	0	R
XX
DE	T01072
0	80	0	0	20	A
1	0	0	0	100	T
2	20	0	80	0	G
3	0	20	20	60	T
4	20	0	0	80	T
5	40	20	0	40	W
6	80	0	0	20	A
7	20	40	0	40	Y
8	80	0	20	0	A
9	0	20	0	80	T
10	100	0	0	0	A
11	100	0	0	0	A
XX
DE	T04876
0	80	0	0	20	A
1	0	0	0	100	T
2	20	0	80	0	G
3	0	20	20	60	T
4	20	0	0	80	T
5	40	20	0	40	W
6	80	0	0	20	A
7	20	40	0	40	Y
8	80	0	20	0	A
9	0	20	0	80	T
10	100	0	0	0	A
11	100	0	0	0	A
XX
DE	T09069
0	1	4	5	90	T
1	0	7	93	0	G
2	99	0	1	0	A
3	5	88	1	6	C
4	4	2	93	1	G
5	20	10	3	67	t
6	22	65	6	7	c
7	70	4	11	15	a
XX
DE	T00204
0	1	98	1	0	C
1	100	0	0	0	A
2	3	7	79	11	G
3	20	17	59	4	N
4	1	0	3	96	T
5	0	0	100	0	G
XX
DE	T00675
0	31	12	52	5	R
1	34	16	38	12	N
2	0	99	1	0	C
3	100	0	0	0	A
4	3	8	80	9	G
5	10	16	70	4	G
6	1	0	4	95	T
7	0	0	100	0	G
XX
DE	T01786
0	31	12	52	5	R
1	34	16	38	12	N
2	0	99	1	0	C
3	100	0	0	0	A
4	3	8	80	9	G
5	10	16	70	4	G
6	1	0	4	95	T
7	0	0	100	0	G
XX
DE	T00938
0	25	13	13	49	N
1	0	0	38	62	T
2	13	62	0	25	C
3	13	13	36	38	N
4	0	25	75	0	G
5	25	37	0	38	N
6	0	62	0	38	C
7	87	0	13	0	A
8	0	100	0	0	C
9	0	0	100	0	G
10	0	13	0	87	T
11	0	100	0	0	C
12	100	0	0	0	A
13	0	50	25	25	N
XX
DE	T09514
0	30	9	58	3	R
1	20	46	18	16	N
2	1	98	1	0	C
3	87	0	0	13	A
4	1	14	77	8	G
5	8	44	45	3	S
6	1	0	2	97	T
7	0	0	100	0	G
XX
DE	T02809
0	0	20	80	0	G
1	20	80	0	0	C
2	0	100	0	0	C
3	100	0	0	0	A
4	0	100	0	0	C
5	0	60	40	0	C
6	0	0	0	100	T
7	0	100	0	0	C
8	100	0	0	0	A
XX
DE	T02810
0	0	20	80	0	G
1	20	80	0	0	C
2	0	100	0	0	C
3	100	0	0	0	A
4	0	100	0	0	C
5	0	60	40	0	C
6	0	0	0	100	T
7	0	100	0	0	C
8	100	0	0	0	A
XX
DE	T00923
0	27	18	0	55	W
1	27	37	18	18	N
2	64	27	9	0	A
3	9	55	18	18	N
4	18	27	18	37	N
5	28	27	27	18	N
6	0	0	0	100	T
7	0	0	64	36	G
8	55	0	45	0	R
9	0	100	0	0	C
10	45	0	0	55	W
11	0	100	0	0	C
12	100	0	0	0	A
XX
DE	T01531
0	32	9	56	3	R
1	28	19	37	16	N
2	1	98	1	0	C
3	100	0	0	0	A
4	1	14	73	12	G
5	8	25	61	6	G
6	1	0	2	97	T
7	0	0	100	0	G
XX
DE	T01532
0	0	100	0	0	C
1	95	4	0	1	A
2	7	63	23	7	C
3	11	78	8	3	C
4	0	0	0	100	T
5	0	1	99	0	G
6	12	38	19	31	N
7	5	53	9	33	Y
XX
DE	T01533
0	32	9	56	3	R
1	28	19	37	16	N
2	1	98	1	0	C
3	100	0	0	0	A
4	1	14	73	12	G
5	8	25	61	6	G
6	1	0	2	97	T
7	0	0	100	0	G
XX
DE	T03900
0	32	9	56	3	R
1	28	19	37	16	N
2	1	98	1	0	C
3	100	0	0	0	A
4	1	14	73	12	G
5	8	25	61	6	G
6	1	0	2	97	T
7	0	0	100	0	G
XX
DE	T03901
0	32	9	56	3	R
1	28	19	37	16	N
2	1	98	1	0	C
3	100	0	0	0	A
4	1	14	73	12	G
5	8	25	61	6	G
6	1	0	2	97	T
7	0	0	100	0	G
XX
DE	T08853
0	0	100	0	0	C
1	95	4	0	1	A
2	7	63	23	7	C
3	11	78	8	3	C
4	0	0	0	100	T
5	0	1	99	0	G
6	12	38	19	31	N
7	5	53	9	33	Y
XX
DE	T08313
0	0	98	2	0	C
1	76	10	12	2	A
2	1	88	6	5	C
3	14	30	53	3	S
4	1	1	5	93	T
5	1	1	95	3	G
XX
DE	T08315
0	0	98	2	0	C
1	76	10	12	2	A
2	1	88	6	5	C
3	14	30	53	3	S
4	1	1	5	93	T
5	1	1	95	3	G
XX
DE	T02039
0	0	60	34	6	s
1	91	0	9	0	a
2	0	77	0	23	c
3	0	0	100	0	G
4	0	61	22	17	C
5	0	21	4	75	T
6	35	0	61	4	G
7	0	6	53	41	k
XX
DE	T02359
0	27	19	28	26	N
1	35	16	26	23	N
2	33	21	29	17	N
3	21	14	8	57	N
4	9	10	27	54	K
5	26	10	22	42	N
6	19	8	40	33	N
7	0	0	100	0	G
8	17	45	13	25	N
9	85	9	2	4	A
10	97	1	2	0	A
11	30	22	19	29	N
XX
DE	T02025
0	27	19	28	26	N
1	35	16	26	23	N
2	33	21	29	17	N
3	21	14	8	57	N
4	9	10	27	54	K
5	26	10	22	42	N
6	19	8	40	33	N
7	0	0	100	0	G
8	17	45	13	25	N
9	85	9	2	4	A
10	97	1	2	0	A
11	30	22	19	29	N
XX
DE	T02026
0	27	19	28	26	N
1	35	16	26	23	N
2	33	21	29	17	N
3	21	14	8	57	N
4	9	10	27	54	K
5	26	10	22	42	N
6	19	8	40	33	N
7	0	0	100	0	G
8	17	45	13	25	N
9	85	9	2	4	A
10	97	1	2	0	A
11	30	22	19	29	N
XX
DE	T02027
0	15	13	6	66	T
1	8	8	26	58	K
2	28	10	31	31	N
3	20	10	33	37	N
4	0	0	99	1	G
5	19	47	8	26	N
6	86	10	1	3	A
7	97	1	2	0	A
XX
DE	T01420
0	15	13	6	66	T
1	8	8	26	58	K
2	28	10	31	31	N
3	20	10	33	37	N
4	0	0	99	1	G
5	19	47	8	26	N
6	86	10	1	3	A
7	97	1	2	0	A
XX
DE	T02360
0	27	19	28	26	N
1	35	16	26	23	N
2	33	21	29	17	N
3	21	14	8	57	N
4	9	10	27	54	K
5	26	10	22	42	N
6	19	8	40	33	N
7	0	0	100	0	G
8	17	45	13	25	N
9	85	9	2	4	A
10	97	1	2	0	A
11	30	22	19	29	N
XX
DE	T02105
0	15	13	6	66	T
1	8	8	26	58	K
2	28	10	31	31	N
3	20	10	33	37	N
4	0	0	99	1	G
5	19	47	8	26	N
6	86	10	1	3	A
7	97	1	2	0	A
XX
DE	T00171
0	15	13	6	66	T
1	8	8	26	58	K
2	28	10	31	31	N
3	20	10	33	37	N
4	0	0	99	1	G
5	19	47	8	26	N
6	86	10	1	3	A
7	97	1	2	0	A
XX
DE	T04556
0	30	30	40	0	N
1	20	30	30	20	N
2	18	27	37	18	N
3	46	27	27	0	N
4	0	18	0	82	T
5	0	100	0	0	C
6	100	0	0	0	A
7	0	82	18	0	C
8	18	73	9	0	C
9	0	100	0	0	C
10	0	55	9	36	Y
11	100	0	0	0	A
XX
DE	T04562
0	30	30	40	0	N
1	20	30	30	20	N
2	18	27	37	18	N
3	46	27	27	0	N
4	0	18	0	82	T
5	0	100	0	0	C
6	100	0	0	0	A
7	0	82	18	0	C
8	18	73	9	0	C
9	0	100	0	0	C
10	0	55	9	36	Y
11	100	0	0	0	A
XX
DE	T04563
0	30	30	40	0	N
1	20	30	30	20	N
2	18	27	37	18	N
3	46	27	27	0	N
4	0	18	0	82	T
5	0	100	0	0	C
6	100	0	0	0	A
7	0	82	18	0	C
8	18	73	9	0	C
9	0	100	0	0	C
10	0	55	9	36	Y
11	100	0	0	0	A
XX
DE	T04584
0	30	30	40	0	N
1	20	30	30	20	N
2	18	27	37	18	N
3	46	27	27	0	N
4	0	18	0	82	T
5	0	100	0	0	C
6	100	0	0	0	A
7	0	82	18	0	C
8	18	73	9	0	C
9	0	100	0	0	C
10	0	55	9	36	Y
11	100	0	0	0	A
XX
DE	T04564
0	30	30	40	0	N
1	20	30	30	20	N
2	18	27	37	18	N
3	46	27	27	0	N
4	0	18	0	82	T
5	0	100	0	0	C
6	100	0	0	0	A
7	0	82	18	0	C
8	18	73	9	0	C
9	0	100	0	0	C
10	0	55	9	36	Y
11	100	0	0	0	A
XX
DE	T04567
0	30	30	40	0	N
1	20	30	30	20	N
2	18	27	37	18	N
3	46	27	27	0	N
4	0	18	0	82	T
5	0	100	0	0	C
6	100	0	0	0	A
7	0	82	18	0	C
8	18	73	9	0	C
9	0	100	0	0	C
10	0	55	9	36	Y
11	100	0	0	0	A
XX
DE	T09098
0	30	30	40	0	N
1	20	30	30	20	N
2	18	27	37	18	N
3	46	27	27	0	N
4	0	18	0	82	T
5	0	100	0	0	C
6	100	0	0	0	A
7	0	82	18	0	C
8	18	73	9	0	C
9	0	100	0	0	C
10	0	55	9	36	Y
11	100	0	0	0	A
XX
DE	T02378
0	18	23	57	2	S
1	17	19	11	53	N
2	1	93	5	1	C
3	91	5	2	2	A
4	2	61	22	15	C
5	6	16	73	5	G
6	4	2	10	84	T
7	2	0	95	3	G
XX
DE	T00052
0	68	5	20	7	a
1	2	89	3	6	C
2	9	1	88	2	G
3	0	2	0	98	T
4	0	100	0	0	C
5	97	2	0	1	A
XX
DE	T09335
0	68	5	20	7	a
1	2	89	3	6	C
2	9	1	88	2	G
3	0	2	0	98	T
4	0	100	0	0	C
5	97	2	0	1	A
XX
DE	T01017
0	68	5	20	7	a
1	2	89	3	6	C
2	9	1	88	2	G
3	0	2	0	98	T
4	0	100	0	0	C
5	97	2	0	1	A
XX
DE	T02361
0	68	2	21	9	a
1	1	94	2	3	C
2	12	3	84	1	G
3	0	1	0	99	T
4	0	98	2	0	C
5	97	2	0	1	A
XX
DE	T01314
0	68	2	21	9	a
1	1	94	2	3	C
2	12	3	84	1	G
3	0	1	0	99	T
4	0	98	2	0	C
5	97	2	0	1	A
XX
DE	T01803
0	68	2	21	9	a
1	1	94	2	3	C
2	12	3	84	1	G
3	0	1	0	99	T
4	0	98	2	0	C
5	97	2	0	1	A
XX
DE	T01315
0	68	2	21	9	a
1	1	94	2	3	C
2	12	3	84	1	G
3	0	1	0	99	T
4	0	98	2	0	C
5	97	2	0	1	A
XX
DE	T01316
0	68	2	21	9	a
1	1	94	2	3	C
2	12	3	84	1	G
3	0	1	0	99	T
4	0	98	2	0	C
5	97	2	0	1	A
XX
DE	T01309
0	68	2	21	9	a
1	1	94	2	3	C
2	12	3	84	1	G
3	0	1	0	99	T
4	0	98	2	0	C
5	97	2	0	1	A
XX
DE	T01919
0	68	2	21	9	a
1	1	94	2	3	C
2	12	3	84	1	G
3	0	1	0	99	T
4	0	98	2	0	C
5	97	2	0	1	A
XX
DE	T02108
0	68	2	21	9	a
1	1	94	2	3	C
2	12	3	84	1	G
3	0	1	0	99	T
4	0	98	2	0	C
5	97	2	0	1	A
XX
DE	T02109
0	68	2	21	9	a
1	1	94	2	3	C
2	12	3	84	1	G
3	0	1	0	99	T
4	0	98	2	0	C
5	97	2	0	1	A
XX
DE	T01602
0	68	2	21	9	a
1	1	94	2	3	C
2	12	3	84	1	G
3	0	1	0	99	T
4	0	98	2	0	C
5	97	2	0	1	A
XX
DE	T00674
0	0	100	0	0	C
1	94	5	0	1	A
2	5	68	18	9	C
3	11	75	10	4	C
4	0	0	0	100	T
5	0	1	98	1	G
6	16	33	18	33	N
7	6	53	11	30	Y
8	11	30	29	30	n
9	7	58	15	20	n
XX
DE	T01788
0	0	100	0	0	C
1	94	5	0	1	A
2	5	68	18	9	C
3	11	75	10	4	C
4	0	0	0	100	T
5	0	1	98	1	G
6	16	33	18	33	N
7	6	53	11	30	Y
8	11	30	29	30	n
9	7	58	15	20	n
XX
DE	T00432
0	27	9	58	6	R
1	33	17	31	19	N
2	1	98	1	0	C
3	100	0	0	0	A
4	4	14	69	13	G
5	8	18	69	5	G
6	1	0	5	94	T
7	0	0	100	0	G
XX
DE	T09283
0	0	100	0	0	C
1	94	5	0	1	A
2	5	68	18	9	C
3	11	75	10	4	C
4	0	0	0	100	T
5	0	1	98	1	G
6	16	33	18	33	N
7	6	53	11	30	Y
8	11	30	29	30	n
9	7	58	15	20	n
XX
DE	T08621
0	4	0	0	96	T
1	100	0	0	0	A
2	100	0	0	0	A
3	0	0	0	100	T
4	28	0	56	16	R
5	100	0	0	0	A
6	0	0	0	100	T
7	12	4	12	72	T
8	24	20	56	0	R
XX
DE	T09645
0	0	0	0	100	T
1	2	8	90	0	G
2	86	10	2	2	A
3	18	80	0	2	C
4	18	4	0	78	T
5	7	77	9	7	C
6	65	17	0	18	A
7	15	4	63	18	G
8	4	70	20	6	C
9	59	15	13	13	A
XX
DE	T08535
0	8	6	16	70	T
1	23	5	55	17	N
2	61	12	12	15	A
3	8	12	74	6	G
4	0	1	0	99	T
5	4	94	1	1	C
6	99	1	0	0	A
XX
DE	T02198
0	41	22	27	10	N
1	0	0	1	99	T
2	1	1	95	3	G
3	99	0	1	0	A
4	5	72	12	11	C
5	15	12	11	62	T
6	20	54	4	22	N
7	70	18	5	7	A
8	30	18	27	25	N
XX
DE	T05984
0	41	22	27	10	N
1	0	0	1	99	T
2	1	1	95	3	G
3	99	0	1	0	A
4	5	72	12	11	C
5	15	12	11	62	T
6	20	54	4	22	N
7	70	18	5	7	A
8	30	18	27	25	N
XX
DE	T00484
0	26	13	56	5	R
1	30	18	28	24	N
2	1	96	2	1	C
3	99	1	0	0	A
4	2	21	65	12	G
5	12	16	68	4	G
6	2	1	3	94	T
7	1	0	99	0	G
XX
DE	T00485
0	26	13	56	5	R
1	30	18	28	24	N
2	1	96	2	1	C
3	99	1	0	0	A
4	2	21	65	12	G
5	12	16	68	4	G
6	2	1	3	94	T
7	1	0	99	0	G
XX
DE	T01537
0	26	13	56	5	R
1	30	18	28	24	N
2	1	96	2	1	C
3	99	1	0	0	A
4	2	21	65	12	G
5	12	16	68	4	G
6	2	1	3	94	T
7	1	0	99	0	G
XX
DE	T01538
0	26	13	56	5	R
1	30	18	28	24	N
2	1	96	2	1	C
3	99	1	0	0	A
4	2	21	65	12	G
5	12	16	68	4	G
6	2	1	3	94	T
7	1	0	99	0	G
XX
DE	T01539
0	26	13	56	5	R
1	30	18	28	24	N
2	1	96	2	1	C
3	99	1	0	0	A
4	2	21	65	12	G
5	12	16	68	4	G
6	2	1	3	94	T
7	1	0	99	0	G
XX
DE	T00949
0	26	13	56	5	R
1	30	18	28	24	N
2	1	96	2	1	C
3	99	1	0	0	A
4	2	21	65	12	G
5	12	16	68	4	G
6	2	1	3	94	T
7	1	0	99	0	G
XX
DE	T01534
0	26	13	56	5	R
1	30	18	28	24	N
2	1	96	2	1	C
3	99	1	0	0	A
4	2	21	65	12	G
5	12	16	68	4	G
6	2	1	3	94	T
7	1	0	99	0	G
XX
DE	T01535
0	26	13	56	5	R
1	30	18	28	24	N
2	1	96	2	1	C
3	99	1	0	0	A
4	2	21	65	12	G
5	12	16	68	4	G
6	2	1	3	94	T
7	1	0	99	0	G
XX
DE	T01536
0	26	13	56	5	R
1	30	18	28	24	N
2	1	96	2	1	C
3	99	1	0	0	A
4	2	21	65	12	G
5	12	16	68	4	G
6	2	1	3	94	T
7	1	0	99	0	G
XX
DE	T03903
0	26	13	56	5	R
1	30	18	28	24	N
2	1	96	2	1	C
3	99	1	0	0	A
4	2	21	65	12	G
5	12	16	68	4	G
6	2	1	3	94	T
7	1	0	99	0	G
XX
DE	T03905
0	26	13	56	5	R
1	30	18	28	24	N
2	1	96	2	1	C
3	99	1	0	0	A
4	2	21	65	12	G
5	12	16	68	4	G
6	2	1	3	94	T
7	1	0	99	0	G
XX
DE	T10006
0	26	13	56	5	R
1	30	18	28	24	N
2	1	96	2	1	C
3	99	1	0	0	A
4	2	21	65	12	G
5	12	16	68	4	G
6	2	1	3	94	T
7	1	0	99	0	G
XX
DE	T00522
0	26	13	56	5	R
1	30	18	28	24	N
2	1	96	2	1	C
3	99	1	0	0	A
4	2	21	65	12	G
5	12	16	68	4	G
6	2	1	3	94	T
7	1	0	99	0	G
XX
DE	T01551
0	26	13	56	5	R
1	30	18	28	24	N
2	1	96	2	1	C
3	99	1	0	0	A
4	2	21	65	12	G
5	12	16	68	4	G
6	2	1	3	94	T
7	1	0	99	0	G
XX
DE	T03907
0	26	13	56	5	R
1	30	18	28	24	N
2	1	96	2	1	C
3	99	1	0	0	A
4	2	21	65	12	G
5	12	16	68	4	G
6	2	1	3	94	T
7	1	0	99	0	G
XX
DE	T03912
0	26	13	56	5	R
1	30	18	28	24	N
2	1	96	2	1	C
3	99	1	0	0	A
4	2	21	65	12	G
5	12	16	68	4	G
6	2	1	3	94	T
7	1	0	99	0	G
XX
DE	T03911
0	26	13	56	5	R
1	30	18	28	24	N
2	1	96	2	1	C
3	99	1	0	0	A
4	2	21	65	12	G
5	12	16	68	4	G
6	2	1	3	94	T
7	1	0	99	0	G
XX
DE	T01796
0	13	21	26	40	N
1	43	0	57	0	R
2	2	98	0	0	C
3	0	0	100	0	G
4	0	0	0	100	T
5	0	0	100	0	G
6	28	46	11	15	N
7	11	23	53	13	N
8	19	28	36	17	N
XX
DE	T05059
0	13	21	26	40	N
1	43	0	57	0	R
2	2	98	0	0	C
3	0	0	100	0	G
4	0	0	0	100	T
5	0	0	100	0	G
6	28	46	11	15	N
7	11	23	53	13	N
8	19	28	36	17	N
XX
DE	T00053
0	28	20	42	10	N
1	0	0	2	98	T
2	0	0	100	0	G
3	98	0	2	0	A
4	2	85	0	13	C
5	0	0	100	0	G
6	7	20	5	68	T
7	33	42	12	13	N
8	52	8	22	18	N
XX
DE	T01431
0	12	10	10	68	T
1	8	12	76	4	G
2	12	73	4	11	C
3	12	3	14	71	T
4	5	6	85	4	G
5	81	0	7	12	A
6	5	31	47	17	N
7	10	5	32	53	K
8	6	60	17	17	C
9	63	7	16	14	A
XX
DE	T02201
0	15	15	19	51	N
1	12	19	61	8	G
2	15	58	8	19	N
3	15	0	23	62	T
4	4	8	84	4	G
5	77	0	8	15	A
6	4	0	81	15	G
7	4	4	19	73	T
8	0	81	15	4	C
9	100	0	0	0	A
10	23	8	31	38	N
XX
DE	T05753
0	15	15	19	51	N
1	12	19	61	8	G
2	15	58	8	19	N
3	15	0	23	62	T
4	4	8	84	4	G
5	77	0	8	15	A
6	4	0	81	15	G
7	4	4	19	73	T
8	0	81	15	4	C
9	100	0	0	0	A
10	23	8	31	38	N
XX
DE	T09212
0	15	15	19	51	N
1	12	19	61	8	G
2	15	58	8	19	N
3	15	0	23	62	T
4	4	8	84	4	G
5	77	0	8	15	A
6	4	0	81	15	G
7	4	4	19	73	T
8	0	81	15	4	C
9	100	0	0	0	A
10	23	8	31	38	N
XX
DE	T02202
0	15	15	19	51	N
1	12	19	61	8	G
2	15	58	8	19	N
3	15	0	23	62	T
4	4	8	84	4	G
5	77	0	8	15	A
6	4	0	81	15	G
7	4	4	19	73	T
8	0	81	15	4	C
9	100	0	0	0	A
10	23	8	31	38	N
XX
DE	T09239
0	15	15	19	51	N
1	12	19	61	8	G
2	15	58	8	19	N
3	15	0	23	62	T
4	4	8	84	4	G
5	77	0	8	15	A
6	4	0	81	15	G
7	4	4	19	73	T
8	0	81	15	4	C
9	100	0	0	0	A
10	23	8	31	38	N
XX
DE	T05747
0	15	15	19	51	N
1	12	19	61	8	G
2	15	58	8	19	N
3	15	0	23	62	T
4	4	8	84	4	G
5	77	0	8	15	A
6	4	0	81	15	G
7	4	4	19	73	T
8	0	81	15	4	C
9	100	0	0	0	A
10	23	8	31	38	N
XX
DE	T05751
0	15	15	19	51	N
1	12	19	61	8	G
2	15	58	8	19	N
3	15	0	23	62	T
4	4	8	84	4	G
5	77	0	8	15	A
6	4	0	81	15	G
7	4	4	19	73	T
8	0	81	15	4	C
9	100	0	0	0	A
10	23	8	31	38	N
XX
DE	T05752
0	15	15	19	51	N
1	12	19	61	8	G
2	15	58	8	19	N
3	15	0	23	62	T
4	4	8	84	4	G
5	77	0	8	15	A
6	4	0	81	15	G
7	4	4	19	73	T
8	0	81	15	4	C
9	100	0	0	0	A
10	23	8	31	38	N
XX
DE	T09572
0	15	15	19	51	N
1	12	19	61	8	G
2	15	58	8	19	N
3	15	0	23	62	T
4	4	8	84	4	G
5	77	0	8	15	A
6	4	0	81	15	G
7	4	4	19	73	T
8	0	81	15	4	C
9	100	0	0	0	A
10	23	8	31	38	N
XX
DE	T10145
0	15	15	19	51	N
1	12	19	61	8	G
2	15	58	8	19	N
3	15	0	23	62	T
4	4	8	84	4	G
5	77	0	8	15	A
6	4	0	81	15	G
7	4	4	19	73	T
8	0	81	15	4	C
9	100	0	0	0	A
10	23	8	31	38	N
XX
DE	T05675
0	15	15	19	51	N
1	12	19	61	8	G
2	15	58	8	19	N
3	15	0	23	62	T
4	4	8	84	4	G
5	77	0	8	15	A
6	4	0	81	15	G
7	4	4	19	73	T
8	0	81	15	4	C
9	100	0	0	0	A
10	23	8	31	38	N
XX
DE	T10674
0	15	15	19	51	N
1	12	19	61	8	G
2	15	58	8	19	N
3	15	0	23	62	T
4	4	8	84	4	G
5	77	0	8	15	A
6	4	0	81	15	G
7	4	4	19	73	T
8	0	81	15	4	C
9	100	0	0	0	A
10	23	8	31	38	N
XX
DE	T01442
0	12	19	61	8	g
1	15	58	8	19	n
2	15	0	23	62	t
3	4	8	84	4	g
4	77	0	8	15	a
5	11	3	78	8	G
6	2	2	10	86	T
7	2	86	8	4	C
8	100	0	0	0	A
9	12	9	19	60	T
XX
DE	T02327
0	10	6	17	67	T
1	1	98	1	0	C
2	100	0	0	0	A
3	1	74	19	6	C
4	10	4	72	14	G
5	1	0	2	97	T
6	0	0	100	0	G
XX
DE	T01799
0	42	6	50	2	R
1	23	19	29	29	N
2	1	96	2	1	C
3	99	1	0	0	A
4	2	21	67	10	G
5	23	26	49	2	N
6	2	1	3	94	T
7	1	0	99	0	G
8	10	9	74	7	G
9	50	25	0	25	n
XX
DE	T01800
0	42	6	50	2	R
1	23	19	29	29	N
2	1	96	2	1	C
3	99	1	0	0	A
4	2	21	67	10	G
5	23	26	49	2	N
6	2	1	3	94	T
7	1	0	99	0	G
8	10	9	74	7	G
9	50	25	0	25	n
XX
DE	T05851
0	13	9	19	59	N
1	1	96	2	1	C
2	99	1	0	0	A
3	2	59	29	10	C
4	13	7	58	22	K
5	2	1	3	94	T
6	1	0	99	0	G
7	20	19	54	7	N
8	20	20	60	0	n
9	0	40	40	20	n
XX
DE	T05838
0	13	9	19	59	N
1	1	96	2	1	C
2	99	1	0	0	A
3	2	59	29	10	C
4	13	7	58	22	K
5	2	1	3	94	T
6	1	0	99	0	G
7	20	19	54	7	N
8	20	20	60	0	n
9	0	40	40	20	n
XX
DE	T05839
0	13	9	19	59	N
1	1	96	2	1	C
2	99	1	0	0	A
3	2	59	29	10	C
4	13	7	58	22	K
5	2	1	3	94	T
6	1	0	99	0	G
7	20	19	54	7	N
8	20	20	60	0	n
9	0	40	40	20	n
XX
DE	T05845
0	13	9	19	59	N
1	1	96	2	1	C
2	99	1	0	0	A
3	2	59	29	10	C
4	13	7	58	22	K
5	2	1	3	94	T
6	1	0	99	0	G
7	20	19	54	7	N
8	20	20	60	0	n
9	0	40	40	20	n
XX
DE	T01649
0	49	13	25	13	N
1	37	25	25	13	N
2	13	38	49	0	S
3	0	37	38	25	N
4	13	87	0	0	C
5	0	0	38	62	T
6	0	49	13	38	Y
7	0	0	100	0	G
8	0	0	0	100	T
9	0	0	100	0	G
10	0	38	49	13	S
11	13	49	25	13	N
12	13	36	13	38	N
13	36	38	13	13	N
14	25	13	49	13	N
XX
DE	T04892
0	49	13	25	13	N
1	37	25	25	13	N
2	13	38	49	0	S
3	0	37	38	25	N
4	13	87	0	0	C
5	0	0	38	62	T
6	0	49	13	38	Y
7	0	0	100	0	G
8	0	0	0	100	T
9	0	0	100	0	G
10	0	38	49	13	S
11	13	49	25	13	N
12	13	36	13	38	N
13	36	38	13	13	N
14	25	13	49	13	N
XX
DE	T06080
0	21	11	11	57	N
1	0	100	0	0	C
2	100	0	0	0	A
3	4	21	4	71	T
4	0	4	96	0	G
5	0	0	0	100	T
6	0	0	100	0	G
7	36	25	25	14	N
XX
DE	T10289
0	21	11	11	57	N
1	0	100	0	0	C
2	100	0	0	0	A
3	4	21	4	71	T
4	0	4	96	0	G
5	0	0	0	100	T
6	0	0	100	0	G
7	36	25	25	14	N
XX
DE	T10291
0	24	12	60	4	r
1	23	15	15	47	N
2	1	96	2	1	C
3	99	1	0	0	A
4	4	31	21	44	N
5	3	9	86	2	G
6	2	1	3	94	T
7	1	0	99	0	G
XX
DE	T06082
0	21	11	11	57	N
1	0	100	0	0	C
2	100	0	0	0	A
3	4	21	4	71	T
4	0	4	96	0	G
5	0	0	0	100	T
6	0	0	100	0	G
7	36	25	25	14	N
XX
DE	T00812
0	24	12	60	4	r
1	23	15	15	47	N
2	1	96	2	1	C
3	99	1	0	0	A
4	4	31	21	44	N
5	3	9	86	2	G
6	2	1	3	94	T
7	1	0	99	0	G
XX
DE	T03537
0	13	50	18	19	N
1	0	99	0	1	C
2	89	6	1	4	A
3	3	79	13	5	C
4	19	37	41	3	N
5	0	0	1	99	T
6	1	3	94	2	G
7	39	18	18	25	N
8	4	60	12	24	Y
9	13	40	22	25	N
XX
DE	T03464
0	13	50	18	19	N
1	0	99	0	1	C
2	89	6	1	4	A
3	3	79	13	5	C
4	19	37	41	3	N
5	0	0	1	99	T
6	1	3	94	2	G
7	39	18	18	25	N
8	4	60	12	24	Y
9	13	40	22	25	N
XX
DE	T03465
0	13	50	18	19	N
1	0	99	0	1	C
2	89	6	1	4	A
3	3	79	13	5	C
4	19	37	41	3	N
5	0	0	1	99	T
6	1	3	94	2	G
7	39	18	18	25	N
8	4	60	12	24	Y
9	13	40	22	25	N
XX
DE	T04371
0	13	50	18	19	N
1	0	99	0	1	C
2	89	6	1	4	A
3	3	79	13	5	C
4	19	37	41	3	N
5	0	0	1	99	T
6	1	3	94	2	G
7	39	18	18	25	N
8	4	60	12	24	Y
9	13	40	22	25	N
XX
DE	T04373
0	13	50	18	19	N
1	0	99	0	1	C
2	89	6	1	4	A
3	3	79	13	5	C
4	19	37	41	3	N
5	0	0	1	99	T
6	1	3	94	2	G
7	39	18	18	25	N
8	4	60	12	24	Y
9	13	40	22	25	N
XX
DE	T04375
0	13	50	18	19	N
1	0	99	0	1	C
2	89	6	1	4	A
3	3	79	13	5	C
4	19	37	41	3	N
5	0	0	1	99	T
6	1	3	94	2	G
7	39	18	18	25	N
8	4	60	12	24	Y
9	13	40	22	25	N
XX
DE	T04380
0	13	50	18	19	N
1	0	99	0	1	C
2	89	6	1	4	A
3	3	79	13	5	C
4	19	37	41	3	N
5	0	0	1	99	T
6	1	3	94	2	G
7	39	18	18	25	N
8	4	60	12	24	Y
9	13	40	22	25	N
XX
DE	T04381
0	13	50	18	19	N
1	0	99	0	1	C
2	89	6	1	4	A
3	3	79	13	5	C
4	19	37	41	3	N
5	0	0	1	99	T
6	1	3	94	2	G
7	39	18	18	25	N
8	4	60	12	24	Y
9	13	40	22	25	N
XX
DE	T04385
0	13	50	18	19	N
1	0	99	0	1	C
2	89	6	1	4	A
3	3	79	13	5	C
4	19	37	41	3	N
5	0	0	1	99	T
6	1	3	94	2	G
7	39	18	18	25	N
8	4	60	12	24	Y
9	13	40	22	25	N
XX
DE	T04372
0	13	50	18	19	N
1	0	99	0	1	C
2	89	6	1	4	A
3	3	79	13	5	C
4	19	37	41	3	N
5	0	0	1	99	T
6	1	3	94	2	G
7	39	18	18	25	N
8	4	60	12	24	Y
9	13	40	22	25	N
XX
DE	T04387
0	13	50	18	19	N
1	0	99	0	1	C
2	89	6	1	4	A
3	3	79	13	5	C
4	19	37	41	3	N
5	0	0	1	99	T
6	1	3	94	2	G
7	39	18	18	25	N
8	4	60	12	24	Y
9	13	40	22	25	N
XX
DE	T04388
0	13	50	18	19	N
1	0	99	0	1	C
2	89	6	1	4	A
3	3	79	13	5	C
4	19	37	41	3	N
5	0	0	1	99	T
6	1	3	94	2	G
7	39	18	18	25	N
8	4	60	12	24	Y
9	13	40	22	25	N
XX
DE	T01654
0	2	95	2	1	C
1	97	1	1	1	A
2	2	24	63	11	G
3	3	53	41	3	S
4	2	1	3	94	T
5	1	0	98	1	G
6	18	43	29	10	N
7	0	4	72	24	g
XX
DE	T01655
0	13	50	18	19	N
1	0	99	0	1	C
2	89	6	1	4	A
3	3	79	13	5	C
4	19	37	41	3	N
5	0	0	1	99	T
6	1	3	94	2	G
7	39	18	18	25	N
8	4	60	12	24	Y
9	13	40	22	25	N
XX
DE	T02379
0	13	50	18	19	N
1	0	99	0	1	C
2	89	6	1	4	A
3	3	79	13	5	C
4	19	37	41	3	N
5	0	0	1	99	T
6	1	3	94	2	G
7	39	18	18	25	N
8	4	60	12	24	Y
9	13	40	22	25	N
XX
DE	T02381
0	13	50	18	19	N
1	0	99	0	1	C
2	89	6	1	4	A
3	3	79	13	5	C
4	19	37	41	3	N
5	0	0	1	99	T
6	1	3	94	2	G
7	39	18	18	25	N
8	4	60	12	24	Y
9	13	40	22	25	N
XX
DE	T02382
0	13	50	18	19	N
1	0	99	0	1	C
2	89	6	1	4	A
3	3	79	13	5	C
4	19	37	41	3	N
5	0	0	1	99	T
6	1	3	94	2	G
7	39	18	18	25	N
8	4	60	12	24	Y
9	13	40	22	25	N
XX
DE	T02383
0	13	50	18	19	N
1	0	99	0	1	C
2	89	6	1	4	A
3	3	79	13	5	C
4	19	37	41	3	N
5	0	0	1	99	T
6	1	3	94	2	G
7	39	18	18	25	N
8	4	60	12	24	Y
9	13	40	22	25	N
XX
DE	T03442
0	13	50	18	19	N
1	0	99	0	1	C
2	89	6	1	4	A
3	3	79	13	5	C
4	19	37	41	3	N
5	0	0	1	99	T
6	1	3	94	2	G
7	39	18	18	25	N
8	4	60	12	24	Y
9	13	40	22	25	N
XX
DE	T03440
0	13	50	18	19	N
1	0	99	0	1	C
2	89	6	1	4	A
3	3	79	13	5	C
4	19	37	41	3	N
5	0	0	1	99	T
6	1	3	94	2	G
7	39	18	18	25	N
8	4	60	12	24	Y
9	13	40	22	25	N
XX
DE	T03443
0	13	50	18	19	N
1	0	99	0	1	C
2	89	6	1	4	A
3	3	79	13	5	C
4	19	37	41	3	N
5	0	0	1	99	T
6	1	3	94	2	G
7	39	18	18	25	N
8	4	60	12	24	Y
9	13	40	22	25	N
XX
DE	T03533
0	13	50	18	19	N
1	0	99	0	1	C
2	89	6	1	4	A
3	3	79	13	5	C
4	19	37	41	3	N
5	0	0	1	99	T
6	1	3	94	2	G
7	39	18	18	25	N
8	4	60	12	24	Y
9	13	40	22	25	N
XX
DE	T03535
0	13	50	18	19	N
1	0	99	0	1	C
2	89	6	1	4	A
3	3	79	13	5	C
4	19	37	41	3	N
5	0	0	1	99	T
6	1	3	94	2	G
7	39	18	18	25	N
8	4	60	12	24	Y
9	13	40	22	25	N
XX
DE	T03540
0	13	50	18	19	N
1	0	99	0	1	C
2	89	6	1	4	A
3	3	79	13	5	C
4	19	37	41	3	N
5	0	0	1	99	T
6	1	3	94	2	G
7	39	18	18	25	N
8	4	60	12	24	Y
9	13	40	22	25	N
XX
DE	T03546
0	13	50	18	19	N
1	0	99	0	1	C
2	89	6	1	4	A
3	3	79	13	5	C
4	19	37	41	3	N
5	0	0	1	99	T
6	1	3	94	2	G
7	39	18	18	25	N
8	4	60	12	24	Y
9	13	40	22	25	N
XX
DE	T03547
0	13	50	18	19	N
1	0	99	0	1	C
2	89	6	1	4	A
3	3	79	13	5	C
4	19	37	41	3	N
5	0	0	1	99	T
6	1	3	94	2	G
7	39	18	18	25	N
8	4	60	12	24	Y
9	13	40	22	25	N
XX
DE	T03548
0	13	50	18	19	N
1	0	99	0	1	C
2	89	6	1	4	A
3	3	79	13	5	C
4	19	37	41	3	N
5	0	0	1	99	T
6	1	3	94	2	G
7	39	18	18	25	N
8	4	60	12	24	Y
9	13	40	22	25	N
XX
DE	T08158
0	12	0	41	47	K
1	6	6	59	29	K
2	24	28	24	24	N
3	24	12	12	52	N
4	0	24	47	29	N
5	100	0	0	0	A
6	0	100	0	0	C
7	0	0	100	0	G
8	0	0	0	100	T
9	6	0	94	0	G
10	0	0	71	29	G
11	18	29	35	18	N
12	36	29	29	6	N
13	24	18	34	24	N
XX
DE	T00106
0	76	5	11	8	A
1	0	5	8	87	T
2	0	10	20	70	T
3	20	17	63	0	G
4	9	75	0	16	C
5	61	14	14	11	A
6	40	41	11	8	M
7	92	5	0	3	A
8	66	4	21	9	a
XX
DE	T01517
0	60	25	7	8	a
1	75	15	3	7	A
2	9	91	0	0	C
3	97	0	0	3	A
4	7	45	8	40	Y
5	62	11	24	3	A
6	0	11	10	79	T
7	3	2	86	9	G
XX
DE	T08233
0	14	14	72	0	G
1	14	29	57	0	S
2	14	0	0	86	T
3	0	100	0	0	C
4	100	0	0	0	A
5	0	0	86	14	G
6	0	100	0	0	C
7	100	0	0	0	A
8	14	0	86	0	G
XX
DE	T09007
0	20	6	64	10	G
1	68	0	29	3	A
2	6	43	51	0	S
3	0	100	0	0	C
4	100	0	0	0	A
5	0	100	0	0	C
6	0	0	100	0	G
7	0	0	0	100	T
8	0	0	100	0	G
9	0	18	79	3	G
10	5	14	3	78	T
XX
DE	T04565
0	0	0	0	100	T
1	0	0	50	50	K
2	100	0	0	0	A
3	0	100	0	0	C
4	0	0	100	0	G
5	0	0	0	100	T
6	50	50	0	0	M
7	100	0	0	0	A
XX
DE	T03199
0	0	0	0	100	T
1	0	0	0	100	T
2	100	0	0	0	A
3	100	0	0	0	A
4	0	0	0	100	T
5	100	0	0	0	A
6	100	0	0	0	A
XX
DE	T01239
0	0	0	0	100	T
