DE	T00505
0	6	8	56	30	K
1	1	60	7	32	C
2	0	6	3	91	T
3	88	1	2	9	A
4	6	0	0	94	T
5	13	0	0	87	T
6	4	0	0	96	T
7	26	0	0	74	T
8	12	0	0	88	T
9	95	0	4	1	A
10	20	2	72	6	G
XX
DE	T01005
0	4	6	62	28	g
1	1	62	1	36	C
2	0	1	0	99	T
3	97	1	0	2	A
4	3	0	0	97	T
5	9	0	0	91	T
6	5	0	0	95	T
7	31	0	0	69	T
8	11	0	0	89	T
9	96	0	4	0	A
10	17	2	78	3	G
XX
DE	T01009
0	6	6	35	53	k
1	1	89	0	10	C
2	0	0	0	100	T
3	99	1	0	0	A
4	2	1	0	97	T
5	15	0	0	85	T
6	20	0	0	80	T
7	58	0	0	42	W
8	1	0	0	99	T
9	99	0	1	0	A
10	12	2	85	1	G
11	37	51	0	12	m
XX
DE	T08323
0	49	8	38	5	R
1	28	0	72	0	G
2	64	0	36	0	A
3	1	95	3	1	C
4	84	2	3	11	A
5	27	4	4	65	T
6	4	0	96	0	G
7	7	53	5	35	Y
8	3	77	8	12	C
XX
DE	T08321
0	49	8	38	5	R
1	28	0	72	0	G
2	64	0	36	0	A
3	1	95	3	1	C
4	84	2	3	11	A
5	27	4	4	65	T
6	4	0	96	0	G
7	7	53	5	35	Y
8	3	77	8	12	C
XX
DE	T10543
0	0	66	17	17	c
1	26	22	24	28	N
2	25	9	16	50	N
3	87	9	2	2	A
4	89	0	2	9	A
5	0	98	0	2	C
6	100	0	0	0	A
7	98	2	0	0	A
8	42	0	0	58	W
9	22	7	62	9	G
10	52	24	13	11	N
11	17	0	66	17	g
XX
DE	T08978
0	5	11	80	4	g
1	12	4	80	4	G
2	46	0	54	0	R
3	95	1	4	0	A
4	93	1	1	5	A
5	77	3	4	16	A
6	60	6	7	27	W
7	10	72	3	15	C
8	5	87	3	5	C
9	18	71	10	1	C
XX
DE	T00594
0	2	1	96	1	G
1	2	0	95	3	G
2	71	0	27	2	A
3	93	2	4	1	A
4	84	3	2	11	A
5	13	14	24	49	N
6	1	33	1	65	T
7	1	97	0	2	C
8	2	97	0	1	C
9	13	74	11	2	C
XX
DE	T09106
0	4	12	66	18	G
1	2	0	97	1	G
2	3	0	95	2	G
3	66	2	29	3	A
4	45	23	16	16	N
5	6	2	2	90	T
6	1	6	2	91	T
7	2	26	0	72	T
8	2	94	1	3	C
9	2	94	2	2	C
XX
DE	T01154
0	0	29	47	24	N
1	0	0	94	6	G
2	6	0	88	6	G
3	29	6	53	12	R
4	35	29	18	18	N
5	29	6	6	59	W
6	6	0	0	94	T
7	12	0	0	88	T
8	0	88	0	12	C
9	6	94	0	0	C
XX
DE	T09254
0	0	29	47	24	N
1	0	0	94	6	G
2	6	0	88	6	G
3	29	6	53	12	R
4	35	29	18	18	N
5	29	6	6	59	W
6	6	0	0	94	T
7	12	0	0	88	T
8	0	88	0	12	C
9	6	94	0	0	C
XX
DE	T09255
0	0	29	47	24	N
1	0	0	94	6	G
2	6	0	88	6	G
3	29	6	53	12	R
4	35	29	18	18	N
5	29	6	6	59	W
6	6	0	0	94	T
7	12	0	0	88	T
8	0	88	0	12	C
9	6	94	0	0	C
XX
DE	T00539
0	13	9	65	13	G
1	18	6	69	7	G
2	20	51	18	11	N
3	27	21	14	38	N
4	23	33	28	16	N
5	24	41	24	11	N
6	16	21	39	24	N
7	23	17	11	49	N
8	6	3	82	9	G
9	0	97	1	2	C
10	7	93	0	0	C
11	92	6	0	2	A
12	79	0	16	5	A
XX
DE	T00535
0	13	9	65	13	G
1	18	6	69	7	G
2	20	51	18	11	N
3	27	21	14	38	N
4	23	33	28	16	N
5	24	41	24	11	N
6	16	21	39	24	N
7	23	17	11	49	N
8	6	3	82	9	G
9	0	97	1	2	C
10	7	93	0	0	C
11	92	6	0	2	A
12	79	0	16	5	A
XX
DE	T01036
0	38	0	25	37	n
1	25	20	34	21	N
2	17	33	8	42	N
3	19	13	12	56	N
4	8	8	70	14	G
5	17	6	70	7	G
6	14	61	18	7	C
7	29	19	11	41	N
8	19	35	32	14	N
9	20	46	23	11	N
10	15	20	43	22	N
11	20	18	10	52	N
12	8	2	79	11	G
13	0	99	0	1	C
14	7	93	0	0	C
15	93	7	0	0	A
16	75	1	20	4	A
17	44	16	16	24	N
18	29	22	19	30	N
19	38	13	13	36	n
20	38	25	37	0	n
21	50	25	25	0	n
22	87	0	13	0	a
23	13	62	25	0	c
24	61	13	13	13	a
25	13	0	74	13	g
26	13	38	49	0	s
27	0	38	0	62	t
28	25	0	62	13	g
XX
DE	T00538
0	38	0	25	37	n
1	25	20	34	21	N
2	17	33	8	42	N
3	19	13	12	56	N
4	8	8	70	14	G
5	17	6	70	7	G
6	14	61	18	7	C
7	29	19	11	41	N
8	19	35	32	14	N
9	20	46	23	11	N
10	15	20	43	22	N
11	20	18	10	52	N
12	8	2	79	11	G
13	0	99	0	1	C
14	7	93	0	0	C
15	93	7	0	0	A
16	75	1	20	4	A
17	44	16	16	24	N
18	29	22	19	30	N
19	38	13	13	36	n
20	38	25	37	0	n
21	50	25	25	0	n
22	87	0	13	0	a
23	13	62	25	0	c
24	61	13	13	13	a
25	13	0	74	13	g
26	13	38	49	0	s
27	0	38	0	62	t
28	25	0	62	13	g
XX
DE	T00599
0	13	62	0	25	c
1	62	0	38	0	a
2	0	49	38	13	s
3	13	74	0	13	c
4	13	13	13	61	t
5	0	25	62	13	g
6	0	13	0	87	t
7	0	25	25	50	n
8	0	37	25	38	n
9	36	13	13	38	n
10	26	18	24	32	N
11	25	17	16	42	N
12	4	18	0	78	T
13	2	1	8	89	T
14	0	1	90	9	G
15	2	2	95	1	G
16	10	79	3	8	C
17	52	8	19	21	N
18	22	43	19	16	N
19	8	25	41	26	N
20	13	29	36	22	N
21	35	16	20	29	N
22	10	16	58	16	N
23	6	72	4	18	C
24	12	70	7	11	C
25	62	8	14	16	A
26	43	6	31	20	N
27	13	49	13	25	n
28	37	25	0	38	n
XX
DE	T00604
0	13	62	0	25	C
1	62	0	38	0	A
2	0	49	38	13	S
3	13	74	0	13	C
4	13	13	13	61	T
5	0	25	62	13	G
6	0	13	0	87	T
7	0	25	25	50	N
8	0	37	25	38	N
9	36	13	13	38	N
10	37	13	25	25	N
11	25	0	13	62	T
12	0	25	0	75	T
13	0	0	13	87	T
14	0	0	87	13	G
15	0	0	100	0	G
16	14	72	0	14	C
17	62	0	25	13	A
18	13	61	13	13	C
19	0	25	50	25	N
20	0	38	49	13	S
21	36	13	13	38	N
22	0	13	87	0	G
23	0	87	0	13	C
24	13	87	0	0	C
25	74	0	13	13	A
26	49	0	38	13	R
27	13	49	13	25	N
28	37	25	0	38	N
XX
DE	T00544
0	13	62	0	25	C
1	62	0	38	0	A
2	0	49	38	13	S
3	13	74	0	13	C
4	13	13	13	61	T
5	0	25	62	13	G
6	0	13	0	87	T
7	0	25	25	50	N
8	0	37	25	38	N
9	36	13	13	38	N
10	37	13	25	25	N
11	25	0	13	62	T
12	0	25	0	75	T
13	0	0	13	87	T
14	0	0	87	13	G
15	0	0	100	0	G
16	14	72	0	14	C
17	62	0	25	13	A
18	13	61	13	13	C
19	0	25	50	25	N
20	0	38	49	13	S
21	36	13	13	38	N
22	0	13	87	0	G
23	0	87	0	13	C
24	13	87	0	0	C
25	74	0	13	13	A
26	49	0	38	13	R
27	13	49	13	25	N
28	37	25	0	38	N
XX
DE	T00551
0	13	62	0	25	C
1	62	0	38	0	A
2	0	49	38	13	S
3	13	74	0	13	C
4	13	13	13	61	T
5	0	25	62	13	G
6	0	13	0	87	T
7	0	25	25	50	N
8	0	37	25	38	N
9	36	13	13	38	N
10	37	13	25	25	N
11	25	0	13	62	T
12	0	25	0	75	T
13	0	0	13	87	T
14	0	0	87	13	G
15	0	0	100	0	G
16	14	72	0	14	C
17	62	0	25	13	A
18	13	61	13	13	C
19	0	25	50	25	N
20	0	38	49	13	S
21	36	13	13	38	N
22	0	13	87	0	G
23	0	87	0	13	C
24	13	87	0	0	C
25	74	0	13	13	A
26	49	0	38	13	R
27	13	49	13	25	N
28	37	25	0	38	N
XX
DE	T00552
0	13	62	0	25	C
1	62	0	38	0	A
2	0	49	38	13	S
3	13	74	0	13	C
4	13	13	13	61	T
5	0	25	62	13	G
6	0	13	0	87	T
7	0	25	25	50	N
8	0	37	25	38	N
9	36	13	13	38	N
10	37	13	25	25	N
11	25	0	13	62	T
12	0	25	0	75	T
13	0	0	13	87	T
14	0	0	87	13	G
15	0	0	100	0	G
16	14	72	0	14	C
17	62	0	25	13	A
18	13	61	13	13	C
19	0	25	50	25	N
20	0	38	49	13	S
21	36	13	13	38	N
22	0	13	87	0	G
23	0	87	0	13	C
24	13	87	0	0	C
25	74	0	13	13	A
26	49	0	38	13	R
27	13	49	13	25	N
28	37	25	0	38	N
XX
DE	T00554
0	13	62	0	25	C
1	62	0	38	0	A
2	0	49	38	13	S
3	13	74	0	13	C
4	13	13	13	61	T
5	0	25	62	13	G
6	0	13	0	87	T
7	0	25	25	50	N
8	0	37	25	38	N
9	36	13	13	38	N
10	37	13	25	25	N
11	25	0	13	62	T
12	0	25	0	75	T
13	0	0	13	87	T
14	0	0	87	13	G
15	0	0	100	0	G
16	14	72	0	14	C
17	62	0	25	13	A
18	13	61	13	13	C
19	0	25	50	25	N
20	0	38	49	13	S
21	36	13	13	38	N
22	0	13	87	0	G
23	0	87	0	13	C
24	13	87	0	0	C
25	74	0	13	13	A
26	49	0	38	13	R
27	13	49	13	25	N
28	37	25	0	38	N
XX
DE	T00610
0	13	62	0	25	C
1	62	0	38	0	A
2	0	49	38	13	S
3	13	74	0	13	C
4	13	13	13	61	T
5	0	25	62	13	G
6	0	13	0	87	T
7	0	25	25	50	N
8	0	37	25	38	N
9	36	13	13	38	N
10	37	13	25	25	N
11	25	0	13	62	T
12	0	25	0	75	T
13	0	0	13	87	T
14	0	0	87	13	G
15	0	0	100	0	G
16	14	72	0	14	C
17	62	0	25	13	A
18	13	61	13	13	C
19	0	25	50	25	N
20	0	38	49	13	S
21	36	13	13	38	N
22	0	13	87	0	G
23	0	87	0	13	C
24	13	87	0	0	C
25	74	0	13	13	A
26	49	0	38	13	R
27	13	49	13	25	N
28	37	25	0	38	N
XX
DE	T00500
0	7	2	1	90	t
1	3	2	7	88	t
2	53	2	11	34	w
3	1	98	0	1	C
4	0	90	0	10	C
5	15	22	13	50	N
6	51	11	16	22	N
7	65	0	0	35	A
8	18	2	1	79	T
9	15	8	6	71	T
10	45	10	36	9	R
11	7	0	93	0	G
12	1	0	97	2	G
13	38	11	0	51	w
14	79	7	7	7	a
15	77	5	6	12	a
XX
DE	T09097
0	9	58	5	28	y
1	28	4	12	56	W
2	7	3	7	83	T
3	13	1	0	86	T
4	0	9	91	0	G
5	19	1	0	80	T
6	7	1	8	84	T
7	40	8	1	51	W
XX
DE	T10666
0	9	58	5	28	y
1	28	4	12	56	W
2	7	3	7	83	T
3	13	1	0	86	T
4	0	9	91	0	G
5	19	1	0	80	T
6	7	1	8	84	T
7	40	8	1	51	W
XX
DE	T09071
0	14	13	7	66	T
1	15	6	3	76	T
2	33	6	24	37	N
3	8	90	0	2	C
4	4	85	0	11	C
5	38	19	8	35	N
6	34	9	15	42	N
7	53	1	0	46	W
8	17	1	0	82	T
9	28	4	2	66	T
10	35	8	8	49	W
11	10	0	90	0	G
12	4	2	88	6	G
13	35	17	6	42	N
14	86	1	2	11	A
15	77	3	8	12	a
XX
DE	T00761
0	1	98	0	1	C
1	0	99	0	1	C
2	45	7	3	45	W
3	12	1	0	87	T
4	80	2	6	12	A
5	3	4	1	92	T
6	71	1	2	26	A
7	19	1	1	79	T
8	4	0	96	0	G
9	1	0	99	0	G
10	19	29	33	19	N
11	15	61	14	10	C
12	63	12	7	18	a
XX
DE	T09343
0	5	7	26	62	t
1	12	27	44	17	n
2	10	22	30	38	N
3	1	97	0	2	C
4	0	98	0	2	C
5	43	8	2	47	W
6	11	3	0	86	T
7	78	3	5	14	A
8	3	6	0	91	T
9	66	1	3	30	A
10	15	4	2	79	T
11	3	0	97	0	G
12	0	0	96	4	G
XX
DE	T00765
0	5	7	26	62	t
1	12	27	44	17	n
2	10	22	30	38	N
3	1	97	0	2	C
4	0	98	0	2	C
5	43	8	2	47	W
6	11	3	0	86	T
7	78	3	5	14	A
8	3	6	0	91	T
9	66	1	3	30	A
10	15	4	2	79	T
11	3	0	97	0	G
12	0	0	96	4	G
XX
DE	T08967
0	7	21	2	70	T
1	2	21	69	8	G
2	97	2	1	0	A
3	2	2	5	91	T
4	0	0	0	100	T
5	0	1	98	1	G
6	0	0	100	0	G
7	2	46	2	50	Y
8	6	27	9	58	Y
9	59	14	20	7	N
XX
DE	T01595
0	10	32	4	54	Y
1	4	32	51	13	S
2	96	3	1	0	A
3	3	3	8	86	T
4	0	0	0	100	T
5	0	1	98	1	G
6	0	0	100	0	G
7	3	44	4	49	Y
8	3	35	14	48	Y
XX
DE	T00615
0	7	21	2	70	T
1	2	21	69	8	G
2	97	2	1	0	A
3	2	2	5	91	T
4	0	0	0	100	T
5	0	1	98	1	G
6	0	0	100	0	G
7	2	46	2	50	Y
8	6	27	9	58	Y
9	59	14	20	7	N
XX
DE	T08680
0	7	21	2	70	T
1	2	21	69	8	G
2	97	2	1	0	A
3	2	2	5	91	T
4	0	0	0	100	T
5	0	1	98	1	G
6	0	0	100	0	G
7	2	46	2	50	Y
8	6	27	9	58	Y
9	59	14	20	7	N
XX
DE	T02478
0	10	32	4	54	Y
1	4	32	51	13	S
2	96	3	1	0	A
3	3	3	8	86	T
4	0	0	0	100	T
5	0	1	98	1	G
6	0	0	100	0	G
7	3	44	4	49	Y
8	3	35	14	48	Y
XX
DE	T00763
0	0	99	0	1	C
1	0	92	0	8	C
2	78	2	2	18	A
3	28	1	1	70	T
4	89	1	6	4	A
5	22	7	2	69	T
6	86	0	0	14	A
7	52	0	9	39	W
8	2	0	98	0	G
9	2	0	98	0	G
XX
DE	T00797
0	16	37	39	8	N
1	4	12	5	79	T
2	90	0	1	9	A
3	1	3	1	95	T
4	91	0	1	8	A
5	69	0	0	31	A
6	92	1	5	2	A
7	57	1	11	31	W
8	41	11	40	8	R
9	14	35	39	12	N
10	21	38	33	8	N
11	21	33	33	13	N
12	21	30	33	16	N
13	17	28	36	19	N
14	20	26	36	18	N
XX
DE	T01422
0	11	6	3	80	T
1	0	0	0	100	T
2	0	5	0	95	T
3	0	100	0	0	C
4	0	0	0	100	T
5	2	0	0	98	T
6	0	0	0	100	T
7	0	0	100	0	G
8	0	0	0	100	T
9	0	8	0	92	T
10	15	54	5	26	Y
11	20	9	18	53	N
12	29	29	6	36	n
13	35	12	12	41	n
14	41	0	6	53	w
XX
DE	T01275
0	50	0	33	17	r
1	50	33	17	0	m
2	17	33	17	33	n
3	34	33	9	24	N
4	80	0	15	5	A
5	100	0	0	0	A
6	0	100	0	0	C
7	100	0	0	0	A
8	95	0	0	5	A
9	55	0	0	45	W
10	15	5	70	10	G
11	56	0	44	0	R
12	46	17	37	0	R
13	33	17	50	0	r
14	17	33	0	50	y
15	33	67	0	0	c
16	17	17	0	66	t
XX
DE	T00350
0	0	14	36	50	k
1	7	36	36	21	n
2	0	4	0	96	T
3	20	20	33	27	N
4	93	0	7	0	A
5	0	0	0	100	T
6	0	0	0	100	T
7	0	0	100	0	G
8	0	0	100	0	G
9	15	15	0	70	T
10	0	36	35	29	n
11	7	21	65	7	g
12	50	0	43	7	r
XX
DE	T01944
0	3	0	5	92	T
1	0	5	0	95	T
2	0	0	0	100	T
3	0	98	0	2	C
4	2	94	0	4	C
XX
DE	T09194
0	3	0	5	92	T
1	0	5	0	95	T
2	0	0	0	100	T
3	0	98	0	2	C
4	2	94	0	4	C
XX
DE	T09986
0	3	0	5	92	T
1	0	5	0	95	T
2	0	0	0	100	T
3	0	98	0	2	C
4	2	94	0	4	C
XX
DE	T02922
0	100	0	0	0	a
1	100	0	0	0	a
2	5	4	82	9	G
3	89	0	0	11	A
4	4	7	0	89	T
5	4	93	3	0	C
6	97	0	0	3	A
7	96	1	0	3	A
8	93	0	4	3	A
9	11	4	80	5	G
10	0	0	100	0	g
XX
DE	T03025
0	25	12	5	58	w
1	41	9	19	31	n
2	5	94	1	0	C
3	4	28	1	67	T
4	80	2	5	13	A
5	27	3	3	67	T
6	55	0	1	44	W
7	34	1	0	65	T
8	49	5	4	42	W
9	14	1	2	83	T
10	16	0	83	1	G
11	1	0	96	3	G
12	34	14	20	32	n
13	66	6	11	17	a
XX
DE	T01006
0	35	0	47	18	r
1	7	8	81	4	g
2	1	60	8	31	Y
3	0	7	4	89	T
4	84	3	0	13	A
5	6	1	0	93	T
6	26	0	0	74	T
7	6	0	0	94	T
8	35	0	0	65	T
9	11	0	0	89	T
10	94	0	6	0	A
11	33	3	54	10	R
XX
DE	T09635
0	75	0	0	25	A
1	25	0	25	50	N
2	50	0	0	50	W
3	25	50	0	25	N
4	0	50	25	25	N
5	75	0	25	0	A
6	100	0	0	0	A
7	100	0	0	0	A
8	100	0	0	0	A
9	100	0	0	0	A
10	0	0	0	100	T
11	0	0	100	0	G
12	0	25	75	0	G
13	100	0	0	0	A
14	100	0	0	0	A
15	67	0	0	33	A
XX
DE	T03178
0	23	5	4	68	T
1	0	0	9	91	T
2	17	2	9	72	T
3	0	84	14	2	C
4	0	74	2	24	C
5	84	2	0	14	A
6	9	0	2	89	T
7	22	0	0	78	T
8	12	0	0	88	T
9	19	2	4	75	T
10	4	19	0	77	T
11	26	13	61	0	G
12	19	2	48	31	N
13	50	0	0	50	w
14	50	25	0	25	n
15	25	0	0	75	t
XX
DE	T08624
0	77	13	4	6	A
1	80	2	2	16	A
2	0	100	0	0	C
3	100	0	0	0	A
4	100	0	0	0	A
5	45	0	0	55	W
6	15	2	79	4	G
7	50	14	33	3	R
XX
DE	T02915
0	17	50	33	0	S
1	0	100	0	0	C
2	0	17	0	83	T
3	0	0	0	100	T
4	0	0	0	100	T
5	0	0	83	17	G
6	100	0	0	0	A
7	50	0	17	33	W
XX
DE	T03404
0	17	50	33	0	S
1	0	100	0	0	C
2	0	17	0	83	T
3	0	0	0	100	T
4	0	0	0	100	T
5	0	0	83	17	G
6	100	0	0	0	A
7	50	0	17	33	W
XX
DE	T04096
0	6	0	94	0	G
1	3	3	12	82	T
2	3	97	0	0	C
3	0	6	3	91	T
4	12	0	88	0	g
5	21	26	17	36	n
6	12	76	7	5	c
7	18	20	3	59	n
XX
DE	T04149
0	21	14	5	60	T
1	6	0	94	0	G
2	0	5	14	81	T
3	0	100	0	0	C
4	0	6	0	94	T
5	13	0	87	0	G
6	21	26	18	35	N
7	13	74	8	5	C
8	18	21	3	58	N
XX
DE	T08509
0	6	0	94	0	G
1	3	3	12	82	T
2	3	97	0	0	C
3	0	6	3	91	T
4	12	0	88	0	g
5	21	26	17	36	n
6	12	76	7	5	c
7	18	20	3	59	n
XX
DE	T00798
0	0	35	13	52	Y
1	35	26	9	30	N
2	4	30	0	66	T
3	17	0	4	79	T
4	0	9	0	91	T
5	100	0	0	0	A
6	13	0	0	87	T
7	87	0	0	13	A
8	9	4	17	70	T
XX
DE	T00795
0	0	35	13	52	Y
1	35	26	9	30	N
2	4	30	0	66	T
3	17	0	4	79	T
4	0	9	0	91	T
5	100	0	0	0	A
6	13	0	0	87	T
7	87	0	0	13	A
8	9	4	17	70	T
XX
DE	T01286
0	4	8	88	0	g
1	59	4	33	4	r
2	42	4	54	0	r
3	96	2	2	0	A
4	100	0	0	0	A
5	0	100	0	0	C
6	97	3	0	0	A
7	100	0	0	0	A
8	2	0	3	95	T
9	55	2	35	8	R
10	23	7	70	0	G
11	60	3	37	0	A
XX
DE	T04252
0	10	20	70	0	g
1	10	10	30	50	n
2	15	29	28	28	N
3	40	3	44	13	R
4	5	8	54	33	K
5	8	28	39	25	N
6	0	72	10	18	C
7	90	5	5	0	A
8	0	0	100	0	G
9	62	28	5	5	A
10	0	100	0	0	C
11	67	5	3	25	A
12	15	30	35	20	N
13	20	70	0	10	c
14	0	40	0	60	y
XX
DE	T09461
0	14	9	59	18	n
1	22	34	34	10	N
2	28	4	9	59	W
3	3	0	97	0	G
4	6	3	21	70	T
5	3	97	0	0	C
6	0	6	6	88	T
7	18	10	72	0	g
8	25	39	28	8	n
9	32	55	8	5	m
10	13	44	3	40	y
XX
DE	T10235
0	14	9	59	18	n
1	22	34	34	10	N
2	28	4	9	59	W
3	3	0	97	0	G
4	6	3	21	70	T
5	3	97	0	0	C
6	0	6	6	88	T
7	18	10	72	0	g
8	25	39	28	8	n
9	32	55	8	5	m
10	13	44	3	40	y
XX
DE	T06004
0	54	7	35	4	R
1	30	0	70	0	G
2	54	0	46	0	R
3	4	85	9	2	C
4	70	4	9	17	A
5	51	4	4	41	W
6	7	0	93	0	G
7	20	33	11	36	N
8	4	61	20	15	C
9	11	48	11	30	N
XX
DE	T06296
0	54	7	35	4	R
1	30	0	70	0	G
2	54	0	46	0	R
3	4	85	9	2	C
4	70	4	9	17	A
5	51	4	4	41	W
6	7	0	93	0	G
7	20	33	11	36	N
8	4	61	20	15	C
9	11	48	11	30	N
XX
DE	T06307
0	54	7	35	4	R
1	30	0	70	0	G
2	54	0	46	0	R
3	4	85	9	2	C
4	70	4	9	17	A
5	51	4	4	41	W
6	7	0	93	0	G
7	20	33	11	36	N
8	4	61	20	15	C
9	11	48	11	30	N
XX
DE	T06310
0	54	7	35	4	R
1	30	0	70	0	G
2	54	0	46	0	R
3	4	85	9	2	C
4	70	4	9	17	A
5	51	4	4	41	W
6	7	0	93	0	G
7	20	33	11	36	N
8	4	61	20	15	C
9	11	48	11	30	N
XX
DE	T06300
0	54	7	35	4	R
1	30	0	70	0	G
2	54	0	46	0	R
3	4	85	9	2	C
4	70	4	9	17	A
5	51	4	4	41	W
6	7	0	93	0	G
7	20	33	11	36	N
8	4	61	20	15	C
9	11	48	11	30	N
XX
DE	T06302
0	54	7	35	4	R
1	30	0	70	0	G
2	54	0	46	0	R
3	4	85	9	2	C
4	70	4	9	17	A
5	51	4	4	41	W
6	7	0	93	0	G
7	20	33	11	36	N
8	4	61	20	15	C
9	11	48	11	30	N
XX
DE	T06297
0	54	7	35	4	R
1	30	0	70	0	G
2	54	0	46	0	R
3	4	85	9	2	C
4	70	4	9	17	A
5	51	4	4	41	W
6	7	0	93	0	G
7	20	33	11	36	N
8	4	61	20	15	C
9	11	48	11	30	N
XX
DE	T06301
0	54	7	35	4	R
1	30	0	70	0	G
2	54	0	46	0	R
3	4	85	9	2	C
4	70	4	9	17	A
5	51	4	4	41	W
6	7	0	93	0	G
7	20	33	11	36	N
8	4	61	20	15	C
9	11	48	11	30	N
XX
DE	T06306
0	54	7	35	4	R
1	30	0	70	0	G
2	54	0	46	0	R
3	4	85	9	2	C
4	70	4	9	17	A
5	51	4	4	41	W
6	7	0	93	0	G
7	20	33	11	36	N
8	4	61	20	15	C
9	11	48	11	30	N
XX
DE	T08884
0	54	7	35	4	R
1	30	0	70	0	G
2	54	0	46	0	R
3	4	85	9	2	C
4	70	4	9	17	A
5	51	4	4	41	W
6	7	0	93	0	G
7	20	33	11	36	N
8	4	61	20	15	C
9	11	48	11	30	N
XX
DE	T06168
0	54	7	35	4	R
1	30	0	70	0	G
2	54	0	46	0	R
3	4	85	9	2	C
4	70	4	9	17	A
5	51	4	4	41	W
6	7	0	93	0	G
7	20	33	11	36	N
8	4	61	20	15	C
9	11	48	11	30	N
XX
DE	T06135
0	54	7	35	4	R
1	30	0	70	0	G
2	54	0	46	0	R
3	4	85	9	2	C
4	70	4	9	17	A
5	51	4	4	41	W
6	7	0	93	0	G
7	20	33	11	36	N
8	4	61	20	15	C
9	11	48	11	30	N
XX
DE	T04931
0	54	7	35	4	R
1	30	0	70	0	G
2	54	0	46	0	R
3	4	85	9	2	C
4	70	4	9	17	A
5	51	4	4	41	W
6	7	0	93	0	G
7	20	33	11	36	N
8	4	61	20	15	C
9	11	48	11	30	N
XX
DE	T06006
0	54	7	35	4	R
1	30	0	70	0	G
2	54	0	46	0	R
3	4	85	9	2	C
4	70	4	9	17	A
5	51	4	4	41	W
6	7	0	93	0	G
7	20	33	11	36	N
8	4	61	20	15	C
9	11	48	11	30	N
XX
DE	T06137
0	54	7	35	4	R
1	30	0	70	0	G
2	54	0	46	0	R
3	4	85	9	2	C
4	70	4	9	17	A
5	51	4	4	41	W
6	7	0	93	0	G
7	20	33	11	36	N
8	4	61	20	15	C
9	11	48	11	30	N
XX
DE	T01930
0	16	20	36	28	N
1	19	25	29	27	N
2	25	33	21	21	N
3	23	23	27	27	N
4	11	12	46	31	N
5	4	3	90	3	G
6	5	1	90	4	G
7	61	0	36	3	A
8	83	4	12	1	A
9	94	3	3	0	A
10	21	15	29	35	N
11	5	20	3	72	T
12	4	91	0	5	C
13	1	96	0	3	C
14	13	78	1	8	C
15	23	28	25	24	N
XX
DE	T01927
0	16	20	36	28	N
1	19	25	29	27	N
2	25	33	21	21	N
3	23	23	27	27	N
4	11	12	46	31	N
5	4	3	90	3	G
6	5	1	90	4	G
7	61	0	36	3	A
8	83	4	12	1	A
9	94	3	3	0	A
10	21	15	29	35	N
11	5	20	3	72	T
12	4	91	0	5	C
13	1	96	0	3	C
14	13	78	1	8	C
15	23	28	25	24	N
XX
DE	T01929
0	16	20	36	28	N
1	19	25	29	27	N
2	25	33	21	21	N
3	23	23	27	27	N
4	11	12	46	31	N
5	4	3	90	3	G
6	5	1	90	4	G
7	61	0	36	3	A
8	83	4	12	1	A
9	94	3	3	0	A
10	21	15	29	35	N
11	5	20	3	72	T
12	4	91	0	5	C
13	1	96	0	3	C
14	13	78	1	8	C
15	23	28	25	24	N
XX
DE	T01924
0	16	20	36	28	N
1	19	25	29	27	N
2	25	33	21	21	N
3	23	23	27	27	N
4	11	12	46	31	N
5	4	3	90	3	G
6	5	1	90	4	G
7	61	0	36	3	A
8	83	4	12	1	A
9	94	3	3	0	A
10	21	15	29	35	N
11	5	20	3	72	T
12	4	91	0	5	C
13	1	96	0	3	C
14	13	78	1	8	C
15	23	28	25	24	N
XX
DE	T05215
0	25	27	25	23	N
1	29	41	10	20	N
2	7	24	22	47	N
3	10	29	22	39	N
4	44	12	39	5	R
5	46	2	52	0	R
6	0	100	0	0	C
7	2	96	2	0	C
8	100	0	0	0	A
9	90	5	0	5	A
10	0	2	5	93	T
11	10	54	34	2	S
12	54	7	34	5	R
XX
DE	T05216
0	25	27	25	23	N
1	29	41	10	20	N
2	7	24	22	47	N
3	10	29	22	39	N
4	44	12	39	5	R
5	46	2	52	0	R
6	0	100	0	0	C
7	2	96	2	0	C
8	100	0	0	0	A
9	90	5	0	5	A
10	0	2	5	93	T
11	10	54	34	2	S
12	54	7	34	5	R
XX
DE	T04429
0	4	0	96	0	G
1	4	5	7	84	T
2	4	96	0	0	C
3	0	4	4	92	T
4	25	0	75	0	g
XX
DE	T08914
0	4	0	96	0	G
1	4	5	7	84	T
2	4	96	0	0	C
3	0	4	4	92	T
4	25	0	75	0	g
XX
DE	T09175
0	4	0	96	0	G
1	4	5	7	84	T
2	4	96	0	0	C
3	0	4	4	92	T
4	25	0	75	0	g
XX
DE	T03886
0	4	0	96	0	G
1	4	5	7	84	T
2	4	96	0	0	C
3	0	4	4	92	T
4	25	0	75	0	g
XX
DE	T04095
0	4	0	96	0	G
1	4	5	7	84	T
2	4	96	0	0	C
3	0	4	4	92	T
4	25	0	75	0	g
XX
DE	T00930
0	59	7	2	32	w
1	31	1	1	67	T
2	1	97	0	2	C
3	100	0	0	0	A
4	99	1	0	0	A
5	88	0	6	6	A
6	0	10	90	0	G
XX
DE	T02905
0	59	7	2	32	w
1	31	1	1	67	T
2	1	97	0	2	C
3	100	0	0	0	A
4	99	1	0	0	A
5	88	0	6	6	A
6	0	10	90	0	G
XX
DE	T02963
0	59	7	2	32	w
1	31	1	1	67	T
2	1	97	0	2	C
3	100	0	0	0	A
4	99	1	0	0	A
5	88	0	6	6	A
6	0	10	90	0	G
XX
DE	T01389
0	0	50	39	11	s
1	67	0	0	33	a
2	31	0	0	69	T
3	0	97	0	3	C
4	100	0	0	0	A
5	100	0	0	0	A
6	86	0	7	7	A
7	0	11	89	0	G
XX
DE	T01109
0	0	50	39	11	s
1	67	0	0	33	a
2	31	0	0	69	T
3	0	97	0	3	C
4	100	0	0	0	A
5	100	0	0	0	A
6	86	0	7	7	A
7	0	11	89	0	G
XX
DE	T01111
0	23	0	0	77	T
1	0	100	0	0	C
2	100	0	0	0	A
3	100	0	0	0	A
4	84	0	8	8	A
5	0	15	85	0	G
XX
DE	T00176
0	27	24	11	38	N
1	18	15	15	52	N
2	22	14	53	11	N
3	22	8	59	11	R
4	32	30	19	19	N
5	20	27	18	35	N
6	30	25	20	25	N
7	27	32	25	16	N
8	19	25	25	31	N
9	29	13	16	42	N
10	1	5	88	6	G
11	1	93	3	3	C
12	5	94	1	0	C
13	92	3	1	4	A
14	82	0	10	8	A
15	24	18	34	24	N
16	39	23	23	15	N
XX
DE	T00177
0	27	24	11	38	N
1	18	15	15	52	N
2	22	14	53	11	N
3	22	8	59	11	R
4	32	30	19	19	N
5	20	27	18	35	N
6	30	25	20	25	N
7	27	32	25	16	N
8	19	25	25	31	N
9	29	13	16	42	N
10	1	5	88	6	G
11	1	93	3	3	C
12	5	94	1	0	C
13	92	3	1	4	A
14	82	0	10	8	A
15	24	18	34	24	N
16	39	23	23	15	N
XX
DE	T01769
0	31	0	46	23	N
1	0	15	77	8	G
2	0	69	0	31	C
3	0	8	0	92	T
4	77	8	0	15	A
5	0	0	0	100	T
6	38	0	0	62	T
7	8	0	0	92	T
8	15	0	0	85	T
9	31	0	0	69	T
10	85	0	15	0	A
11	39	8	38	15	N
XX
DE	T01770
0	31	0	46	23	N
1	0	15	77	8	G
2	0	69	0	31	C
3	0	8	0	92	T
4	77	8	0	15	A
5	0	0	0	100	T
6	38	0	0	62	T
7	8	0	0	92	T
8	15	0	0	85	T
9	31	0	0	69	T
10	85	0	15	0	A
11	39	8	38	15	N
XX
DE	T09190
0	16	13	9	62	T
1	13	6	3	78	T
2	50	6	13	31	W
3	0	100	0	0	C
4	3	47	0	50	Y
5	53	13	3	31	W
6	31	9	6	54	W
7	53	0	3	44	W
8	41	0	0	59	W
9	60	3	6	31	W
10	25	3	13	59	W
11	59	0	38	3	R
12	0	0	97	3	G
13	28	16	13	43	N
14	81	3	3	13	A
15	59	9	13	19	N
XX
DE	T03890
0	20	20	5	55	N
1	40	5	30	25	N
2	10	15	50	25	N
3	15	35	30	20	N
4	0	75	0	25	C
5	100	0	0	0	A
6	0	0	100	0	G
7	85	5	10	0	A
8	0	100	0	0	C
9	55	10	5	30	W
10	10	30	40	20	N
XX
DE	T03889
0	20	20	5	55	N
1	40	5	30	25	N
2	10	15	50	25	N
3	15	35	30	20	N
4	0	75	0	25	C
5	100	0	0	0	A
6	0	0	100	0	G
7	85	5	10	0	A
8	0	100	0	0	C
9	55	10	5	30	W
10	10	30	40	20	N
XX
DE	T03888
0	20	20	5	55	N
1	40	5	30	25	N
2	10	15	50	25	N
3	15	35	30	20	N
4	0	75	0	25	C
5	100	0	0	0	A
6	0	0	100	0	G
7	85	5	10	0	A
8	0	100	0	0	C
9	55	10	5	30	W
10	10	30	40	20	N
XX
DE	T03892
0	20	20	5	55	N
1	40	5	30	25	N
2	10	15	50	25	N
3	15	35	30	20	N
4	0	75	0	25	C
5	100	0	0	0	A
6	0	0	100	0	G
7	85	5	10	0	A
8	0	100	0	0	C
9	55	10	5	30	W
10	10	30	40	20	N
XX
DE	T04150
0	20	20	5	55	N
1	40	5	30	25	N
2	10	15	50	25	N
3	15	35	30	20	N
4	0	75	0	25	C
5	100	0	0	0	A
6	0	0	100	0	G
7	85	5	10	0	A
8	0	100	0	0	C
9	55	10	5	30	W
10	10	30	40	20	N
XX
DE	T04433
0	20	20	5	55	N
1	40	5	30	25	N
2	10	15	50	25	N
3	15	35	30	20	N
4	0	75	0	25	C
5	100	0	0	0	A
6	0	0	100	0	G
7	85	5	10	0	A
8	0	100	0	0	C
9	55	10	5	30	W
10	10	30	40	20	N
XX
DE	T04247
0	20	20	5	55	N
1	40	5	30	25	N
2	10	15	50	25	N
3	15	35	30	20	N
4	0	75	0	25	C
5	100	0	0	0	A
6	0	0	100	0	G
7	85	5	10	0	A
8	0	100	0	0	C
9	55	10	5	30	W
10	10	30	40	20	N
XX
DE	T04442
0	20	20	5	55	N
1	40	5	30	25	N
2	10	15	50	25	N
3	15	35	30	20	N
4	0	75	0	25	C
5	100	0	0	0	A
6	0	0	100	0	G
7	85	5	10	0	A
8	0	100	0	0	C
9	55	10	5	30	W
10	10	30	40	20	N
XX
DE	T04153
0	20	20	5	55	N
1	40	5	30	25	N
2	10	15	50	25	N
3	15	35	30	20	N
4	0	75	0	25	C
5	100	0	0	0	A
6	0	0	100	0	G
7	85	5	10	0	A
8	0	100	0	0	C
9	55	10	5	30	W
10	10	30	40	20	N
XX
DE	T04154
0	20	20	5	55	N
1	40	5	30	25	N
2	10	15	50	25	N
3	15	35	30	20	N
4	0	75	0	25	C
5	100	0	0	0	A
6	0	0	100	0	G
7	85	5	10	0	A
8	0	100	0	0	C
9	55	10	5	30	W
10	10	30	40	20	N
XX
DE	T04554
0	20	20	5	55	N
1	40	5	30	25	N
2	10	15	50	25	N
3	15	35	30	20	N
4	0	75	0	25	C
5	100	0	0	0	A
6	0	0	100	0	G
7	85	5	10	0	A
8	0	100	0	0	C
9	55	10	5	30	W
10	10	30	40	20	N
XX
DE	T04559
0	20	20	5	55	N
1	40	5	30	25	N
2	10	15	50	25	N
3	15	35	30	20	N
4	0	75	0	25	C
5	100	0	0	0	A
6	0	0	100	0	G
7	85	5	10	0	A
8	0	100	0	0	C
9	55	10	5	30	W
10	10	30	40	20	N
XX
DE	T04560
0	20	20	5	55	N
1	40	5	30	25	N
2	10	15	50	25	N
3	15	35	30	20	N
4	0	75	0	25	C
5	100	0	0	0	A
6	0	0	100	0	G
7	85	5	10	0	A
8	0	100	0	0	C
9	55	10	5	30	W
10	10	30	40	20	N
XX
DE	T04558
0	20	20	5	55	N
1	40	5	30	25	N
2	10	15	50	25	N
3	15	35	30	20	N
4	0	75	0	25	C
5	100	0	0	0	A
6	0	0	100	0	G
7	85	5	10	0	A
8	0	100	0	0	C
9	55	10	5	30	W
10	10	30	40	20	N
XX
DE	T04557
0	20	20	5	55	N
1	40	5	30	25	N
2	10	15	50	25	N
3	15	35	30	20	N
4	0	75	0	25	C
5	100	0	0	0	A
6	0	0	100	0	G
7	85	5	10	0	A
8	0	100	0	0	C
9	55	10	5	30	W
10	10	30	40	20	N
XX
DE	T04152
0	20	20	5	55	N
1	40	5	30	25	N
2	10	15	50	25	N
3	15	35	30	20	N
4	0	75	0	25	C
5	100	0	0	0	A
6	0	0	100	0	G
7	85	5	10	0	A
8	0	100	0	0	C
9	55	10	5	30	W
10	10	30	40	20	N
XX
DE	T04222
0	20	20	5	55	N
1	40	5	30	25	N
2	10	15	50	25	N
3	15	35	30	20	N
4	0	75	0	25	C
5	100	0	0	0	A
6	0	0	100	0	G
7	85	5	10	0	A
8	0	100	0	0	C
9	55	10	5	30	W
10	10	30	40	20	N
XX
DE	T04235
0	20	20	5	55	N
1	40	5	30	25	N
2	10	15	50	25	N
3	15	35	30	20	N
4	0	75	0	25	C
5	100	0	0	0	A
6	0	0	100	0	G
7	85	5	10	0	A
8	0	100	0	0	C
9	55	10	5	30	W
10	10	30	40	20	N
XX
DE	T04245
0	20	20	5	55	N
1	40	5	30	25	N
2	10	15	50	25	N
3	15	35	30	20	N
4	0	75	0	25	C
5	100	0	0	0	A
6	0	0	100	0	G
7	85	5	10	0	A
8	0	100	0	0	C
9	55	10	5	30	W
10	10	30	40	20	N
XX
DE	T04159
0	20	20	5	55	N
1	40	5	30	25	N
2	10	15	50	25	N
3	15	35	30	20	N
4	0	75	0	25	C
5	100	0	0	0	A
6	0	0	100	0	G
7	85	5	10	0	A
8	0	100	0	0	C
9	55	10	5	30	W
10	10	30	40	20	N
XX
DE	T04246
0	20	20	5	55	N
1	40	5	30	25	N
2	10	15	50	25	N
3	15	35	30	20	N
4	0	75	0	25	C
5	100	0	0	0	A
6	0	0	100	0	G
7	85	5	10	0	A
8	0	100	0	0	C
9	55	10	5	30	W
10	10	30	40	20	N
XX
DE	T04244
0	20	20	5	55	N
1	40	5	30	25	N
2	10	15	50	25	N
3	15	35	30	20	N
4	0	75	0	25	C
5	100	0	0	0	A
6	0	0	100	0	G
7	85	5	10	0	A
8	0	100	0	0	C
9	55	10	5	30	W
10	10	30	40	20	N
XX
DE	T04215
0	20	20	5	55	N
1	40	5	30	25	N
2	10	15	50	25	N
3	15	35	30	20	N
4	0	75	0	25	C
5	100	0	0	0	A
6	0	0	100	0	G
7	85	5	10	0	A
8	0	100	0	0	C
9	55	10	5	30	W
10	10	30	40	20	N
XX
DE	T04238
0	20	20	5	55	N
1	40	5	30	25	N
2	10	15	50	25	N
3	15	35	30	20	N
4	0	75	0	25	C
5	100	0	0	0	A
6	0	0	100	0	G
7	85	5	10	0	A
8	0	100	0	0	C
9	55	10	5	30	W
10	10	30	40	20	N
XX
DE	T04250
0	20	20	5	55	N
1	40	5	30	25	N
2	10	15	50	25	N
3	15	35	30	20	N
4	0	75	0	25	C
5	100	0	0	0	A
6	0	0	100	0	G
7	85	5	10	0	A
8	0	100	0	0	C
9	55	10	5	30	W
10	10	30	40	20	N
XX
DE	T04464
0	20	20	5	55	N
1	40	5	30	25	N
2	10	15	50	25	N
3	15	35	30	20	N
4	0	75	0	25	C
5	100	0	0	0	A
6	0	0	100	0	G
7	85	5	10	0	A
8	0	100	0	0	C
9	55	10	5	30	W
10	10	30	40	20	N
XX
DE	T03730
0	0	92	8	0	C
1	5	5	0	90	T
2	0	0	2	98	T
3	0	0	0	100	T
4	3	0	95	2	G
5	61	2	2	35	A
6	32	2	7	59	W
XX
DE	T02953
0	0	92	8	0	C
1	5	5	0	90	T
2	0	0	2	98	T
3	0	0	0	100	T
4	3	0	95	2	G
5	61	2	2	35	A
6	32	2	7	59	W
XX
DE	T03553
0	0	92	8	0	C
1	5	5	0	90	T
2	0	0	2	98	T
3	0	0	0	100	T
4	3	0	95	2	G
5	61	2	2	35	A
6	32	2	7	59	W
XX
DE	T00999
0	28	49	17	6	N
1	0	94	6	0	C
2	6	6	0	88	T
3	0	0	0	100	T
4	0	0	0	100	T
5	6	0	94	0	G
6	61	0	0	39	A
7	33	0	0	67	T
8	11	39	50	0	S
9	17	28	11	44	N
10	11	33	11	45	N
XX
DE	T01000
0	28	49	17	6	N
1	0	94	6	0	C
2	6	6	0	88	T
3	0	0	0	100	T
4	0	0	0	100	T
5	6	0	94	0	G
6	61	0	0	39	A
7	33	0	0	67	T
8	11	39	50	0	S
9	17	28	11	44	N
10	11	33	11	45	N
XX
DE	T02945
0	28	49	17	6	N
1	0	94	6	0	C
2	6	6	0	88	T
3	0	0	0	100	T
4	0	0	0	100	T
5	6	0	94	0	G
6	61	0	0	39	A
7	33	0	0	67	T
8	11	39	50	0	S
9	17	28	11	44	N
10	11	33	11	45	N
XX
DE	T01001
0	28	49	17	6	N
1	0	94	6	0	C
2	6	6	0	88	T
3	0	0	0	100	T
4	0	0	0	100	T
5	6	0	94	0	G
6	61	0	0	39	A
7	33	0	0	67	T
8	11	39	50	0	S
9	17	28	11	44	N
10	11	33	11	45	N
XX
DE	T01979
0	28	49	17	6	N
1	0	94	6	0	C
2	6	6	0	88	T
3	0	0	0	100	T
4	0	0	0	100	T
5	6	0	94	0	G
6	61	0	0	39	A
7	33	0	0	67	T
8	11	39	50	0	S
9	17	28	11	44	N
10	11	33	11	45	N
XX
DE	T01981
0	28	49	17	6	N
1	0	94	6	0	C
2	6	6	0	88	T
3	0	0	0	100	T
4	0	0	0	100	T
5	6	0	94	0	G
6	61	0	0	39	A
7	33	0	0	67	T
8	11	39	50	0	S
9	17	28	11	44	N
10	11	33	11	45	N
XX
DE	T01982
0	28	49	17	6	N
1	0	94	6	0	C
2	6	6	0	88	T
3	0	0	0	100	T
4	0	0	0	100	T
5	6	0	94	0	G
6	61	0	0	39	A
7	33	0	0	67	T
8	11	39	50	0	S
9	17	28	11	44	N
10	11	33	11	45	N
XX
DE	T03690
0	13	54	20	13	N
1	41	28	11	20	N
2	7	11	35	47	K
3	17	33	30	20	N
4	7	17	28	48	N
5	0	96	0	4	C
6	0	96	0	4	C
7	22	9	0	69	T
8	6	0	0	94	T
9	65	4	7	24	A
10	0	2	2	96	T
11	57	2	2	39	W
12	9	4	4	83	T
13	15	0	85	0	G
14	2	0	98	0	G
15	15	35	22	28	N
16	24	39	17	20	N
17	39	17	20	24	N
18	9	17	33	41	N
XX
DE	T09507
0	17	66	0	17	C
1	0	0	17	83	T
2	0	100	0	0	C
3	17	0	0	83	T
4	0	0	0	100	T
5	0	0	0	100	T
6	0	0	100	0	G
7	17	0	0	83	T
8	0	0	17	83	T
9	66	17	0	17	A
10	17	33	17	33	N
11	17	17	66	0	G
12	49	17	17	17	N
XX
DE	T08341
0	0	66	17	17	c
1	33	17	33	17	n
2	17	0	17	66	t
3	45	25	17	13	N
4	78	9	4	9	A
5	0	100	0	0	C
6	100	0	0	0	A
7	92	0	4	4	A
8	67	4	0	29	A
9	4	0	83	13	G
10	83	17	0	0	a
11	17	0	66	17	g
XX
DE	T02894
0	17	66	0	17	C
1	0	0	17	83	T
2	0	100	0	0	C
3	17	0	0	83	T
4	0	0	0	100	T
5	0	0	0	100	T
6	0	0	100	0	G
7	17	0	0	83	T
8	0	0	17	83	T
9	66	17	0	17	A
10	17	33	17	33	N
11	17	17	66	0	G
12	49	17	17	17	N
XX
DE	T02895
0	17	66	0	17	C
1	0	0	17	83	T
2	0	100	0	0	C
3	17	0	0	83	T
4	0	0	0	100	T
5	0	0	0	100	T
6	0	0	100	0	G
7	17	0	0	83	T
8	0	0	17	83	T
9	66	17	0	17	A
10	17	33	17	33	N
11	17	17	66	0	G
12	49	17	17	17	N
XX
DE	T02420
0	17	66	0	17	C
1	0	0	17	83	T
2	0	100	0	0	C
3	17	0	0	83	T
4	0	0	0	100	T
5	0	0	0	100	T
6	0	0	100	0	G
7	17	0	0	83	T
8	0	0	17	83	T
9	66	17	0	17	A
10	17	33	17	33	N
11	17	17	66	0	G
12	49	17	17	17	N
XX
DE	T04919
0	17	66	0	17	C
1	0	0	17	83	T
2	0	100	0	0	C
3	17	0	0	83	T
4	0	0	0	100	T
5	0	0	0	100	T
6	0	0	100	0	G
7	17	0	0	83	T
8	0	0	17	83	T
9	66	17	0	17	A
10	17	33	17	33	N
11	17	17	66	0	G
12	49	17	17	17	N
XX
DE	T02896
0	17	66	0	17	C
1	0	0	17	83	T
2	0	100	0	0	C
3	17	0	0	83	T
4	0	0	0	100	T
5	0	0	0	100	T
6	0	0	100	0	G
7	17	0	0	83	T
8	0	0	17	83	T
9	66	17	0	17	A
10	17	33	17	33	N
11	17	17	66	0	G
12	49	17	17	17	N
XX
DE	T10550
0	17	66	0	17	C
1	0	0	17	83	T
2	0	100	0	0	C
3	17	0	0	83	T
4	0	0	0	100	T
5	0	0	0	100	T
6	0	0	100	0	G
7	17	0	0	83	T
8	0	0	17	83	T
9	66	17	0	17	A
10	17	33	17	33	N
11	17	17	66	0	G
12	49	17	17	17	N
XX
DE	T01837
0	17	66	0	17	C
1	0	0	17	83	T
2	0	100	0	0	C
3	17	0	0	83	T
4	0	0	0	100	T
5	0	0	0	100	T
6	0	0	100	0	G
7	17	0	0	83	T
8	0	0	17	83	T
9	66	17	0	17	A
10	17	33	17	33	N
11	17	17	66	0	G
12	49	17	17	17	N
XX
DE	T04855
0	17	66	0	17	C
1	0	0	17	83	T
2	0	100	0	0	C
3	17	0	0	83	T
4	0	0	0	100	T
5	0	0	0	100	T
6	0	0	100	0	G
7	17	0	0	83	T
8	0	0	17	83	T
9	66	17	0	17	A
10	17	33	17	33	N
11	17	17	66	0	G
12	49	17	17	17	N
XX
DE	T04921
0	17	66	0	17	C
1	0	0	17	83	T
2	0	100	0	0	C
3	17	0	0	83	T
4	0	0	0	100	T
5	0	0	0	100	T
6	0	0	100	0	G
7	17	0	0	83	T
8	0	0	17	83	T
9	66	17	0	17	A
10	17	33	17	33	N
11	17	17	66	0	G
12	49	17	17	17	N
XX
DE	T04916
0	17	66	0	17	C
1	0	0	17	83	T
2	0	100	0	0	C
3	17	0	0	83	T
4	0	0	0	100	T
5	0	0	0	100	T
6	0	0	100	0	G
7	17	0	0	83	T
8	0	0	17	83	T
9	66	17	0	17	A
10	17	33	17	33	N
11	17	17	66	0	G
12	49	17	17	17	N
XX
DE	T01276
0	17	66	0	17	C
1	0	0	17	83	T
2	0	100	0	0	C
3	17	0	0	83	T
4	0	0	0	100	T
5	0	0	0	100	T
6	0	0	100	0	G
7	17	0	0	83	T
8	0	0	17	83	T
9	66	17	0	17	A
10	17	33	17	33	N
11	17	17	66	0	G
12	49	17	17	17	N
XX
DE	T01838
0	17	66	0	17	C
1	0	0	17	83	T
2	0	100	0	0	C
3	17	0	0	83	T
4	0	0	0	100	T
5	0	0	0	100	T
6	0	0	100	0	G
7	17	0	0	83	T
8	0	0	17	83	T
9	66	17	0	17	A
10	17	33	17	33	N
11	17	17	66	0	G
12	49	17	17	17	N
XX
DE	T02897
0	17	66	0	17	C
1	0	0	17	83	T
2	0	100	0	0	C
3	17	0	0	83	T
4	0	0	0	100	T
5	0	0	0	100	T
6	0	0	100	0	G
7	17	0	0	83	T
8	0	0	17	83	T
9	66	17	0	17	A
10	17	33	17	33	N
11	17	17	66	0	G
12	49	17	17	17	N
XX
DE	T08440
0	17	66	0	17	C
1	0	0	17	83	T
2	0	100	0	0	C
3	17	0	0	83	T
4	0	0	0	100	T
5	0	0	0	100	T
6	0	0	100	0	G
7	17	0	0	83	T
8	0	0	17	83	T
9	66	17	0	17	A
10	17	33	17	33	N
11	17	17	66	0	G
12	49	17	17	17	N
XX
DE	T09454
0	17	66	0	17	C
1	0	0	17	83	T
2	0	100	0	0	C
3	17	0	0	83	T
4	0	0	0	100	T
5	0	0	0	100	T
6	0	0	100	0	G
7	17	0	0	83	T
8	0	0	17	83	T
9	66	17	0	17	A
10	17	33	17	33	N
11	17	17	66	0	G
12	49	17	17	17	N
XX
DE	T01986
0	17	66	0	17	C
1	0	0	17	83	T
2	0	100	0	0	C
3	17	0	0	83	T
4	0	0	0	100	T
5	0	0	0	100	T
6	0	0	100	0	G
7	17	0	0	83	T
8	0	0	17	83	T
9	66	17	0	17	A
10	17	33	17	33	N
11	17	17	66	0	G
12	49	17	17	17	N
XX
DE	T02903
0	17	66	0	17	C
1	0	0	17	83	T
2	0	100	0	0	C
3	17	0	0	83	T
4	0	0	0	100	T
5	0	0	0	100	T
6	0	0	100	0	G
7	17	0	0	83	T
8	0	0	17	83	T
9	66	17	0	17	A
10	17	33	17	33	N
11	17	17	66	0	G
12	49	17	17	17	N
XX
DE	T01987
0	17	66	0	17	C
1	0	0	17	83	T
2	0	100	0	0	C
3	17	0	0	83	T
4	0	0	0	100	T
5	0	0	0	100	T
6	0	0	100	0	G
7	17	0	0	83	T
8	0	0	17	83	T
9	66	17	0	17	A
10	17	33	17	33	N
11	17	17	66	0	G
12	49	17	17	17	N
XX
DE	T06029
0	10	58	3	29	y
1	98	0	0	2	A
2	0	2	0	98	T
3	0	0	0	100	T
4	0	0	100	0	G
5	0	0	3	97	T
XX
DE	T03022
0	9	8	9	74	T
1	4	5	10	81	T
2	46	5	5	44	W
3	4	92	0	4	C
4	2	88	0	10	C
5	26	30	17	27	N
6	36	17	24	23	N
7	53	2	3	42	W
8	37	1	1	61	T
9	39	7	5	49	W
10	40	7	6	47	W
11	0	1	98	1	G
12	0	0	100	0	G
13	31	31	6	32	N
14	86	8	1	5	A
15	73	9	6	12	A
XX
DE	T03024
0	10	8	9	73	T
1	30	1	4	65	T
2	36	5	12	47	W
3	0	100	0	0	C
4	0	50	0	50	Y
5	81	5	8	6	A
6	34	5	5	56	W
7	49	0	0	51	W
8	35	0	0	65	T
9	51	5	2	42	W
10	8	2	6	84	T
11	6	0	94	0	G
12	0	0	100	0	G
13	30	20	17	33	N
14	56	6	4	34	W
XX
DE	T04378
0	12	10	67	11	G
1	5	41	38	16	N
2	0	79	2	19	C
3	2	0	96	2	G
4	12	23	22	43	N
5	0	86	8	6	C
6	8	8	63	21	G
7	13	65	6	16	c
XX
DE	T08334
0	25	67	0	8	C
1	42	0	8	50	W
2	8	8	0	84	T
3	0	0	0	100	T
4	0	0	100	0	G
5	0	8	17	75	T
6	25	34	33	8	N
XX
DE	T08441
0	25	67	0	8	C
1	42	0	8	50	W
2	8	8	0	84	T
3	0	0	0	100	T
4	0	0	100	0	G
5	0	8	17	75	T
6	25	34	33	8	N
XX
DE	T01773
0	55	15	15	15	N
1	31	23	0	46	N
2	15	8	8	69	T
3	15	8	0	77	T
4	31	8	15	46	N
5	0	100	0	0	C
6	8	92	0	0	C
7	54	0	0	46	W
8	23	0	0	77	T
9	23	0	0	77	T
10	0	0	0	100	T
11	15	0	0	85	T
12	31	0	8	61	T
13	15	0	85	0	G
14	15	8	54	23	N
15	38	15	0	47	W
16	84	0	8	8	A
XX
DE	T00043
0	0	100	0	0	C
1	0	100	0	0	C
2	0	0	0	100	T
3	0	100	0	0	C
4	0	0	0	100	T
5	100	0	0	0	A
6	100	0	0	0	A
7	100	0	0	0	A
8	0	0	100	0	G
9	0	0	100	0	G
XX
DE	T01783
0	1	0	42	57	k
1	0	100	0	0	C
2	0	0	0	100	T
3	100	0	0	0	A
4	41	0	0	59	W
5	48	0	0	52	W
6	49	0	0	51	W
7	54	0	0	46	W
8	0	0	0	100	T
9	100	0	0	0	A
10	0	0	100	0	g
XX
DE	T03601
0	4	0	0	96	t
1	24	0	48	28	n
2	0	96	0	4	C
3	0	0	0	100	T
4	100	0	0	0	A
5	40	0	0	60	W
6	51	0	0	49	W
7	52	0	0	48	W
8	65	0	0	35	A
9	0	0	0	100	T
10	100	0	0	0	A
11	2	0	98	0	G
12	19	18	0	63	T
13	100	0	0	0	A
14	15	0	85	0	G
15	0	32	0	68	T
XX
